Freq_GHz	r_meas	x_meas	r_model	x_model	R_meas_ohm	X_meas_ohm	R_model_ohm	X_model_ohm
0.01	1.15027	-0.00419409	1.2	-0.000684857	57.5135	-0.209704	60	-0.0342428
0.20995	1.14294	-0.0131277	1.19969	-0.0143736	57.1468	-0.656387	59.9846	-0.71868
0.4099	1.14105	-0.0271134	1.19883	-0.0280353	57.0525	-1.35567	59.9413	-1.40177
0.60985	1.14015	-0.0404511	1.19741	-0.0416445	57.0075	-2.02256	59.8703	-2.08222
0.8098	1.1389	-0.0538708	1.19543	-0.0551756	56.9452	-2.69354	59.7717	-2.75878
1.00975	1.1362	-0.0657958	1.19292	-0.0686038	56.8098	-3.28979	59.6458	-3.43019
1.2097	1.1333	-0.079531	1.18986	-0.0819045	56.665	-3.97655	59.493	-4.09523
1.40965	1.1305	-0.0913055	1.18627	-0.0950539	56.525	-4.56527	59.3136	-4.75269
1.6096	1.12644	-0.10457	1.18216	-0.108029	56.3222	-5.22851	59.1082	-5.40143
1.80955	1.12216	-0.117489	1.17755	-0.120806	56.108	-5.87447	58.8774	-6.0403
2.0095	1.11749	-0.129723	1.17243	-0.133365	55.8747	-6.48615	58.6216	-6.66824
2.20945	1.11311	-0.141487	1.16683	-0.145684	55.6553	-7.07434	58.3417	-7.28422
2.4094	1.10744	-0.152756	1.16077	-0.157745	55.3718	-7.63778	58.0384	-7.88724
2.60935	1.10198	-0.165598	1.15425	-0.169528	55.0991	-8.27991	57.7123	-8.47639
2.8093	1.0955	-0.176293	1.14729	-0.181016	54.7751	-8.81466	57.3645	-9.0508
3.00925	1.08954	-0.186873	1.13991	-0.192193	54.4772	-9.34366	56.9956	-9.60965
3.2092	1.08141	-0.197169	1.13213	-0.203044	54.0703	-9.85847	56.6066	-10.1522
3.40915	1.07535	-0.208155	1.12397	-0.213555	53.7675	-10.4078	56.1985	-10.6778
3.6091	1.06745	-0.219231	1.11544	-0.223715	53.3724	-10.9615	55.7722	-11.1857
3.80905	1.05871	-0.227999	1.10657	-0.23351	52.9354	-11.3999	55.3287	-11.6755
4.009	1.05083	-0.239048	1.09738	-0.242933	52.5414	-11.9524	54.8689	-12.1467
4.20895	1.04187	-0.247007	1.08788	-0.251974	52.0937	-12.3504	54.3938	-12.5987
4.4089	1.03344	-0.256845	1.07809	-0.260625	51.672	-12.8422	53.9045	-13.0313
4.60885	1.02367	-0.264725	1.06804	-0.268882	51.1836	-13.2362	53.4019	-13.4441
4.8088	1.01541	-0.274567	1.05774	-0.276738	50.7705	-13.7283	52.8871	-13.8369
5.00875	1.00591	-0.281609	1.04722	-0.28419	50.2954	-14.0805	52.361	-14.2095
5.2087	0.996381	-0.289113	1.03649	-0.291235	49.819	-14.4556	51.8246	-14.5618
5.40865	0.986174	-0.296966	1.02558	-0.297873	49.3087	-14.8483	51.2789	-14.8936
5.6086	0.976244	-0.303782	1.0145	-0.304101	48.8122	-15.1891	50.7248	-15.2051
5.80855	0.966624	-0.310778	1.00327	-0.309921	48.3312	-15.5389	50.1633	-15.4961
6.0085	0.954561	-0.315704	0.991905	-0.315335	47.728	-15.7852	49.5953	-15.7667
6.20845	0.945595	-0.322438	0.980431	-0.320344	47.2798	-16.1219	49.0216	-16.0172
6.4084	0.934214	-0.32741	0.968861	-0.324951	46.7107	-16.3705	48.443	-16.2476
6.60835	0.925297	-0.332603	0.957211	-0.329161	46.2649	-16.6302	47.8606	-16.458
6.8083	0.912233	-0.336759	0.945498	-0.332977	45.6116	-16.838	47.2749	-16.6489
7.00825	0.902511	-0.341565	0.933736	-0.336405	45.1255	-17.0782	46.6868	-16.8203
7.2082	0.891314	-0.346304	0.92194	-0.339452	44.5657	-17.3152	46.097	-16.9726
7.40815	0.879804	-0.349463	0.910124	-0.342122	43.9902	-17.4731	45.5062	-17.1061
7.6081	0.869109	-0.352143	0.898302	-0.344423	43.4555	-17.6072	44.9151	-17.2211
7.80805	0.856979	-0.355188	0.886487	-0.346362	42.849	-17.7594	44.3243	-17.3181
8.008	0.846986	-0.358653	0.874689	-0.347946	42.3493	-17.9326	43.7345	-17.3973
8.20795	0.835069	-0.36047	0.862921	-0.349184	41.7534	-18.0235	43.1461	-17.4592
8.4079	0.824735	-0.36212	0.851193	-0.350083	41.2368	-18.106	42.5597	-17.5041
8.60785	0.812366	-0.364652	0.839516	-0.350652	40.6183	-18.2326	41.9758	-17.5326
8.8078	0.801822	-0.365027	0.827898	-0.350899	40.0911	-18.2513	41.3949	-17.5449
9.00775	0.790496	-0.367167	0.816349	-0.350833	39.5248	-18.3584	40.8174	-17.5417
9.2077	0.780195	-0.366959	0.804876	-0.350463	39.0097	-18.348	40.2438	-17.5232
9.40765	0.768655	-0.367316	0.793488	-0.349798	38.4327	-18.3658	39.6744	-17.4899
9.6076	0.757906	-0.367817	0.782191	-0.348847	37.8953	-18.3908	39.1095	-17.4423
9.80755	0.747063	-0.366596	0.770991	-0.347618	37.3532	-18.3298	38.5496	-17.3809
10.0075	0.736461	-0.367868	0.759895	-0.34612	36.8231	-18.3934	37.9948	-17.306
10.2074	0.72604	-0.364254	0.748908	-0.344363	36.302	-18.2127	37.4454	-17.2182
10.4074	0.715028	-0.365419	0.738035	-0.342355	35.7514	-18.2709	36.9018	-17.1178
10.6074	0.70439	-0.362439	0.727281	-0.340105	35.2195	-18.122	36.364	-17.0052
10.8073	0.693846	-0.362742	0.716648	-0.337621	34.6923	-18.1371	35.8324	-16.8811
11.0073	0.684221	-0.360792	0.706142	-0.334912	34.2111	-18.0396	35.3071	-16.7456
11.2072	0.674118	-0.358113	0.695764	-0.331987	33.7059	-17.9057	34.7882	-16.5994
11.4071	0.663527	-0.355553	0.685518	-0.328853	33.1764	-17.7777	34.2759	-16.4427
11.6071	0.652111	-0.353028	0.675407	-0.325519	32.6055	-17.6514	33.7703	-16.276
11.8071	0.643947	-0.352149	0.665431	-0.321993	32.1973	-17.6074	33.2716	-16.0996
12.007	0.631466	-0.347265	0.655594	-0.318281	31.5733	-17.3633	32.7797	-15.9141
12.207	0.624512	-0.34631	0.645896	-0.314393	31.2256	-17.3155	32.2948	-15.7197
12.4069	0.612013	-0.341449	0.636338	-0.310335	30.6006	-17.0725	31.8169	-15.5167
12.6068	0.606514	-0.339503	0.626922	-0.306114	30.3257	-16.9751	31.3461	-15.3057
12.8068	0.594496	-0.33381	0.617648	-0.301738	29.7248	-16.6905	30.8824	-15.0869
13.0068	0.585901	-0.331689	0.608516	-0.297213	29.295	-16.5845	30.4258	-14.8606
13.2067	0.576825	-0.326088	0.599527	-0.292545	28.8412	-16.3044	29.9764	-14.6273
13.4067	0.568006	-0.32292	0.59068	-0.287742	28.4003	-16.146	29.534	-14.3871
13.6066	0.560634	-0.318289	0.581976	-0.282809	28.0317	-15.9144	29.0988	-14.1405
13.8065	0.550536	-0.313672	0.573413	-0.277753	27.5268	-15.6836	28.6707	-13.8877
14.0065	0.543935	-0.308651	0.564992	-0.272579	27.1967	-15.4326	28.2496	-13.6289
14.2065	0.533117	-0.30443	0.556711	-0.267293	26.6559	-15.2215	27.8356	-13.3646
14.4064	0.526982	-0.29984	0.548571	-0.2619	26.3491	-14.992	27.4285	-13.095
14.6064	0.517616	-0.29491	0.540569	-0.256405	25.8808	-14.7455	27.0284	-12.8202
14.8063	0.511148	-0.288545	0.532704	-0.250814	25.5574	-14.4273	26.6352	-12.5407
15.0062	0.501677	-0.283288	0.524977	-0.245131	25.0839	-14.1644	26.2488	-12.2566
15.2062	0.494187	-0.277601	0.517384	-0.239362	24.7094	-13.88	25.8692	-11.9681
15.4062	0.486818	-0.272704	0.509926	-0.23351	24.3409	-13.6352	25.4963	-11.6755
15.6061	0.479904	-0.26635	0.5026	-0.22758	23.9952	-13.3175	25.13	-11.379
15.8061	0.472599	-0.260555	0.495405	-0.221577	23.6299	-13.0277	24.7703	-11.0788
16.006	0.464922	-0.254892	0.48834	-0.215504	23.2461	-12.7446	24.417	-10.7752
16.206	0.458779	-0.248812	0.481403	-0.209364	22.9389	-12.4406	24.0701	-10.4682
16.4059	0.450372	-0.243022	0.474592	-0.203163	22.5186	-12.1511	23.7296	-10.1581
16.6059	0.44576	-0.236858	0.467905	-0.196903	22.288	-11.8429	23.3953	-9.84513
16.8058	0.438298	-0.230363	0.461342	-0.190587	21.9149	-11.5181	23.0671	-9.52937
17.0057	0.431636	-0.223426	0.4549	-0.18422	21.5818	-11.1713	22.745	-9.211
17.2057	0.425148	-0.217819	0.448577	-0.177804	21.2574	-10.891	22.4289	-8.8902
17.4057	0.418929	-0.212084	0.442372	-0.171342	20.9465	-10.6042	22.1186	-8.5671
17.6056	0.414287	-0.204547	0.436283	-0.164837	20.7143	-10.2274	21.8141	-8.24187
17.8056	0.407161	-0.197877	0.430308	-0.158292	20.358	-9.89386	21.5154	-7.91462
18.0055	0.402122	-0.191179	0.424445	-0.15171	20.1061	-9.55894	21.2222	-7.5855
18.2054	0.396211	-0.185204	0.418692	-0.145093	19.8106	-9.26018	20.9346	-7.25463
18.4054	0.39054	-0.177426	0.413048	-0.138443	19.527	-8.87131	20.6524	-6.92214
18.6054	0.38498	-0.171723	0.407511	-0.131763	19.249	-8.58614	20.3756	-6.58813
18.8053	0.378667	-0.164517	0.40208	-0.125054	18.9334	-8.22587	20.104	-6.25272
19.0053	0.375071	-0.157574	0.396751	-0.11832	18.7536	-7.87869	19.8375	-5.91602
19.2052	0.368721	-0.150696	0.391524	-0.111563	18.436	-7.53479	19.5762	-5.57813
19.4051	0.363544	-0.142866	0.386396	-0.104783	18.1772	-7.1433	19.3198	-5.23913
19.6051	0.358436	-0.13716	0.381367	-0.0979827	17.9218	-6.85802	19.0683	-4.89913
19.8051	0.353112	-0.128114	0.376434	-0.0911643	17.6556	-6.40572	18.8217	-4.55822
20.005	0.348965	-0.123534	0.371595	-0.0843293	17.4483	-6.17669	18.5798	-4.21646
20.205	0.344235	-0.113809	0.366849	-0.0774791	17.2118	-5.69043	18.3425	-3.87396
20.4049	0.339494	-0.107889	0.362194	-0.0706154	16.9747	-5.39446	18.1097	-3.53077
20.6048	0.335716	-0.100016	0.357629	-0.0637396	16.7858	-5.00081	17.8814	-3.18698
20.8048	0.330892	-0.0929441	0.353151	-0.056853	16.5446	-4.64721	17.6576	-2.84265
21.0048	0.328468	-0.0854812	0.34876	-0.049957	16.4234	-4.27406	17.438	-2.49785
21.2047	0.322383	-0.0764381	0.344453	-0.0430528	16.1191	-3.8219	17.2227	-2.15264
21.4047	0.319389	-0.070019	0.34023	-0.0361416	15.9695	-3.50095	17.0115	-1.80708
21.6046	0.313775	-0.0630328	0.336087	-0.0292246	15.6888	-3.15164	16.8044	-1.46123
21.8045	0.313772	-0.0545839	0.332025	-0.0223028	15.6886	-2.7292	16.6012	-1.11514
22.0045	0.306807	-0.0471757	0.328041	-0.0153772	15.3403	-2.35879	16.402	-0.76886
22.2045	0.305448	-0.0388825	0.324134	-0.00844884	15.2724	-1.94412	16.2067	-0.422442
22.4044	0.298764	-0.0333701	0.320302	-0.00151861	14.9382	-1.66851	16.0151	-0.0759305
22.6044	0.298205	-0.0234521	0.316544	0.00541262	14.9102	-1.17261	15.8272	0.270631
22.8043	0.293678	-0.0182981	0.31286	0.012344	14.6839	-0.914903	15.643	0.6172
23.0042	0.289614	-0.00868831	0.309246	0.0192748	14.4807	-0.434416	15.4623	0.963738
23.2042	0.286751	-0.00122916	0.305702	0.0262042	14.3376	-0.0614578	15.2851	1.31021
23.4042	0.283276	0.00514345	0.302227	0.0331315	14.1638	0.257172	15.1113	1.65657
23.6041	0.282356	0.0141373	0.298819	0.040056	14.1178	0.706866	14.9409	2.0028
23.8041	0.27768	0.02103	0.295477	0.0469772	13.884	1.0515	14.7738	2.34886
24.004	0.275397	0.030012	0.292199	0.0538944	13.7698	1.5006	14.61	2.69472
24.2039	0.272413	0.0367144	0.288985	0.0608071	13.6206	1.83572	14.4493	3.04036
24.4039	0.26953	0.0454708	0.285834	0.0677147	13.4765	2.27354	14.2917	3.38574
24.6039	0.267679	0.0533176	0.282743	0.0746167	13.384	2.66588	14.1371	3.73084
24.8038	0.263226	0.0605624	0.279712	0.0815127	13.1613	3.02812	13.9856	4.07563
25.0038	0.262391	0.0683776	0.27674	0.0884021	13.1195	3.41888	13.837	4.42011
25.2037	0.259932	0.0764691	0.273826	0.0952846	12.9966	3.82346	13.6913	4.76423
25.4036	0.257845	0.0861253	0.270968	0.10216	12.8922	4.30627	13.5484	5.10799
25.6036	0.255928	0.0922277	0.268165	0.109027	12.7964	4.61139	13.4083	5.45137
25.8036	0.252242	0.103163	0.265417	0.115887	12.6121	5.15814	13.2709	5.79434
26.0035	0.251	0.107719	0.262722	0.122738	12.55	5.38595	13.1361	6.13689
26.2035	0.248393	0.118866	0.26008	0.12958	12.4197	5.94331	13.004	6.47901
26.4034	0.247378	0.126115	0.257489	0.136414	12.3689	6.30573	12.8744	6.82069
26.6033	0.244148	0.134595	0.254948	0.143238	12.2074	6.72974	12.7474	7.16189
26.8033	0.243224	0.142693	0.252457	0.150053	12.1612	7.13463	12.6228	7.50263
27.0033	0.240845	0.148285	0.250014	0.156858	12.0422	7.41426	12.5007	7.84288
27.2032	0.240628	0.160228	0.247619	0.163653	12.0314	8.01141	12.381	8.18263
27.4032	0.238021	0.166277	0.245271	0.170438	11.901	8.31383	12.2635	8.52188
27.6031	0.236822	0.174642	0.242968	0.177212	11.8411	8.73212	12.1484	8.8606
27.803	0.237243	0.182208	0.24071	0.183976	11.8621	9.1104	12.0355	9.19881
28.003	0.233985	0.190104	0.238497	0.19073	11.6992	9.50518	11.9248	9.53648
28.203	0.233531	0.200135	0.236327	0.197472	11.6766	10.0067	11.8163	9.87361
28.4029	0.231308	0.205429	0.234199	0.204204	11.5654	10.2715	11.71	10.2102
28.6029	0.230255	0.217883	0.232113	0.210924	11.5127	10.8941	11.6057	10.5462
28.8028	0.231219	0.225544	0.230068	0.217634	11.561	11.2772	11.5034	10.8817
29.0027	0.227073	0.233942	0.228064	0.224332	11.3537	11.6971	11.4032	11.2166
29.2027	0.230838	0.24238	0.226098	0.231019	11.5419	12.119	11.3049	11.5509
29.4027	0.224699	0.249128	0.224172	0.237694	11.235	12.4564	11.2086	11.8847
29.6026	0.229916	0.259541	0.222284	0.244358	11.4958	12.977	11.1142	12.2179
29.8026	0.224771	0.267289	0.220433	0.25101	11.2386	13.3644	11.0216	12.5505
30.0025	0.225486	0.276521	0.218618	0.257651	11.2743	13.8261	10.9309	12.8826
30.2024	0.222046	0.28222	0.21684	0.26428	11.1023	14.111	10.842	13.214
30.4024	0.222263	0.288714	0.215097	0.270897	11.1131	14.4357	10.7549	13.5449
30.6024	0.224477	0.301897	0.21339	0.277503	11.2238	15.0948	10.6695	13.8751
30.8023	0.217243	0.305593	0.211716	0.284097	10.8622	15.2797	10.5858	14.2048
31.0023	0.219963	0.315281	0.210076	0.290679	10.9982	15.764	10.5038	14.5339
31.2022	0.219882	0.315227	0.208468	0.297249	10.9941	15.7614	10.4234	14.8624
31.4021	0.222147	0.334697	0.206893	0.303807	11.1074	16.7349	10.3447	15.1904
31.6021	0.221792	0.337153	0.20535	0.310354	11.0896	16.8576	10.2675	15.5177
31.8021	0.21607	0.351596	0.203839	0.316889	10.8035	17.5798	10.1919	15.8444
32.002	0.219527	0.348408	0.202358	0.323412	10.9764	17.4204	10.1179	16.1706
32.2019	0.220251	0.368652	0.200907	0.329923	11.0125	18.4326	10.0454	16.4961
32.4019	0.218491	0.374931	0.199486	0.336422	10.9245	18.7466	9.97431	16.8211
32.6018	0.218306	0.383045	0.198094	0.34291	10.9153	19.1522	9.90472	17.1455
32.8018	0.217391	0.392189	0.196731	0.349386	10.8695	19.6095	9.83657	17.4693
33.0018	0.222444	0.399095	0.195397	0.355851	11.1222	19.9547	9.76983	17.7925
33.2017	0.215239	0.412716	0.194089	0.362303	10.7619	20.6358	9.70447	18.1152
33.4016	0.220897	0.418475	0.19281	0.368744	11.0449	20.9237	9.64049	18.4372
33.6016	0.21262	0.426423	0.191557	0.375174	10.631	21.3211	9.57784	18.7587
33.8015	0.221985	0.437184	0.19033	0.381592	11.0993	21.8592	9.51651	19.0796
34.0015	0.211861	0.441103	0.18913	0.387998	10.593	22.0552	9.45648	19.3999
34.2015	0.215352	0.458459	0.187955	0.394393	10.7676	22.923	9.39773	19.7197
34.4014	0.208654	0.454919	0.186805	0.400777	10.4327	22.746	9.34024	20.0389
34.6013	0.215037	0.470016	0.18568	0.40715	10.7519	23.5008	9.28398	20.3575
34.8013	0.218321	0.47831	0.184579	0.413511	10.9161	23.9155	9.22894	20.6755
35.0012	0.211537	0.490788	0.183502	0.419861	10.5769	24.5394	9.17509	20.993
35.2012	0.214549	0.502099	0.182449	0.426199	10.7274	25.1049	9.12243	21.31
35.4012	0.203602	0.497033	0.181418	0.432527	10.1801	24.8517	9.07092	21.6263
35.6011	0.226264	0.512504	0.180411	0.438844	11.3132	25.6252	9.02056	21.9422
35.801	0.211703	0.522711	0.179426	0.445149	10.5852	26.1356	8.97131	22.2575
36.001	0.217607	0.543835	0.178464	0.451444	10.8804	27.1917	8.92318	22.5722
36.2009	0.215747	0.544771	0.177523	0.457728	10.7874	27.2385	8.87613	22.8864
36.4009	0.21665	0.560475	0.176603	0.464001	10.8325	28.0238	8.83015	23.2001
36.6009	0.225737	0.569744	0.175705	0.470264	11.2868	28.4872	8.78524	23.5132
36.8008	0.218985	0.582	0.174827	0.476516	10.9493	29.1	8.74136	23.8258
37.0007	0.22535	0.594329	0.17397	0.482757	11.2675	29.7165	8.6985	24.1379
37.2007	0.22248	0.598214	0.173133	0.488988	11.124	29.9107	8.65666	24.4494
37.4006	0.22453	0.611961	0.172316	0.495208	11.2265	30.598	8.61581	24.7604
37.6006	0.232089	0.618738	0.171519	0.501419	11.6045	30.9369	8.57594	25.0709
37.8006	0.219764	0.633322	0.170741	0.507619	10.9882	31.6661	8.53703	25.3809
38.0005	0.230668	0.639045	0.169981	0.513808	11.5334	31.9522	8.49907	25.6904
38.2004	0.220632	0.650714	0.169241	0.519988	11.0316	32.5357	8.46206	25.9994
38.4004	0.227679	0.657815	0.168519	0.526158	11.3839	32.8908	8.42596	26.3079
38.6003	0.227994	0.661487	0.167816	0.532317	11.3997	33.0744	8.39078	26.6159
38.8003	0.228396	0.686228	0.16713	0.538467	11.4198	34.3114	8.3565	26.9234
39.0003	0.232181	0.680169	0.166462	0.544607	11.609	34.0085	8.3231	27.2304
39.2002	0.233778	0.713308	0.165811	0.550738	11.6889	35.6654	8.29057	27.5369
39.4001	0.237287	0.707971	0.165178	0.556859	11.8643	35.3985	8.25891	27.8429
39.6001	0.241041	0.728511	0.164562	0.56297	12.0521	36.4255	8.22809	28.1485
39.8	0.240352	0.737753	0.163962	0.569072	12.0176	36.8876	8.19811	28.4536
40	0.246267	0.745039	0.163379	0.575164	12.3134	37.2519	8.16896	28.7582
