Freq_GHz	Model_dBm
0.1	-9.3352084
0.10998	-9.3352141
0.11995999	-9.3352203
0.12993999	-9.335227
0.13991998	-9.3352343
0.14989998	-9.3352421
0.15987997	-9.3352505
0.16985997	-9.3352594
0.17983996	-9.3352688
0.18981996	-9.3352788
0.19979996	-9.3352894
0.20977995	-9.3353004
0.21975995	-9.335312
0.22973994	-9.3353242
0.23971994	-9.3353368
0.24969993	-9.33535
0.25967993	-9.3353638
0.26965992	-9.3353781
0.27963992	-9.3353929
0.28961992	-9.3354083
0.29959991	-9.3354242
0.30957991	-9.3354407
0.3195599	-9.3354577
0.3295399	-9.3354752
0.33951989	-9.3354933
0.34949989	-9.3355119
0.35947988	-9.335531
0.36945988	-9.3355507
0.37943988	-9.3355709
0.38941987	-9.3355917
0.39939987	-9.335613
0.40937986	-9.3356348
0.41935986	-9.3356572
0.42933985	-9.3356801
0.43931985	-9.3357036
0.44929984	-9.3357276
0.45927984	-9.3357521
0.46925984	-9.3357772
0.47923983	-9.3358028
0.48921983	-9.335829
0.49919982	-9.3358557
0.50917982	-9.3358829
0.51915981	-9.3359107
0.52913981	-9.335939
0.5391198	-9.3359679
0.5490998	-9.3359973
0.5590798	-9.3360272
0.56905979	-9.3360577
0.57903979	-9.3360887
0.58901978	-9.3361203
0.59899978	-9.3361524
0.60897977	-9.336185
0.61895977	-9.3362182
0.62893976	-9.3362519
0.63891976	-9.3362861
0.64889976	-9.3363209
0.65887975	-9.3363563
0.66885975	-9.3363921
0.67883974	-9.3364285
0.68881974	-9.3364655
0.69879973	-9.336503
0.70877973	-9.336541
0.71875972	-9.3365796
0.72873972	-9.3366187
0.73871972	-9.3366583
0.74869971	-9.3366985
0.75867971	-9.3367393
0.7686597	-9.3367805
0.7786397	-9.3368223
0.78861969	-9.3368647
0.79859969	-9.3369076
0.80857968	-9.336951
0.81855968	-9.336995
0.82853968	-9.3370395
0.83851967	-9.3370845
0.84849967	-9.3371301
0.85847966	-9.3371763
0.86845966	-9.3372229
0.87843965	-9.3372702
0.88841965	-9.3373179
0.89839964	-9.3373662
0.90837964	-9.337415
0.91835964	-9.3374644
0.92833963	-9.3375143
0.93831963	-9.3375648
0.94829962	-9.3376158
0.95827962	-9.3376673
0.96825961	-9.3377194
0.97823961	-9.337772
0.9882196	-9.3378252
0.9981996	-9.3378789
1.0081796	-9.3379331
1.0181596	-9.3379879
1.0281396	-9.3380432
1.0381196	-9.3380991
1.0480996	-9.3381555
1.0580796	-9.3382124
1.0680596	-9.3382699
1.0780396	-9.3383279
1.0880196	-9.3383865
1.0979996	-9.3384456
1.1079796	-9.3385053
1.1179595	-9.3385655
1.1279395	-9.3386262
1.1379195	-9.3386875
1.1478995	-9.3387493
1.1578795	-9.3388116
1.1678595	-9.3388745
1.1778395	-9.338938
1.1878195	-9.339002
1.1977995	-9.3390665
1.2077795	-9.3391316
1.2177595	-9.3391972
1.2277395	-9.3392633
1.2377195	-9.33933
1.2476995	-9.3393972
1.2576795	-9.339465
1.2676595	-9.3395333
1.2776395	-9.3396022
1.2876195	-9.3396716
1.2975995	-9.3397415
1.3075795	-9.339812
1.3175595	-9.339883
1.3275395	-9.3399546
1.3375194	-9.3400267
1.3474994	-9.3400994
1.3574794	-9.3401726
1.3674594	-9.3402463
1.3774394	-9.3403206
1.3874194	-9.3403954
1.3973994	-9.3404708
1.4073794	-9.3405467
1.4173594	-9.3406231
1.4273394	-9.3407001
1.4373194	-9.3407776
1.4472994	-9.3408557
1.4572794	-9.3409343
1.4672594	-9.3410135
1.4772394	-9.3410932
1.4872194	-9.3411735
1.4971994	-9.3412543
1.5071794	-9.3413356
1.5171594	-9.3414175
1.5271394	-9.3414999
1.5371194	-9.3415829
1.5470994	-9.3416664
1.5570794	-9.3417504
1.5670593	-9.341835
1.5770393	-9.3419202
1.5870193	-9.3420058
1.5969993	-9.3420921
1.6069793	-9.3421788
1.6169593	-9.3422661
1.6269393	-9.342354
1.6369193	-9.3424424
1.6468993	-9.3425314
1.6568793	-9.3426208
1.6668593	-9.3427109
1.6768393	-9.3428014
1.6868193	-9.3428926
1.6967993	-9.3429842
1.7067793	-9.3430764
1.7167593	-9.3431692
1.7267393	-9.3432625
1.7367193	-9.3433563
1.7466993	-9.3434507
1.7566793	-9.3435457
1.7666593	-9.3436411
1.7766393	-9.3437372
1.7866192	-9.3438337
1.7965992	-9.3439308
1.8065792	-9.3440285
1.8165592	-9.3441267
1.8265392	-9.3442254
1.8365192	-9.3443247
1.8464992	-9.3444246
1.8564792	-9.3445249
1.8664592	-9.3446259
1.8764392	-9.3447273
1.8864192	-9.3448294
1.8963992	-9.3449319
1.9063792	-9.345035
1.9163592	-9.3451387
1.9263392	-9.3452429
1.9363192	-9.3453476
1.9462992	-9.3454529
1.9562792	-9.3455588
1.9662592	-9.3456652
1.9762392	-9.3457721
1.9862192	-9.3458796
1.9961992	-9.3459876
2.0061792	-9.3460962
2.0161591	-9.3462053
2.0261391	-9.3463149
2.0361191	-9.3464251
2.0460991	-9.3465359
2.0560791	-9.3466472
2.0660591	-9.346759
2.0760391	-9.3468714
2.0860191	-9.3469844
2.0959991	-9.3470979
2.1059791	-9.3472119
2.1159591	-9.3473265
2.1259391	-9.3474416
2.1359191	-9.3475573
2.1458991	-9.3476735
2.1558791	-9.3477903
2.1658591	-9.3479076
2.1758391	-9.3480255
2.1858191	-9.3481439
2.1957991	-9.3482629
2.2057791	-9.3483824
2.2157591	-9.3485024
2.2257391	-9.348623
2.235719	-9.3487442
2.245699	-9.3488659
2.255679	-9.3489881
2.265659	-9.3491109
2.275639	-9.3492343
2.285619	-9.3493582
2.295599	-9.3494826
2.305579	-9.3496076
2.315559	-9.3497332
2.325539	-9.3498593
2.335519	-9.3499859
2.345499	-9.3501131
2.355479	-9.3502408
2.365459	-9.3503691
2.375439	-9.3504979
2.385419	-9.3506273
2.395399	-9.3507573
2.405379	-9.3508878
2.415359	-9.3510188
2.425339	-9.3511504
2.435319	-9.3512825
2.445299	-9.3514152
2.455279	-9.3515484
2.4652589	-9.3516822
2.4752389	-9.3518165
2.4852189	-9.3519514
2.4951989	-9.3520869
2.5051789	-9.3522228
2.5151589	-9.3523594
2.5251389	-9.3524965
2.5351189	-9.3526341
2.5450989	-9.3527723
2.5550789	-9.352911
2.5650589	-9.3530503
2.5750389	-9.3531902
2.5850189	-9.3533306
2.5949989	-9.3534715
2.6049789	-9.353613
2.6149589	-9.353755
2.6249389	-9.3538976
2.6349189	-9.3540408
2.6448989	-9.3541845
2.6548789	-9.3543287
2.6648589	-9.3544736
2.6748389	-9.3546189
2.6848188	-9.3547648
2.6947988	-9.3549113
2.7047788	-9.3550583
2.7147588	-9.3552059
2.7247388	-9.355354
2.7347188	-9.3555027
2.7446988	-9.3556519
2.7546788	-9.3558017
2.7646588	-9.355952
2.7746388	-9.3561029
2.7846188	-9.3562543
2.7945988	-9.3564063
2.8045788	-9.3565588
2.8145588	-9.3567119
2.8245388	-9.3568656
2.8345188	-9.3570198
2.8444988	-9.3571745
2.8544788	-9.3573299
2.8644588	-9.3574857
2.8744388	-9.3576421
2.8844188	-9.3577991
2.8943988	-9.3579566
2.9043788	-9.3581147
2.9143587	-9.3582734
2.9243387	-9.3584326
2.9343187	-9.3585923
2.9442987	-9.3587526
2.9542787	-9.3589135
2.9642587	-9.3590749
2.9742387	-9.3592368
2.9842187	-9.3593994
2.9941987	-9.3595624
3.0041787	-9.3597261
3.0141587	-9.3598903
3.0241387	-9.360055
3.0341187	-9.3602203
3.0440987	-9.3603862
3.0540787	-9.3605526
3.0640587	-9.3607195
3.0740387	-9.3608871
3.0840187	-9.3610551
3.0939987	-9.3612238
3.1039787	-9.361393
3.1139587	-9.3615627
3.1239387	-9.361733
3.1339186	-9.3619039
3.1438986	-9.3620753
3.1538786	-9.3622473
3.1638586	-9.3624198
3.1738386	-9.3625929
3.1838186	-9.3627666
3.1937986	-9.3629408
3.2037786	-9.3631156
3.2137586	-9.3632909
3.2237386	-9.3634668
3.2337186	-9.3636432
3.2436986	-9.3638202
3.2536786	-9.3639978
3.2636586	-9.3641759
3.2736386	-9.3643546
3.2836186	-9.3645338
3.2935986	-9.3647136
3.3035786	-9.3648939
3.3135586	-9.3650748
3.3235386	-9.3652563
3.3335186	-9.3654383
3.3434986	-9.3656209
3.3534786	-9.3658041
3.3634585	-9.3659878
3.3734385	-9.366172
3.3834185	-9.3663569
3.3933985	-9.3665423
3.4033785	-9.3667282
3.4133585	-9.3669147
3.4233385	-9.3671018
3.4333185	-9.3672894
3.4432985	-9.3674776
3.4532785	-9.3676664
3.4632585	-9.3678557
3.4732385	-9.3680455
3.4832185	-9.368236
3.4931985	-9.368427
3.5031785	-9.3686185
3.5131585	-9.3688107
3.5231385	-9.3690033
3.5331185	-9.3691966
3.5430985	-9.3693904
3.5530785	-9.3695847
3.5630585	-9.3697797
3.5730385	-9.3699752
3.5830184	-9.3701712
3.5929984	-9.3703678
3.6029784	-9.370565
3.6129584	-9.3707628
3.6229384	-9.3709611
3.6329184	-9.3711599
3.6428984	-9.3713594
3.6528784	-9.3715594
3.6628584	-9.3717599
3.6728384	-9.3719611
3.6828184	-9.3721627
3.6927984	-9.372365
3.7027784	-9.3725678
3.7127584	-9.3727712
3.7227384	-9.3729751
3.7327184	-9.3731796
3.7426984	-9.3733847
3.7526784	-9.3735904
3.7626584	-9.3737966
3.7726384	-9.3740033
3.7826184	-9.3742107
3.7925984	-9.3744186
3.8025784	-9.374627
3.8125583	-9.3748361
3.8225383	-9.3750457
3.8325183	-9.3752558
3.8424983	-9.3754665
3.8524783	-9.3756778
3.8624583	-9.3758897
3.8724383	-9.3761021
3.8824183	-9.3763151
3.8923983	-9.3765287
3.9023783	-9.3767428
3.9123583	-9.3769575
3.9223383	-9.3771728
3.9323183	-9.3773886
3.9422983	-9.377605
3.9522783	-9.377822
3.9622583	-9.3780395
3.9722383	-9.3782576
3.9822183	-9.3784763
3.9921983	-9.3786955
4.0021783	-9.3789153
4.0121583	-9.3791357
4.0221383	-9.3793566
4.0321182	-9.3795782
4.0420982	-9.3798002
4.0520782	-9.3800229
4.0620582	-9.3802461
4.0720382	-9.3804699
4.0820182	-9.3806943
4.0919982	-9.3809192
4.1019782	-9.3811447
4.1119582	-9.3813708
4.1219382	-9.3815974
4.1319182	-9.3818246
4.1418982	-9.3820524
4.1518782	-9.3822807
4.1618582	-9.3825097
4.1718382	-9.3827392
4.1818182	-9.3829692
4.1917982	-9.3831999
4.2017782	-9.3834311
4.2117582	-9.3836629
4.2217382	-9.3838952
4.2317182	-9.3841281
4.2416982	-9.3843616
4.2516782	-9.3845957
4.2616581	-9.3848303
4.2716381	-9.3850656
4.2816181	-9.3853013
4.2915981	-9.3855377
4.3015781	-9.3857746
4.3115581	-9.3860121
4.3215381	-9.3862502
4.3315181	-9.3864889
4.3414981	-9.3867281
4.3514781	-9.3869679
4.3614581	-9.3872083
4.3714381	-9.3874492
4.3814181	-9.3876908
4.3913981	-9.3879328
4.4013781	-9.3881755
4.4113581	-9.3884188
4.4213381	-9.3886626
4.4313181	-9.388907
4.4412981	-9.389152
4.4512781	-9.3893975
4.4612581	-9.3896436
4.4712381	-9.3898903
4.481218	-9.3901376
4.491198	-9.3903855
4.501178	-9.3906339
4.511158	-9.3908829
4.521138	-9.3911325
4.531118	-9.3913826
4.541098	-9.3916334
4.551078	-9.3918847
4.561058	-9.3921366
4.571038	-9.3923891
4.581018	-9.3926421
4.590998	-9.3928957
4.600978	-9.3931499
4.610958	-9.3934047
4.620938	-9.3936601
4.630918	-9.393916
4.640898	-9.3941725
4.650878	-9.3944296
4.660858	-9.3946873
4.670838	-9.3949456
4.680818	-9.3952044
4.690798	-9.3954638
4.700778	-9.3957238
4.7107579	-9.3959844
4.7207379	-9.3962455
4.7307179	-9.3965073
4.7406979	-9.3967696
4.7506779	-9.3970325
4.7606579	-9.397296
4.7706379	-9.39756
4.7806179	-9.3978247
4.7905979	-9.3980899
4.8005779	-9.3983557
4.8105579	-9.3986221
4.8205379	-9.398889
4.8305179	-9.3991566
4.8404979	-9.3994247
4.8504779	-9.3996934
4.8604579	-9.3999627
4.8704379	-9.4002326
4.8804179	-9.4005031
4.8903979	-9.4007741
4.9003779	-9.4010457
4.9103579	-9.4013179
4.9203379	-9.4015907
4.9303178	-9.4018641
4.9402978	-9.4021381
4.9502778	-9.4024126
4.9602578	-9.4026878
4.9702378	-9.4029635
4.9802178	-9.4032398
4.9901978	-9.4035167
5.0001778	-9.4037941
5.0101578	-9.4040722
5.0201378	-9.4043509
5.0301178	-9.4046301
5.0400978	-9.4049099
5.0500778	-9.4051903
5.0600578	-9.4054713
5.0700378	-9.4057529
5.0800178	-9.406035
5.0899978	-9.4063178
5.0999778	-9.4066011
5.1099578	-9.406885
5.1199378	-9.4071696
5.1299178	-9.4074547
5.1398978	-9.4077403
5.1498778	-9.4080266
5.1598577	-9.4083135
5.1698377	-9.4086009
5.1798177	-9.408889
5.1897977	-9.4091776
5.1997777	-9.4094668
5.2097577	-9.4097566
5.2197377	-9.410047
5.2297177	-9.410338
5.2396977	-9.4106296
5.2496777	-9.4109218
5.2596577	-9.4112145
5.2696377	-9.4115079
5.2796177	-9.4118018
5.2895977	-9.4120964
5.2995777	-9.4123915
5.3095577	-9.4126872
5.3195377	-9.4129835
5.3295177	-9.4132804
5.3394977	-9.4135779
5.3494777	-9.413876
5.3594577	-9.4141746
5.3694377	-9.4144739
5.3794176	-9.4147738
5.3893976	-9.4150742
5.3993776	-9.4153753
5.4093576	-9.4156769
5.4193376	-9.4159791
5.4293176	-9.416282
5.4392976	-9.4165854
5.4492776	-9.4168894
5.4592576	-9.417194
5.4692376	-9.4174992
5.4792176	-9.417805
5.4891976	-9.4181114
5.4991776	-9.4184184
5.5091576	-9.418726
5.5191376	-9.4190342
5.5291176	-9.4193429
5.5390976	-9.4196523
5.5490776	-9.4199623
5.5590576	-9.4202728
5.5690376	-9.420584
5.5790176	-9.4208958
5.5889976	-9.4212081
5.5989776	-9.4215211
5.6089575	-9.4218346
5.6189375	-9.4221488
5.6289175	-9.4224635
5.6388975	-9.4227788
5.6488775	-9.4230948
5.6588575	-9.4234113
5.6688375	-9.4237285
5.6788175	-9.4240462
5.6887975	-9.4243645
5.6987775	-9.4246835
5.7087575	-9.425003
5.7187375	-9.4253232
5.7287175	-9.4256439
5.7386975	-9.4259652
5.7486775	-9.4262872
5.7586575	-9.4266097
5.7686375	-9.4269328
5.7786175	-9.4272566
5.7885975	-9.4275809
5.7985775	-9.4279059
5.8085575	-9.4282314
5.8185375	-9.4285576
5.8285174	-9.4288843
5.8384974	-9.4292117
5.8484774	-9.4295396
5.8584574	-9.4298682
5.8684374	-9.4301973
5.8784174	-9.4305271
5.8883974	-9.4308575
5.8983774	-9.4311885
5.9083574	-9.43152
5.9183374	-9.4318522
5.9283174	-9.432185
5.9382974	-9.4325184
5.9482774	-9.4328524
5.9582574	-9.433187
5.9682374	-9.4335222
5.9782174	-9.433858
5.9881974	-9.4341944
5.9981774	-9.4345314
6.0081574	-9.4348691
6.0181374	-9.4352073
6.0281174	-9.4355462
6.0380974	-9.4358856
6.0480774	-9.4362257
6.0580573	-9.4365663
6.0680373	-9.4369076
6.0780173	-9.4372495
6.0879973	-9.437592
6.0979773	-9.4379351
6.1079573	-9.4382788
6.1179373	-9.4386231
6.1279173	-9.438968
6.1378973	-9.4393135
6.1478773	-9.4396597
6.1578573	-9.4400064
6.1678373	-9.4403538
6.1778173	-9.4407018
6.1877973	-9.4410504
6.1977773	-9.4413996
6.2077573	-9.4417494
6.2177373	-9.4420998
6.2277173	-9.4424508
6.2376973	-9.4428024
6.2476773	-9.4431547
6.2576573	-9.4435076
6.2676373	-9.443861
6.2776172	-9.4442151
6.2875972	-9.4445698
6.2975772	-9.4449251
6.3075572	-9.4452811
6.3175372	-9.4456376
6.3275172	-9.4459948
6.3374972	-9.4463525
6.3474772	-9.4467109
6.3574572	-9.4470699
6.3674372	-9.4474295
6.3774172	-9.4477898
6.3873972	-9.4481506
6.3973772	-9.4485121
6.4073572	-9.4488742
6.4173372	-9.4492369
6.4273172	-9.4496002
6.4372972	-9.4499641
6.4472772	-9.4503286
6.4572572	-9.4506938
6.4672372	-9.4510596
6.4772172	-9.451426
6.4871972	-9.451793
6.4971772	-9.4521606
6.5071571	-9.4525288
6.5171371	-9.4528977
6.5271171	-9.4532672
6.5370971	-9.4536373
6.5470771	-9.454008
6.5570571	-9.4543794
6.5670371	-9.4547513
6.5770171	-9.4551239
6.5869971	-9.4554971
6.5969771	-9.4558709
6.6069571	-9.4562454
6.6169371	-9.4566205
6.6269171	-9.4569961
6.6368971	-9.4573725
6.6468771	-9.4577494
6.6568571	-9.4581269
6.6668371	-9.4585051
6.6768171	-9.4588839
6.6867971	-9.4592633
6.6967771	-9.4596434
6.7067571	-9.460024
6.7167371	-9.4604053
6.726717	-9.4607872
6.736697	-9.4611698
6.746677	-9.4615529
6.756657	-9.4619367
6.766637	-9.4623211
6.776617	-9.4627062
6.786597	-9.4630918
6.796577	-9.4634781
6.806557	-9.4638651
6.816537	-9.4642526
6.826517	-9.4646408
6.836497	-9.4650296
6.846477	-9.465419
6.856457	-9.465809
6.866437	-9.4661997
6.876417	-9.466591
6.886397	-9.4669829
6.896377	-9.4673755
6.906357	-9.4677687
6.916337	-9.4681625
6.926317	-9.468557
6.936297	-9.468952
6.946277	-9.4693477
6.9562569	-9.4697441
6.9662369	-9.470141
6.9762169	-9.4705386
6.9861969	-9.4709369
6.9961769	-9.4713357
7.0061569	-9.4717352
7.0161369	-9.4721353
7.0261169	-9.4725361
7.0360969	-9.4729375
7.0460769	-9.4733395
7.0560569	-9.4737421
7.0660369	-9.4741454
7.0760169	-9.4745493
7.0859969	-9.4749539
7.0959769	-9.4753591
7.1059569	-9.4757649
7.1159369	-9.4761713
7.1259169	-9.4765784
7.1358969	-9.4769861
7.1458769	-9.4773945
7.1558569	-9.4778035
7.1658369	-9.4782131
7.1758168	-9.4786234
7.1857968	-9.4790343
7.1957768	-9.4794458
7.2057568	-9.479858
7.2157368	-9.4802708
7.2257168	-9.4806842
7.2356968	-9.4810983
7.2456768	-9.481513
7.2556568	-9.4819284
7.2656368	-9.4823444
7.2756168	-9.482761
7.2855968	-9.4831783
7.2955768	-9.4835962
7.3055568	-9.4840148
7.3155368	-9.484434
7.3255168	-9.4848538
7.3354968	-9.4852743
7.3454768	-9.4856954
7.3554568	-9.4861172
7.3654368	-9.4865396
7.3754168	-9.4869626
7.3853968	-9.4873863
7.3953768	-9.4878106
7.4053567	-9.4882356
7.4153367	-9.4886612
7.4253167	-9.4890874
7.4352967	-9.4895143
7.4452767	-9.4899419
7.4552567	-9.49037
7.4652367	-9.4907989
7.4752167	-9.4912283
7.4851967	-9.4916584
7.4951767	-9.4920892
7.5051567	-9.4925206
7.5151367	-9.4929527
7.5251167	-9.4933854
7.5350967	-9.4938187
7.5450767	-9.4942527
7.5550567	-9.4946873
7.5650367	-9.4951226
7.5750167	-9.4955585
7.5849967	-9.4959951
7.5949767	-9.4964323
7.6049567	-9.4968702
7.6149367	-9.4973087
7.6249166	-9.4977479
7.6348966	-9.4981877
7.6448766	-9.4986282
7.6548566	-9.4990693
7.6648366	-9.4995111
7.6748166	-9.4999535
7.6847966	-9.5003966
7.6947766	-9.5008403
7.7047566	-9.5012847
7.7147366	-9.5017297
7.7247166	-9.5021754
7.7346966	-9.5026217
7.7446766	-9.5030687
7.7546566	-9.5035163
7.7646366	-9.5039646
7.7746166	-9.5044135
7.7845966	-9.5048631
7.7945766	-9.5053134
7.8045566	-9.5057643
7.8145366	-9.5062158
7.8245166	-9.506668
7.8344966	-9.5071209
7.8444766	-9.5075744
7.8544565	-9.5080286
7.8644365	-9.5084834
7.8744165	-9.5089389
7.8843965	-9.5093951
7.8943765	-9.5098519
7.9043565	-9.5103093
7.9143365	-9.5107674
7.9243165	-9.5112262
7.9342965	-9.5116857
7.9442765	-9.5121457
7.9542565	-9.5126065
7.9642365	-9.5130679
7.9742165	-9.51353
7.9841965	-9.5139927
7.9941765	-9.5144561
8.0041565	-9.5149201
8.0141365	-9.5153848
8.0241165	-9.5158502
8.0340965	-9.5163162
8.0440765	-9.5167829
8.0540565	-9.5172503
8.0640365	-9.5177183
8.0740164	-9.518187
8.0839964	-9.5186563
8.0939764	-9.5191263
8.1039564	-9.519597
8.1139364	-9.5200683
8.1239164	-9.5205403
8.1338964	-9.521013
8.1438764	-9.5214863
8.1538564	-9.5219603
8.1638364	-9.522435
8.1738164	-9.5229103
8.1837964	-9.5233863
8.1937764	-9.5238629
8.2037564	-9.5243402
8.2137364	-9.5248182
8.2237164	-9.5252969
8.2336964	-9.5257762
8.2436764	-9.5262562
8.2536564	-9.5267368
8.2636364	-9.5272182
8.2736164	-9.5277002
8.2835964	-9.5281828
8.2935764	-9.5286662
8.3035563	-9.5291502
8.3135363	-9.5296348
8.3235163	-9.5301202
8.3334963	-9.5306062
8.3434763	-9.5310929
8.3534563	-9.5315803
8.3634363	-9.5320683
8.3734163	-9.532557
8.3833963	-9.5330464
8.3933763	-9.5335364
8.4033563	-9.5340271
8.4133363	-9.5345185
8.4233163	-9.5350106
8.4332963	-9.5355033
8.4432763	-9.5359967
8.4532563	-9.5364908
8.4632363	-9.5369856
8.4732163	-9.537481
8.4831963	-9.5379772
8.4931763	-9.538474
8.5031563	-9.5389714
8.5131363	-9.5394696
8.5231162	-9.5399684
8.5330962	-9.5404679
8.5430762	-9.5409681
8.5530562	-9.5414689
8.5630362	-9.5419705
8.5730162	-9.5424727
8.5829962	-9.5429756
8.5929762	-9.5434791
8.6029562	-9.5439834
8.6129362	-9.5444883
8.6229162	-9.5449939
8.6328962	-9.5455002
8.6428762	-9.5460072
8.6528562	-9.5465149
8.6628362	-9.5470232
8.6728162	-9.5475322
8.6827962	-9.5480419
8.6927762	-9.5485523
8.7027562	-9.5490634
8.7127362	-9.5495751
8.7227162	-9.5500876
8.7326962	-9.5506007
8.7426762	-9.5511145
8.7526561	-9.551629
8.7626361	-9.5521442
8.7726161	-9.55266
8.7825961	-9.5531766
8.7925761	-9.5536938
8.8025561	-9.5542117
8.8125361	-9.5547303
8.8225161	-9.5552496
8.8324961	-9.5557696
8.8424761	-9.5562903
8.8524561	-9.5568116
8.8624361	-9.5573337
8.8724161	-9.5578564
8.8823961	-9.5583798
8.8923761	-9.5589039
8.9023561	-9.5594287
8.9123361	-9.5599542
8.9223161	-9.5604804
8.9322961	-9.5610073
8.9422761	-9.5615349
8.9522561	-9.5620631
8.9622361	-9.5625921
8.972216	-9.5631217
8.982196	-9.563652
8.992176	-9.5641831
9.002156	-9.5647148
9.012136	-9.5652472
9.022116	-9.5657803
9.032096	-9.5663141
9.042076	-9.5668486
9.052056	-9.5673838
9.062036	-9.5679197
9.072016	-9.5684563
9.081996	-9.5689936
9.091976	-9.5695316
9.101956	-9.5700703
9.111936	-9.5706096
9.121916	-9.5711497
9.131896	-9.5716905
9.141876	-9.5722319
9.151856	-9.5727741
9.161836	-9.573317
9.171816	-9.5738605
9.181796	-9.5744048
9.191776	-9.5749498
9.2017559	-9.5754955
9.2117359	-9.5760418
9.2217159	-9.5765889
9.2316959	-9.5771367
9.2416759	-9.5776851
9.2516559	-9.5782343
9.2616359	-9.5787842
9.2716159	-9.5793348
9.2815959	-9.5798861
9.2915759	-9.5804381
9.3015559	-9.5809908
9.3115359	-9.5815442
9.3215159	-9.5820983
9.3314959	-9.5826531
9.3414759	-9.5832086
9.3514559	-9.5837648
9.3614359	-9.5843218
9.3714159	-9.5848794
9.3813959	-9.5854377
9.3913759	-9.5859968
9.4013559	-9.5865566
9.4113359	-9.587117
9.4213158	-9.5876782
9.4312958	-9.5882401
9.4412758	-9.5888027
9.4512558	-9.589366
9.4612358	-9.58993
9.4712158	-9.5904947
9.4811958	-9.5910602
9.4911758	-9.5916263
9.5011558	-9.5921932
9.5111358	-9.5927608
9.5211158	-9.593329
9.5310958	-9.593898
9.5410758	-9.5944678
9.5510558	-9.5950382
9.5610358	-9.5956093
9.5710158	-9.5961812
9.5809958	-9.5967537
9.5909758	-9.597327
9.6009558	-9.597901
9.6109358	-9.5984757
9.6209158	-9.5990512
9.6308958	-9.5996273
9.6408758	-9.6002042
9.6508557	-9.6007818
9.6608357	-9.6013601
9.6708157	-9.6019391
9.6807957	-9.6025188
9.6907757	-9.6030993
9.7007557	-9.6036805
9.7107357	-9.6042624
9.7207157	-9.604845
9.7306957	-9.6054283
9.7406757	-9.6060124
9.7506557	-9.6065971
9.7606357	-9.6071826
9.7706157	-9.6077689
9.7805957	-9.6083558
9.7905757	-9.6089435
9.8005557	-9.6095319
9.8105357	-9.610121
9.8205157	-9.6107108
9.8304957	-9.6113014
9.8404757	-9.6118927
9.8504557	-9.6124847
9.8604357	-9.6130774
9.8704156	-9.6136709
9.8803956	-9.6142651
9.8903756	-9.61486
9.9003556	-9.6154556
9.9103356	-9.616052
9.9203156	-9.6166491
9.9302956	-9.6172469
9.9402756	-9.6178455
9.9502556	-9.6184448
9.9602356	-9.6190448
9.9702156	-9.6196455
9.9801956	-9.620247
9.9901756	-9.6208492
10.000156	-9.6214522
10.010136	-9.6220558
10.020116	-9.6226602
10.030096	-9.6232654
10.040076	-9.6238712
10.050056	-9.6244778
10.060036	-9.6250851
10.070016	-9.6256932
10.079996	-9.626302
10.089976	-9.6269115
10.099956	-9.6275218
10.109936	-9.6281328
10.119916	-9.6287446
10.129896	-9.629357
10.139876	-9.6299702
10.149856	-9.6305842
10.159836	-9.6311989
10.169816	-9.6318143
10.179796	-9.6324305
10.189776	-9.6330474
10.199756	-9.633665
10.209735	-9.6342834
10.219715	-9.6349025
10.229695	-9.6355224
10.239675	-9.636143
10.249655	-9.6367643
10.259635	-9.6373864
10.269615	-9.6380092
10.279595	-9.6386328
10.289575	-9.6392571
10.299555	-9.6398822
10.309535	-9.640508
10.319515	-9.6411345
10.329495	-9.6417618
10.339475	-9.6423898
10.349455	-9.6430186
10.359435	-9.6436481
10.369415	-9.6442784
10.379395	-9.6449094
10.389375	-9.6455411
10.399355	-9.6461737
10.409335	-9.6468069
10.419315	-9.6474409
10.429295	-9.6480757
10.439275	-9.6487112
10.449255	-9.6493474
10.459235	-9.6499844
10.469215	-9.6506222
10.479195	-9.6512607
10.489175	-9.6518999
10.499155	-9.6525399
10.509135	-9.6531807
10.519115	-9.6538222
10.529095	-9.6544644
10.539075	-9.6551074
10.549055	-9.6557512
10.559035	-9.6563957
10.569015	-9.657041
10.578995	-9.657687
10.588975	-9.6583338
10.598955	-9.6589813
10.608935	-9.6596296
10.618915	-9.6602787
10.628895	-9.6609285
10.638875	-9.6615791
10.648855	-9.6622304
10.658835	-9.6628825
10.668815	-9.6635353
10.678795	-9.6641889
10.688775	-9.6648432
10.698755	-9.6654984
10.708735	-9.6661542
10.718715	-9.6668109
10.728695	-9.6674683
10.738675	-9.6681264
10.748655	-9.6687854
10.758635	-9.669445
10.768615	-9.6701055
10.778595	-9.6707667
10.788575	-9.6714287
10.798555	-9.6720914
10.808535	-9.6727549
10.818515	-9.6734192
10.828495	-9.6740842
10.838475	-9.67475
10.848455	-9.6754166
10.858435	-9.6760839
10.868415	-9.676752
10.878395	-9.6774209
10.888375	-9.6780905
10.898355	-9.6787609
10.908335	-9.6794321
10.918315	-9.680104
10.928295	-9.6807767
10.938275	-9.6814502
10.948255	-9.6821244
10.958235	-9.6827995
10.968215	-9.6834752
10.978195	-9.6841518
10.988175	-9.6848291
10.998155	-9.6855072
11.008135	-9.6861861
11.018115	-9.6868658
11.028095	-9.6875462
11.038075	-9.6882274
11.048055	-9.6889094
11.058035	-9.6895921
11.068015	-9.6902757
11.077995	-9.69096
11.087975	-9.6916451
11.097955	-9.6923309
11.107935	-9.6930176
11.117915	-9.693705
11.127895	-9.6943932
11.137875	-9.6950821
11.147855	-9.6957719
11.157835	-9.6964624
11.167815	-9.6971537
11.177795	-9.6978458
11.187775	-9.6985387
11.197755	-9.6992323
11.207735	-9.6999268
11.217715	-9.700622
11.227695	-9.701318
11.237675	-9.7020148
11.247655	-9.7027123
11.257635	-9.7034107
11.267615	-9.7041098
11.277595	-9.7048097
11.287575	-9.7055105
11.297555	-9.7062119
11.307535	-9.7069142
11.317515	-9.7076173
11.327495	-9.7083211
11.337475	-9.7090258
11.347455	-9.7097312
11.357435	-9.7104374
11.367415	-9.7111444
11.377395	-9.7118522
11.387375	-9.7125608
11.397355	-9.7132702
11.407335	-9.7139804
11.417315	-9.7146913
11.427295	-9.7154031
11.437275	-9.7161156
11.447255	-9.7168289
11.457235	-9.7175431
11.467215	-9.718258
11.477195	-9.7189737
11.487175	-9.7196902
11.497155	-9.7204075
11.507135	-9.7211256
11.517115	-9.7218445
11.527095	-9.7225642
11.537075	-9.7232847
11.547055	-9.724006
11.557035	-9.7247281
11.567015	-9.725451
11.576995	-9.7261747
11.586975	-9.7268991
11.596955	-9.7276244
11.606935	-9.7283505
11.616915	-9.7290774
11.626895	-9.7298051
11.636875	-9.7305335
11.646855	-9.7312628
11.656835	-9.7319929
11.666815	-9.7327238
11.676795	-9.7334555
11.686775	-9.734188
11.696755	-9.7349213
11.706735	-9.7356554
11.716715	-9.7363903
11.726695	-9.737126
11.736675	-9.7378626
11.746655	-9.7385999
11.756635	-9.739338
11.766615	-9.740077
11.776595	-9.7408167
11.786575	-9.7415573
11.796555	-9.7422987
11.806535	-9.7430408
11.816515	-9.7437838
11.826495	-9.7445276
11.836475	-9.7452722
11.846455	-9.7460177
11.856435	-9.7467639
11.866415	-9.7475109
11.876395	-9.7482588
11.886375	-9.7490075
11.896355	-9.749757
11.906335	-9.7505073
11.916315	-9.7512584
11.926295	-9.7520103
11.936275	-9.752763
11.946255	-9.7535166
11.956235	-9.754271
11.966215	-9.7550262
11.976195	-9.7557822
11.986175	-9.756539
11.996155	-9.7572966
12.006135	-9.7580551
12.016115	-9.7588144
12.026095	-9.7595745
12.036075	-9.7603354
12.046055	-9.7610972
12.056035	-9.7618597
12.066015	-9.7626231
12.075995	-9.7633873
12.085975	-9.7641524
12.095955	-9.7649182
12.105935	-9.7656849
12.115915	-9.7664524
12.125895	-9.7672207
12.135875	-9.7679899
12.145855	-9.7687599
12.155835	-9.7695307
12.165815	-9.7703023
12.175795	-9.7710748
12.185775	-9.771848
12.195755	-9.7726222
12.205735	-9.7733971
12.215715	-9.7741729
12.225695	-9.7749495
12.235675	-9.7757269
12.245655	-9.7765052
12.255635	-9.7772842
12.265615	-9.7780642
12.275595	-9.7788449
12.285575	-9.7796265
12.295555	-9.7804089
12.305535	-9.7811922
12.315515	-9.7819763
12.325495	-9.7827612
12.335475	-9.7835469
12.345455	-9.7843335
12.355435	-9.7851209
12.365415	-9.7859092
12.375395	-9.7866983
12.385375	-9.7874882
12.395355	-9.788279
12.405335	-9.7890706
12.415315	-9.7898631
12.425295	-9.7906564
12.435275	-9.7914505
12.445255	-9.7922455
12.455234	-9.7930413
12.465214	-9.7938379
12.475194	-9.7946354
12.485174	-9.7954337
12.495154	-9.7962329
12.505134	-9.7970329
12.515114	-9.7978338
12.525094	-9.7986355
12.535074	-9.7994381
12.545054	-9.8002415
12.555034	-9.8010457
12.565014	-9.8018508
12.574994	-9.8026567
12.584974	-9.8034635
12.594954	-9.8042711
12.604934	-9.8050796
12.614914	-9.8058889
12.624894	-9.8066991
12.634874	-9.8075101
12.644854	-9.808322
12.654834	-9.8091347
12.664814	-9.8099483
12.674794	-9.8107627
12.684774	-9.811578
12.694754	-9.8123942
12.704734	-9.8132111
12.714714	-9.814029
12.724694	-9.8148477
12.734674	-9.8156672
12.744654	-9.8164876
12.754634	-9.8173089
12.764614	-9.818131
12.774594	-9.818954
12.784574	-9.8197778
12.794554	-9.8206025
12.804534	-9.821428
12.814514	-9.8222544
12.824494	-9.8230817
12.834474	-9.8239098
12.844454	-9.8247388
12.854434	-9.8255686
12.864414	-9.8263993
12.874394	-9.8272309
12.884374	-9.8280633
12.894354	-9.8288966
12.904334	-9.8297308
12.914314	-9.8305658
12.924294	-9.8314016
12.934274	-9.8322384
12.944254	-9.833076
12.954234	-9.8339145
12.964214	-9.8347538
12.974194	-9.835594
12.984174	-9.8364351
12.994154	-9.837277
13.004134	-9.8381199
13.014114	-9.8389635
13.024094	-9.8398081
13.034074	-9.8406535
13.044054	-9.8414998
13.054034	-9.8423469
13.064014	-9.843195
13.073994	-9.8440439
13.083974	-9.8448937
13.093954	-9.8457443
13.103934	-9.8465958
13.113914	-9.8474482
13.123894	-9.8483015
13.133874	-9.8491556
13.143854	-9.8500107
13.153834	-9.8508666
13.163814	-9.8517233
13.173794	-9.852581
13.183774	-9.8534395
13.193754	-9.8542989
13.203734	-9.8551592
13.213714	-9.8560204
13.223694	-9.8568824
13.233674	-9.8577453
13.243654	-9.8586091
13.253634	-9.8594738
13.263614	-9.8603394
13.273594	-9.8612058
13.283574	-9.8620732
13.293554	-9.8629414
13.303534	-9.8638105
13.313514	-9.8646805
13.323494	-9.8655513
13.333474	-9.8664231
13.343454	-9.8672957
13.353434	-9.8681692
13.363414	-9.8690436
13.373394	-9.8699189
13.383374	-9.8707951
13.393354	-9.8716722
13.403334	-9.8725502
13.413314	-9.873429
13.423294	-9.8743088
13.433274	-9.8751894
13.443254	-9.8760709
13.453234	-9.8769533
13.463214	-9.8778367
13.473194	-9.8787209
13.483174	-9.879606
13.493154	-9.8804919
13.503134	-9.8813788
13.513114	-9.8822666
13.523094	-9.8831553
13.533074	-9.8840449
13.543054	-9.8849353
13.553034	-9.8858267
13.563014	-9.8867189
13.572994	-9.8876121
13.582974	-9.8885062
13.592954	-9.8894011
13.602934	-9.890297
13.612914	-9.8911937
13.622894	-9.8920914
13.632874	-9.8929899
13.642854	-9.8938894
13.652834	-9.8947898
13.662814	-9.895691
13.672794	-9.8965932
13.682774	-9.8974963
13.692754	-9.8984002
13.702734	-9.8993051
13.712714	-9.9002109
13.722694	-9.9011176
13.732674	-9.9020252
13.742654	-9.9029337
13.752634	-9.9038431
13.762614	-9.9047534
13.772594	-9.9056647
13.782574	-9.9065768
13.792554	-9.9074898
13.802534	-9.9084038
13.812514	-9.9093187
13.822494	-9.9102345
13.832474	-9.9111512
13.842454	-9.9120688
13.852434	-9.9129873
13.862414	-9.9139067
13.872394	-9.9148271
13.882374	-9.9157483
13.892354	-9.9166705
13.902334	-9.9175936
13.912314	-9.9185176
13.922294	-9.9194425
13.932274	-9.9203684
13.942254	-9.9212951
13.952234	-9.9222228
13.962214	-9.9231514
13.972194	-9.9240809
13.982174	-9.9250113
13.992154	-9.9259427
14.002134	-9.926875
14.012114	-9.9278082
14.022094	-9.9287423
14.032074	-9.9296773
14.042054	-9.9306133
14.052034	-9.9315502
14.062014	-9.932488
14.071994	-9.9334268
14.081974	-9.9343664
14.091954	-9.935307
14.101934	-9.9362485
14.111914	-9.937191
14.121894	-9.9381344
14.131874	-9.9390787
14.141854	-9.9400239
14.151834	-9.9409701
14.161814	-9.9419171
14.171794	-9.9428652
14.181774	-9.9438141
14.191754	-9.944764
14.201734	-9.9457148
14.211714	-9.9466666
14.221694	-9.9476192
14.231674	-9.9485729
14.241654	-9.9495274
14.251634	-9.9504829
14.261614	-9.9514393
14.271594	-9.9523967
14.281574	-9.953355
14.291554	-9.9543142
14.301534	-9.9552743
14.311514	-9.9562354
14.321494	-9.9571975
14.331474	-9.9581605
14.341454	-9.9591244
14.351434	-9.9600893
14.361414	-9.9610551
14.371394	-9.9620218
14.381374	-9.9629895
14.391354	-9.9639581
14.401334	-9.9649277
14.411314	-9.9658982
14.421294	-9.9668697
14.431274	-9.9678421
14.441254	-9.9688154
14.451234	-9.9697897
14.461214	-9.9707649
14.471194	-9.9717411
14.481174	-9.9727183
14.491154	-9.9736964
14.501134	-9.9746754
14.511114	-9.9756554
14.521094	-9.9766363
14.531074	-9.9776182
14.541054	-9.978601
14.551034	-9.9795848
14.561014	-9.9805695
14.570994	-9.9815552
14.580974	-9.9825419
14.590954	-9.9835295
14.600934	-9.984518
14.610914	-9.9855075
14.620894	-9.986498
14.630874	-9.9874894
14.640854	-9.9884818
14.650834	-9.9894751
14.660814	-9.9904694
14.670794	-9.9914646
14.680774	-9.9924608
14.690754	-9.993458
14.700733	-9.9944561
14.710713	-9.9954552
14.720693	-9.9964552
14.730673	-9.9974562
14.740653	-9.9984582
14.750633	-9.9994611
14.760613	-10.000465
14.770593	-10.00147
14.780573	-10.002476
14.790553	-10.003482
14.800533	-10.00449
14.810513	-10.005499
14.820493	-10.006509
14.830473	-10.007519
14.840453	-10.008531
14.850433	-10.009544
14.860413	-10.010557
14.870393	-10.011572
14.880373	-10.012587
14.890353	-10.013604
14.900333	-10.014621
14.910313	-10.015639
14.920293	-10.016659
14.930273	-10.017679
14.940253	-10.0187
14.950233	-10.019723
14.960213	-10.020746
14.970193	-10.02177
14.980173	-10.022796
14.990153	-10.023822
15.000133	-10.024849
15.010113	-10.025877
15.020093	-10.026906
15.030073	-10.027936
15.040053	-10.028967
15.050033	-10.029999
15.060013	-10.031033
15.069993	-10.032067
15.079973	-10.033102
15.089953	-10.034138
15.099933	-10.035175
15.109913	-10.036213
15.119893	-10.037251
15.129873	-10.038291
15.139853	-10.039332
15.149833	-10.040374
15.159813	-10.041417
15.169793	-10.042461
15.179773	-10.043506
15.189753	-10.044552
15.199733	-10.045599
15.209713	-10.046646
15.219693	-10.047695
15.229673	-10.048745
15.239653	-10.049796
15.249633	-10.050848
15.259613	-10.0519
15.269593	-10.052954
15.279573	-10.054009
15.289553	-10.055065
15.299533	-10.056121
15.309513	-10.057179
15.319493	-10.058238
15.329473	-10.059298
15.339453	-10.060358
15.349433	-10.06142
15.359413	-10.062483
15.369393	-10.063547
15.379373	-10.064611
15.389353	-10.065677
15.399333	-10.066744
15.409313	-10.067811
15.419293	-10.06888
15.429273	-10.06995
15.439253	-10.071021
15.449233	-10.072092
15.459213	-10.073165
15.469193	-10.074239
15.479173	-10.075314
15.489153	-10.076389
15.499133	-10.077466
15.509113	-10.078544
15.519093	-10.079623
15.529073	-10.080702
15.539053	-10.081783
15.549033	-10.082865
15.559013	-10.083948
15.568993	-10.085031
15.578973	-10.086116
15.588953	-10.087202
15.598933	-10.088289
15.608913	-10.089377
15.618893	-10.090466
15.628873	-10.091556
15.638853	-10.092646
15.648833	-10.093738
15.658813	-10.094831
15.668793	-10.095925
15.678773	-10.09702
15.688753	-10.098116
15.698733	-10.099213
15.708713	-10.100311
15.718693	-10.10141
15.728673	-10.10251
15.738653	-10.103611
15.748633	-10.104713
15.758613	-10.105816
15.768593	-10.106921
15.778573	-10.108026
15.788553	-10.109132
15.798533	-10.110239
15.808513	-10.111347
15.818493	-10.112456
15.828473	-10.113567
15.838453	-10.114678
15.848433	-10.11579
15.858413	-10.116904
15.868393	-10.118018
15.878373	-10.119133
15.888353	-10.12025
15.898333	-10.121367
15.908313	-10.122486
15.918293	-10.123605
15.928273	-10.124726
15.938253	-10.125847
15.948233	-10.12697
15.958213	-10.128094
15.968193	-10.129218
15.978173	-10.130344
15.988153	-10.131471
15.998133	-10.132599
16.008113	-10.133727
16.018093	-10.134857
16.028073	-10.135988
16.038053	-10.13712
16.048033	-10.138253
16.058013	-10.139387
16.067993	-10.140522
16.077973	-10.141658
16.087953	-10.142795
16.097933	-10.143933
16.107913	-10.145072
16.117893	-10.146213
16.127873	-10.147354
16.137853	-10.148496
16.147833	-10.14964
16.157813	-10.150784
16.167793	-10.15193
16.177773	-10.153076
16.187753	-10.154224
16.197733	-10.155372
16.207713	-10.156522
16.217693	-10.157672
16.227673	-10.158824
16.237653	-10.159977
16.247633	-10.161131
16.257613	-10.162286
16.267593	-10.163442
16.277573	-10.164599
16.287553	-10.165757
16.297533	-10.166916
16.307513	-10.168076
16.317493	-10.169237
16.327473	-10.170399
16.337453	-10.171563
16.347433	-10.172727
16.357413	-10.173892
16.367393	-10.175059
16.377373	-10.176226
16.387353	-10.177395
16.397333	-10.178565
16.407313	-10.179735
16.417293	-10.180907
16.427273	-10.18208
16.437253	-10.183254
16.447233	-10.184429
16.457213	-10.185605
16.467193	-10.186782
16.477173	-10.18796
16.487153	-10.189139
16.497133	-10.190319
16.507113	-10.191501
16.517093	-10.192683
16.527073	-10.193867
16.537053	-10.195051
16.547033	-10.196237
16.557013	-10.197423
16.566993	-10.198611
16.576973	-10.1998
16.586953	-10.20099
16.596933	-10.202181
16.606913	-10.203373
16.616893	-10.204566
16.626873	-10.20576
16.636853	-10.206955
16.646833	-10.208151
16.656813	-10.209349
16.666793	-10.210547
16.676773	-10.211747
16.686753	-10.212947
16.696733	-10.214149
16.706713	-10.215352
16.716693	-10.216555
16.726673	-10.21776
16.736653	-10.218966
16.746633	-10.220173
16.756613	-10.221382
16.766593	-10.222591
16.776573	-10.223801
16.786553	-10.225012
16.796533	-10.226225
16.806513	-10.227438
16.816493	-10.228653
16.826473	-10.229869
16.836453	-10.231086
16.846433	-10.232303
16.856413	-10.233522
16.866393	-10.234742
16.876373	-10.235964
16.886353	-10.237186
16.896333	-10.238409
16.906313	-10.239634
16.916293	-10.240859
16.926273	-10.242086
16.936253	-10.243313
16.946232	-10.244542
16.956212	-10.245772
16.966192	-10.247003
16.976172	-10.248235
16.986152	-10.249468
16.996132	-10.250702
17.006112	-10.251938
17.016092	-10.253174
17.026072	-10.254412
17.036052	-10.25565
17.046032	-10.25689
17.056012	-10.258131
17.065992	-10.259373
17.075972	-10.260616
17.085952	-10.26186
17.095932	-10.263105
17.105912	-10.264351
17.115892	-10.265599
17.125872	-10.266847
17.135852	-10.268097
17.145832	-10.269347
17.155812	-10.270599
17.165792	-10.271852
17.175772	-10.273106
17.185752	-10.274361
17.195732	-10.275617
17.205712	-10.276875
17.215692	-10.278133
17.225672	-10.279393
17.235652	-10.280653
17.245632	-10.281915
17.255612	-10.283178
17.265592	-10.284442
17.275572	-10.285707
17.285552	-10.286973
17.295532	-10.288241
17.305512	-10.289509
17.315492	-10.290779
17.325472	-10.292049
17.335452	-10.293321
17.345432	-10.294594
17.355412	-10.295868
17.365392	-10.297143
17.375372	-10.298419
17.385352	-10.299697
17.395332	-10.300975
17.405312	-10.302255
17.415292	-10.303535
17.425272	-10.304817
17.435252	-10.3061
17.445232	-10.307384
17.455212	-10.30867
17.465192	-10.309956
17.475172	-10.311243
17.485152	-10.312532
17.495132	-10.313821
17.505112	-10.315112
17.515092	-10.316404
17.525072	-10.317697
17.535052	-10.318991
17.545032	-10.320287
17.555012	-10.321583
17.564992	-10.322881
17.574972	-10.324179
17.584952	-10.325479
17.594932	-10.32678
17.604912	-10.328082
17.614892	-10.329386
17.624872	-10.33069
17.634852	-10.331995
17.644832	-10.333302
17.654812	-10.33461
17.664792	-10.335919
17.674772	-10.337229
17.684752	-10.33854
17.694732	-10.339852
17.704712	-10.341165
17.714692	-10.34248
17.724672	-10.343796
17.734652	-10.345113
17.744632	-10.346431
17.754612	-10.34775
17.764592	-10.34907
17.774572	-10.350391
17.784552	-10.351714
17.794532	-10.353037
17.804512	-10.354362
17.814492	-10.355688
17.824472	-10.357015
17.834452	-10.358344
17.844432	-10.359673
17.854412	-10.361003
17.864392	-10.362335
17.874372	-10.363668
17.884352	-10.365002
17.894332	-10.366337
17.904312	-10.367673
17.914292	-10.369011
17.924272	-10.370349
17.934252	-10.371689
17.944232	-10.37303
17.954212	-10.374372
17.964192	-10.375715
17.974172	-10.377059
17.984152	-10.378405
17.994132	-10.379752
18.004112	-10.381099
18.014092	-10.382448
18.024072	-10.383798
18.034052	-10.38515
18.044032	-10.386502
18.054012	-10.387856
18.063992	-10.38921
18.073972	-10.390566
18.083952	-10.391923
18.093932	-10.393281
18.103912	-10.394641
18.113892	-10.396001
18.123872	-10.397363
18.133852	-10.398726
18.143832	-10.40009
18.153812	-10.401455
18.163792	-10.402821
18.173772	-10.404189
18.183752	-10.405557
18.193732	-10.406927
18.203712	-10.408298
18.213692	-10.40967
18.223672	-10.411044
18.233652	-10.412418
18.243632	-10.413794
18.253612	-10.415171
18.263592	-10.416549
18.273572	-10.417928
18.283552	-10.419308
18.293532	-10.42069
18.303512	-10.422072
18.313492	-10.423456
18.323472	-10.424841
18.333452	-10.426227
18.343432	-10.427615
18.353412	-10.429003
18.363392	-10.430393
18.373372	-10.431784
18.383352	-10.433176
18.393332	-10.434569
18.403312	-10.435964
18.413292	-10.437359
18.423272	-10.438756
18.433252	-10.440154
18.443232	-10.441553
18.453212	-10.442953
18.463192	-10.444355
18.473172	-10.445758
18.483152	-10.447161
18.493132	-10.448567
18.503112	-10.449973
18.513092	-10.45138
18.523072	-10.452789
18.533052	-10.454199
18.543032	-10.45561
18.553012	-10.457022
18.562992	-10.458435
18.572972	-10.45985
18.582952	-10.461265
18.592932	-10.462682
18.602912	-10.4641
18.612892	-10.46552
18.622872	-10.46694
18.632852	-10.468362
18.642832	-10.469785
18.652812	-10.471209
18.662792	-10.472634
18.672772	-10.47406
18.682752	-10.475488
18.692732	-10.476917
18.702712	-10.478347
18.712692	-10.479778
18.722672	-10.481211
18.732652	-10.482644
18.742632	-10.484079
18.752612	-10.485515
18.762592	-10.486952
18.772572	-10.488391
18.782552	-10.48983
18.792532	-10.491271
18.802512	-10.492713
18.812492	-10.494156
18.822472	-10.495601
18.832452	-10.497046
18.842432	-10.498493
18.852412	-10.499941
18.862392	-10.50139
18.872372	-10.502841
18.882352	-10.504292
18.892332	-10.505745
18.902312	-10.507199
18.912292	-10.508655
18.922272	-10.510111
18.932252	-10.511569
18.942232	-10.513028
18.952212	-10.514488
18.962192	-10.515949
18.972172	-10.517412
18.982152	-10.518875
18.992132	-10.52034
19.002112	-10.521806
19.012092	-10.523274
19.022072	-10.524742
19.032052	-10.526212
19.042032	-10.527683
19.052012	-10.529155
19.061992	-10.530629
19.071972	-10.532104
19.081952	-10.533579
19.091932	-10.535056
19.101912	-10.536535
19.111892	-10.538014
19.121872	-10.539495
19.131852	-10.540977
19.141832	-10.54246
19.151812	-10.543945
19.161792	-10.54543
19.171772	-10.546917
19.181752	-10.548405
19.191731	-10.549895
19.201711	-10.551385
19.211691	-10.552877
19.221671	-10.55437
19.231651	-10.555864
19.241631	-10.557359
19.251611	-10.558856
19.261591	-10.560354
19.271571	-10.561853
19.281551	-10.563353
19.291531	-10.564855
19.301511	-10.566358
19.311491	-10.567862
19.321471	-10.569367
19.331451	-10.570874
19.341431	-10.572381
19.351411	-10.57389
19.361391	-10.5754
19.371371	-10.576912
19.381351	-10.578425
19.391331	-10.579938
19.401311	-10.581454
19.411291	-10.58297
19.421271	-10.584488
19.431251	-10.586006
19.441231	-10.587526
19.451211	-10.589048
19.461191	-10.59057
19.471171	-10.592094
19.481151	-10.593619
19.491131	-10.595145
19.501111	-10.596673
19.511091	-10.598202
19.521071	-10.599732
19.531051	-10.601263
19.541031	-10.602795
19.551011	-10.604329
19.560991	-10.605864
19.570971	-10.6074
19.580951	-10.608938
19.590931	-10.610477
19.600911	-10.612016
19.610891	-10.613558
19.620871	-10.6151
19.630851	-10.616644
19.640831	-10.618189
19.650811	-10.619735
19.660791	-10.621282
19.670771	-10.622831
19.680751	-10.624381
19.690731	-10.625932
19.700711	-10.627485
19.710691	-10.629038
19.720671	-10.630593
19.730651	-10.63215
19.740631	-10.633707
19.750611	-10.635266
19.760591	-10.636826
19.770571	-10.638387
19.780551	-10.63995
19.790531	-10.641513
19.800511	-10.643078
19.810491	-10.644645
19.820471	-10.646212
19.830451	-10.647781
19.840431	-10.649351
19.850411	-10.650922
19.860391	-10.652495
19.870371	-10.654069
19.880351	-10.655644
19.890331	-10.65722
19.900311	-10.658798
19.910291	-10.660377
19.920271	-10.661957
19.930251	-10.663538
19.940231	-10.665121
19.950211	-10.666705
19.960191	-10.66829
19.970171	-10.669876
19.980151	-10.671464
19.990131	-10.673053
20.000111	-10.674644
20.010091	-10.676235
20.020071	-10.677828
20.030051	-10.679422
20.040031	-10.681017
20.050011	-10.682614
20.059991	-10.684212
20.069971	-10.685811
20.079951	-10.687412
20.089931	-10.689013
20.099911	-10.690616
20.109891	-10.692221
20.119871	-10.693826
20.129851	-10.695433
20.139831	-10.697041
20.149811	-10.69865
20.159791	-10.700261
20.169771	-10.701873
20.179751	-10.703486
20.189731	-10.705101
20.199711	-10.706717
20.209691	-10.708334
20.219671	-10.709952
20.229651	-10.711572
20.239631	-10.713192
20.249611	-10.714815
20.259591	-10.716438
20.269571	-10.718063
20.279551	-10.719689
20.289531	-10.721316
20.299511	-10.722945
20.309491	-10.724575
20.319471	-10.726206
20.329451	-10.727838
20.339431	-10.729472
20.349411	-10.731107
20.359391	-10.732743
20.369371	-10.734381
20.379351	-10.73602
20.389331	-10.73766
20.399311	-10.739302
20.409291	-10.740944
20.419271	-10.742588
20.429251	-10.744234
20.439231	-10.745881
20.449211	-10.747528
20.459191	-10.749178
20.469171	-10.750828
20.479151	-10.75248
20.489131	-10.754133
20.499111	-10.755788
20.509091	-10.757443
20.519071	-10.7591
20.529051	-10.760759
20.539031	-10.762418
20.549011	-10.764079
20.558991	-10.765741
20.568971	-10.767405
20.578951	-10.76907
20.588931	-10.770736
20.598911	-10.772403
20.608891	-10.774072
20.618871	-10.775742
20.628851	-10.777413
20.638831	-10.779086
20.648811	-10.78076
20.658791	-10.782435
20.668771	-10.784112
20.678751	-10.785789
20.688731	-10.787468
20.698711	-10.789149
20.708691	-10.790831
20.718671	-10.792514
20.728651	-10.794198
20.738631	-10.795884
20.748611	-10.797571
20.758591	-10.799259
20.768571	-10.800949
20.778551	-10.80264
20.788531	-10.804332
20.798511	-10.806025
20.808491	-10.80772
20.818471	-10.809416
20.828451	-10.811114
20.838431	-10.812813
20.848411	-10.814513
20.858391	-10.816214
20.868371	-10.817917
20.878351	-10.819621
20.888331	-10.821326
20.898311	-10.823033
20.908291	-10.824741
20.918271	-10.82645
20.928251	-10.828161
20.938231	-10.829873
20.948211	-10.831586
20.958191	-10.833301
20.968171	-10.835017
20.978151	-10.836734
20.988131	-10.838452
20.998111	-10.840172
21.008091	-10.841893
21.018071	-10.843616
21.028051	-10.84534
21.038031	-10.847065
21.048011	-10.848791
21.057991	-10.850519
21.067971	-10.852248
21.077951	-10.853979
21.087931	-10.855711
21.097911	-10.857444
21.107891	-10.859178
21.117871	-10.860914
21.127851	-10.862651
21.137831	-10.864389
21.147811	-10.866129
21.157791	-10.86787
21.167771	-10.869613
21.177751	-10.871356
21.187731	-10.873102
21.197711	-10.874848
21.207691	-10.876596
21.217671	-10.878345
21.227651	-10.880095
21.237631	-10.881847
21.247611	-10.8836
21.257591	-10.885354
21.267571	-10.88711
21.277551	-10.888867
21.287531	-10.890626
21.297511	-10.892385
21.307491	-10.894146
21.317471	-10.895909
21.327451	-10.897673
21.337431	-10.899438
21.347411	-10.901204
21.357391	-10.902972
21.367371	-10.904741
21.377351	-10.906512
21.387331	-10.908283
21.397311	-10.910056
21.407291	-10.911831
21.417271	-10.913607
21.427251	-10.915384
21.43723	-10.917162
21.44721	-10.918942
21.45719	-10.920724
21.46717	-10.922506
21.47715	-10.92429
21.48713	-10.926075
21.49711	-10.927862
21.50709	-10.92965
21.51707	-10.931439
21.52705	-10.93323
21.53703	-10.935022
21.54701	-10.936815
21.55699	-10.93861
21.56697	-10.940406
21.57695	-10.942203
21.58693	-10.944002
21.59691	-10.945802
21.60689	-10.947603
21.61687	-10.949406
21.62685	-10.95121
21.63683	-10.953015
21.64681	-10.954822
21.65679	-10.95663
21.66677	-10.95844
21.67675	-10.960251
21.68673	-10.962063
21.69671	-10.963877
21.70669	-10.965692
21.71667	-10.967508
21.72665	-10.969326
21.73663	-10.971145
21.74661	-10.972965
21.75659	-10.974787
21.76657	-10.97661
21.77655	-10.978434
21.78653	-10.98026
21.79651	-10.982087
21.80649	-10.983916
21.81647	-10.985746
21.82645	-10.987577
21.83643	-10.98941
21.84641	-10.991244
21.85639	-10.993079
21.86637	-10.994916
21.87635	-10.996754
21.88633	-10.998593
21.89631	-11.000434
21.90629	-11.002276
21.91627	-11.00412
21.92625	-11.005965
21.93623	-11.007811
21.94621	-11.009659
21.95619	-11.011508
21.96617	-11.013358
21.97615	-11.01521
21.98613	-11.017063
21.99611	-11.018917
22.00609	-11.020773
22.01607	-11.02263
22.02605	-11.024489
22.03603	-11.026349
22.04601	-11.02821
22.05599	-11.030073
22.06597	-11.031937
22.07595	-11.033802
22.08593	-11.035669
22.09591	-11.037537
22.10589	-11.039407
22.11587	-11.041278
22.12585	-11.04315
22.13583	-11.045024
22.14581	-11.046899
22.15579	-11.048775
22.16577	-11.050653
22.17575	-11.052532
22.18573	-11.054413
22.19571	-11.056295
22.20569	-11.058178
22.21567	-11.060063
22.22565	-11.061949
22.23563	-11.063836
22.24561	-11.065725
22.25559	-11.067615
22.26557	-11.069507
22.27555	-11.0714
22.28553	-11.073294
22.29551	-11.07519
22.30549	-11.077087
22.31547	-11.078986
22.32545	-11.080886
22.33543	-11.082787
22.34541	-11.08469
22.35539	-11.086594
22.36537	-11.088499
22.37535	-11.090406
22.38533	-11.092314
22.39531	-11.094224
22.40529	-11.096135
22.41527	-11.098047
22.42525	-11.099961
22.43523	-11.101876
22.44521	-11.103792
22.45519	-11.10571
22.46517	-11.10763
22.47515	-11.10955
22.48513	-11.111472
22.49511	-11.113396
22.50509	-11.115321
22.51507	-11.117247
22.52505	-11.119175
22.53503	-11.121104
22.54501	-11.123034
22.55499	-11.124966
22.56497	-11.126899
22.57495	-11.128834
22.58493	-11.13077
22.59491	-11.132707
22.60489	-11.134646
22.61487	-11.136586
22.62485	-11.138528
22.63483	-11.140471
22.64481	-11.142415
22.65479	-11.144361
22.66477	-11.146308
22.67475	-11.148257
22.68473	-11.150206
22.69471	-11.152158
22.70469	-11.154111
22.71467	-11.156065
22.72465	-11.15802
22.73463	-11.159977
22.74461	-11.161936
22.75459	-11.163895
22.76457	-11.165857
22.77455	-11.167819
22.78453	-11.169783
22.79451	-11.171748
22.80449	-11.173715
22.81447	-11.175683
22.82445	-11.177653
22.83443	-11.179624
22.84441	-11.181596
22.85439	-11.18357
22.86437	-11.185545
22.87435	-11.187522
22.88433	-11.1895
22.89431	-11.191479
22.90429	-11.19346
22.91427	-11.195442
22.92425	-11.197426
22.93423	-11.199411
22.94421	-11.201397
22.95419	-11.203385
22.96417	-11.205375
22.97415	-11.207365
22.98413	-11.209357
22.99411	-11.211351
23.00409	-11.213346
23.01407	-11.215342
23.02405	-11.21734
23.03403	-11.219339
23.04401	-11.221339
23.05399	-11.223341
23.06397	-11.225345
23.07395	-11.22735
23.08393	-11.229356
23.09391	-11.231363
23.10389	-11.233372
23.11387	-11.235383
23.12385	-11.237395
23.13383	-11.239408
23.14381	-11.241423
23.15379	-11.243439
23.16377	-11.245456
23.17375	-11.247475
23.18373	-11.249495
23.19371	-11.251517
23.20369	-11.25354
23.21367	-11.255565
23.22365	-11.257591
23.23363	-11.259618
23.24361	-11.261647
23.25359	-11.263678
23.26357	-11.265709
23.27355	-11.267742
23.28353	-11.269777
23.29351	-11.271813
23.30349	-11.27385
23.31347	-11.275889
23.32345	-11.277929
23.33343	-11.279971
23.34341	-11.282014
23.35339	-11.284058
23.36337	-11.286104
23.37335	-11.288152
23.38333	-11.2902
23.39331	-11.292251
23.40329	-11.294302
23.41327	-11.296355
23.42325	-11.29841
23.43323	-11.300466
23.44321	-11.302523
23.45319	-11.304582
23.46317	-11.306642
23.47315	-11.308703
23.48313	-11.310766
23.49311	-11.312831
23.50309	-11.314897
23.51307	-11.316964
23.52305	-11.319033
23.53303	-11.321103
23.54301	-11.323174
23.55299	-11.325247
23.56297	-11.327322
23.57295	-11.329398
23.58293	-11.331475
23.59291	-11.333554
23.60289	-11.335634
23.61287	-11.337715
23.62285	-11.339798
23.63283	-11.341883
23.64281	-11.343969
23.65279	-11.346056
23.66277	-11.348145
23.672749	-11.350235
23.682729	-11.352326
23.692709	-11.354419
23.702689	-11.356514
23.712669	-11.35861
23.722649	-11.360707
23.732629	-11.362806
23.742609	-11.364906
23.752589	-11.367008
23.762569	-11.369111
23.772549	-11.371215
23.782529	-11.373321
23.792509	-11.375429
23.802489	-11.377538
23.812469	-11.379648
23.822449	-11.38176
23.832429	-11.383873
23.842409	-11.385987
23.852389	-11.388103
23.862369	-11.390221
23.872349	-11.39234
23.882329	-11.39446
23.892309	-11.396582
23.902289	-11.398705
23.912269	-11.40083
23.922249	-11.402956
23.932229	-11.405083
23.942209	-11.407212
23.952189	-11.409343
23.962169	-11.411475
23.972149	-11.413608
23.982129	-11.415743
23.992109	-11.417879
24.002089	-11.420016
24.012069	-11.422155
24.022049	-11.424296
24.032029	-11.426438
24.042009	-11.428581
24.051989	-11.430726
24.061969	-11.432872
24.071949	-11.43502
24.081929	-11.437169
24.091909	-11.43932
24.101889	-11.441472
24.111869	-11.443626
24.121849	-11.445781
24.131829	-11.447937
24.141809	-11.450095
24.151789	-11.452254
24.161769	-11.454415
24.171749	-11.456577
24.181729	-11.458741
24.191709	-11.460906
24.201689	-11.463072
24.211669	-11.46524
24.221649	-11.46741
24.231629	-11.469581
24.241609	-11.471753
24.251589	-11.473927
24.261569	-11.476102
24.271549	-11.478279
24.281529	-11.480457
24.291509	-11.482636
24.301489	-11.484817
24.311469	-11.487
24.321449	-11.489184
24.331429	-11.491369
24.341409	-11.493556
24.351389	-11.495744
24.361369	-11.497934
24.371349	-11.500125
24.381329	-11.502318
24.391309	-11.504512
24.401289	-11.506708
24.411269	-11.508905
24.421249	-11.511103
24.431229	-11.513303
24.441209	-11.515504
24.451189	-11.517707
24.461169	-11.519912
24.471149	-11.522117
24.481129	-11.524324
24.491109	-11.526533
24.501089	-11.528743
24.511069	-11.530955
24.521049	-11.533168
24.531029	-11.535382
24.541009	-11.537598
24.550989	-11.539816
24.560969	-11.542034
24.570949	-11.544255
24.580929	-11.546476
24.590909	-11.5487
24.600889	-11.550924
24.610869	-11.55315
24.620849	-11.555378
24.630829	-11.557607
24.640809	-11.559838
24.650789	-11.562069
24.660769	-11.564303
24.670749	-11.566538
24.680729	-11.568774
24.690709	-11.571012
24.700689	-11.573251
24.710669	-11.575492
24.720649	-11.577734
24.730629	-11.579978
24.740609	-11.582223
24.750589	-11.584469
24.760569	-11.586717
24.770549	-11.588967
24.780529	-11.591218
24.790509	-11.59347
24.800489	-11.595724
24.810469	-11.597979
24.820449	-11.600236
24.830429	-11.602494
24.840409	-11.604754
24.850389	-11.607015
24.860369	-11.609278
24.870349	-11.611542
24.880329	-11.613808
24.890309	-11.616075
24.900289	-11.618343
24.910269	-11.620613
24.920249	-11.622885
24.930229	-11.625157
24.940209	-11.627432
24.950189	-11.629708
24.960169	-11.631985
24.970149	-11.634264
24.980129	-11.636544
24.990109	-11.638826
25.000089	-11.641109
25.010069	-11.643393
25.020049	-11.645679
25.030029	-11.647967
25.040009	-11.650256
25.049989	-11.652547
25.059969	-11.654838
25.069949	-11.657132
25.079929	-11.659427
25.089909	-11.661723
25.099889	-11.664021
25.109869	-11.66632
25.119849	-11.668621
25.129829	-11.670923
25.139809	-11.673227
25.149789	-11.675532
25.159769	-11.677839
25.169749	-11.680147
25.179729	-11.682456
25.189709	-11.684767
25.199689	-11.68708
25.209669	-11.689394
25.219649	-11.691709
25.229629	-11.694026
25.239609	-11.696345
25.249589	-11.698664
25.259569	-11.700986
25.269549	-11.703309
25.279529	-11.705633
25.289509	-11.707959
25.299489	-11.710286
25.309469	-11.712614
25.319449	-11.714945
25.329429	-11.717276
25.339409	-11.719609
25.349389	-11.721944
25.359369	-11.72428
25.369349	-11.726617
25.379329	-11.728956
25.389309	-11.731297
25.399289	-11.733639
25.409269	-11.735982
25.419249	-11.738327
25.429229	-11.740673
25.439209	-11.743021
25.449189	-11.74537
25.459169	-11.747721
25.469149	-11.750073
25.479129	-11.752427
25.489109	-11.754782
25.499089	-11.757139
25.509069	-11.759497
25.519049	-11.761857
25.529029	-11.764218
25.539009	-11.76658
25.548989	-11.768944
25.558969	-11.77131
25.568949	-11.773677
25.578929	-11.776045
25.588909	-11.778415
25.598889	-11.780786
25.608869	-11.783159
25.618849	-11.785534
25.628829	-11.78791
25.638809	-11.790287
25.648789	-11.792666
25.658769	-11.795046
25.668749	-11.797428
25.678729	-11.799811
25.688709	-11.802195
25.698689	-11.804582
25.708669	-11.806969
25.718649	-11.809358
25.728629	-11.811749
25.738609	-11.814141
25.748589	-11.816534
25.758569	-11.818929
25.768549	-11.821326
25.778529	-11.823724
25.788509	-11.826123
25.798489	-11.828524
25.808469	-11.830927
25.818449	-11.83333
25.828429	-11.835736
25.838409	-11.838143
25.848389	-11.840551
25.858369	-11.842961
25.868349	-11.845372
25.878329	-11.847785
25.888309	-11.850199
25.898289	-11.852615
25.908269	-11.855032
25.918248	-11.85745
25.928228	-11.859871
25.938208	-11.862292
25.948188	-11.864715
25.958168	-11.86714
25.968148	-11.869566
25.978128	-11.871993
25.988108	-11.874422
25.998088	-11.876853
26.008068	-11.879285
26.018048	-11.881718
26.028028	-11.884153
26.038008	-11.886589
26.047988	-11.889027
26.057968	-11.891467
26.067948	-11.893907
26.077928	-11.89635
26.087908	-11.898794
26.097888	-11.901239
26.107868	-11.903686
26.117848	-11.906134
26.127828	-11.908583
26.137808	-11.911035
26.147788	-11.913487
26.157768	-11.915941
26.167748	-11.918397
26.177728	-11.920854
26.187708	-11.923313
26.197688	-11.925773
26.207668	-11.928234
26.217648	-11.930697
26.227628	-11.933162
26.237608	-11.935628
26.247588	-11.938095
26.257568	-11.940564
26.267548	-11.943035
26.277528	-11.945506
26.287508	-11.94798
26.297488	-11.950455
26.307468	-11.952931
26.317448	-11.955409
26.327428	-11.957888
26.337408	-11.960369
26.347388	-11.962851
26.357368	-11.965335
26.367348	-11.96782
26.377328	-11.970307
26.387308	-11.972795
26.397288	-11.975285
26.407268	-11.977776
26.417248	-11.980268
26.427228	-11.982763
26.437208	-11.985258
26.447188	-11.987755
26.457168	-11.990254
26.467148	-11.992754
26.477128	-11.995255
26.487108	-11.997758
26.497088	-12.000263
26.507068	-12.002769
26.517048	-12.005276
26.527028	-12.007785
26.537008	-12.010295
26.546988	-12.012807
26.556968	-12.015321
26.566948	-12.017835
26.576928	-12.020352
26.586908	-12.02287
26.596888	-12.025389
26.606868	-12.02791
26.616848	-12.030432
26.626828	-12.032956
26.636808	-12.035481
26.646788	-12.038007
26.656768	-12.040536
26.666748	-12.043065
26.676728	-12.045596
26.686708	-12.048129
26.696688	-12.050663
26.706668	-12.053199
26.716648	-12.055736
26.726628	-12.058274
26.736608	-12.060814
26.746588	-12.063356
26.756568	-12.065899
26.766548	-12.068443
26.776528	-12.070989
26.786508	-12.073536
26.796488	-12.076085
26.806468	-12.078636
26.816448	-12.081188
26.826428	-12.083741
26.836408	-12.086296
26.846388	-12.088852
26.856368	-12.09141
26.866348	-12.093969
26.876328	-12.09653
26.886308	-12.099092
26.896288	-12.101656
26.906268	-12.104221
26.916248	-12.106788
26.926228	-12.109356
26.936208	-12.111925
26.946188	-12.114496
26.956168	-12.117069
26.966148	-12.119643
26.976128	-12.122219
26.986108	-12.124796
26.996088	-12.127374
27.006068	-12.129954
27.016048	-12.132536
27.026028	-12.135119
27.036008	-12.137703
27.045988	-12.140289
27.055968	-12.142876
27.065948	-12.145465
27.075928	-12.148055
27.085908	-12.150647
27.095888	-12.153241
27.105868	-12.155835
27.115848	-12.158432
27.125828	-12.161029
27.135808	-12.163629
27.145788	-12.166229
27.155768	-12.168831
27.165748	-12.171435
27.175728	-12.17404
27.185708	-12.176647
27.195688	-12.179255
27.205668	-12.181864
27.215648	-12.184476
27.225628	-12.187088
27.235608	-12.189702
27.245588	-12.192318
27.255568	-12.194935
27.265548	-12.197553
27.275528	-12.200173
27.285508	-12.202794
27.295488	-12.205417
27.305468	-12.208042
27.315448	-12.210667
27.325428	-12.213295
27.335408	-12.215924
27.345388	-12.218554
27.355368	-12.221186
27.365348	-12.223819
27.375328	-12.226453
27.385308	-12.22909
27.395288	-12.231727
27.405268	-12.234366
27.415248	-12.237007
27.425228	-12.239649
27.435208	-12.242293
27.445188	-12.244938
27.455168	-12.247584
27.465148	-12.250232
27.475128	-12.252882
27.485108	-12.255533
27.495088	-12.258185
27.505068	-12.260839
27.515048	-12.263494
27.525028	-12.266151
27.535008	-12.26881
27.544988	-12.271469
27.554968	-12.274131
27.564948	-12.276793
27.574928	-12.279458
27.584908	-12.282123
27.594888	-12.284791
27.604868	-12.287459
27.614848	-12.290129
27.624828	-12.292801
27.634808	-12.295474
27.644788	-12.298149
27.654768	-12.300825
27.664748	-12.303502
27.674728	-12.306181
27.684708	-12.308862
27.694688	-12.311544
27.704668	-12.314227
27.714648	-12.316912
27.724628	-12.319598
27.734608	-12.322286
27.744588	-12.324975
27.754568	-12.327666
27.764548	-12.330358
27.774528	-12.333052
27.784508	-12.335747
27.794488	-12.338444
27.804468	-12.341142
27.814448	-12.343842
27.824428	-12.346543
27.834408	-12.349246
27.844388	-12.35195
27.854368	-12.354655
27.864348	-12.357362
27.874328	-12.36007
27.884308	-12.36278
27.894288	-12.365492
27.904268	-12.368205
27.914248	-12.370919
27.924228	-12.373635
27.934208	-12.376352
27.944188	-12.379071
27.954168	-12.381791
27.964148	-12.384513
27.974128	-12.387236
27.984108	-12.389961
27.994088	-12.392687
28.004068	-12.395414
28.014048	-12.398143
28.024028	-12.400874
28.034008	-12.403606
28.043988	-12.406339
28.053968	-12.409074
28.063948	-12.411811
28.073928	-12.414548
28.083908	-12.417288
28.093888	-12.420029
28.103868	-12.422771
28.113848	-12.425514
28.123828	-12.42826
28.133808	-12.431006
28.143788	-12.433754
28.153768	-12.436504
28.163747	-12.439255
28.173727	-12.442008
28.183707	-12.444762
28.193687	-12.447517
28.203667	-12.450274
28.213647	-12.453032
28.223627	-12.455792
28.233607	-12.458554
28.243587	-12.461316
28.253567	-12.464081
28.263547	-12.466846
28.273527	-12.469614
28.283507	-12.472382
28.293487	-12.475152
28.303467	-12.477924
28.313447	-12.480697
28.323427	-12.483472
28.333407	-12.486248
28.343387	-12.489025
28.353367	-12.491804
28.363347	-12.494584
28.373327	-12.497366
28.383307	-12.500149
28.393287	-12.502934
28.403267	-12.50572
28.413247	-12.508508
28.423227	-12.511297
28.433207	-12.514088
28.443187	-12.51688
28.453167	-12.519673
28.463147	-12.522468
28.473127	-12.525265
28.483107	-12.528063
28.493087	-12.530862
28.503067	-12.533663
28.513047	-12.536465
28.523027	-12.539269
28.533007	-12.542074
28.542987	-12.544881
28.552967	-12.547689
28.562947	-12.550499
28.572927	-12.55331
28.582907	-12.556122
28.592887	-12.558936
28.602867	-12.561752
28.612847	-12.564568
28.622827	-12.567387
28.632807	-12.570207
28.642787	-12.573028
28.652767	-12.575851
28.662747	-12.578675
28.672727	-12.5815
28.682707	-12.584327
28.692687	-12.587156
28.702667	-12.589986
28.712647	-12.592817
28.722627	-12.59565
28.732607	-12.598485
28.742587	-12.60132
28.752567	-12.604158
28.762547	-12.606996
28.772527	-12.609837
28.782507	-12.612678
28.792487	-12.615521
28.802467	-12.618366
28.812447	-12.621212
28.822427	-12.624059
28.832407	-12.626908
28.842387	-12.629759
28.852367	-12.63261
28.862347	-12.635464
28.872327	-12.638318
28.882307	-12.641174
28.892287	-12.644032
28.902267	-12.646891
28.912247	-12.649752
28.922227	-12.652614
28.932207	-12.655477
28.942187	-12.658342
28.952167	-12.661208
28.962147	-12.664076
28.972127	-12.666945
28.982107	-12.669816
28.992087	-12.672688
29.002067	-12.675561
29.012047	-12.678436
29.022027	-12.681313
29.032007	-12.684191
29.041987	-12.68707
29.051967	-12.689951
29.061947	-12.692833
29.071927	-12.695717
29.081907	-12.698602
29.091887	-12.701488
29.101867	-12.704376
29.111847	-12.707266
29.121827	-12.710157
29.131807	-12.713049
29.141787	-12.715943
29.151767	-12.718838
29.161747	-12.721735
29.171727	-12.724633
29.181707	-12.727532
29.191687	-12.730433
29.201667	-12.733336
29.211647	-12.73624
29.221627	-12.739145
29.231607	-12.742052
29.241587	-12.74496
29.251567	-12.74787
29.261547	-12.750781
29.271527	-12.753693
29.281507	-12.756607
29.291487	-12.759523
29.301467	-12.762439
29.311447	-12.765358
29.321427	-12.768277
29.331407	-12.771199
29.341387	-12.774121
29.351367	-12.777045
29.361347	-12.779971
29.371327	-12.782898
29.381307	-12.785826
29.391287	-12.788756
29.401267	-12.791687
29.411247	-12.79462
29.421227	-12.797554
29.431207	-12.800489
29.441187	-12.803426
29.451167	-12.806364
29.461147	-12.809304
29.471127	-12.812246
29.481107	-12.815188
29.491087	-12.818132
29.501067	-12.821078
29.511047	-12.824025
29.521027	-12.826973
29.531007	-12.829923
29.540987	-12.832874
29.550967	-12.835827
29.560947	-12.838781
29.570927	-12.841737
29.580907	-12.844694
29.590887	-12.847652
29.600867	-12.850612
29.610847	-12.853573
29.620827	-12.856536
29.630807	-12.8595
29.640787	-12.862466
29.650767	-12.865433
29.660747	-12.868401
29.670727	-12.871371
29.680707	-12.874342
29.690687	-12.877315
29.700667	-12.880289
29.710647	-12.883265
29.720627	-12.886242
29.730607	-12.88922
29.740587	-12.8922
29.750567	-12.895181
29.760547	-12.898164
29.770527	-12.901148
29.780507	-12.904134
29.790487	-12.907121
29.800467	-12.910109
29.810447	-12.913099
29.820427	-12.91609
29.830407	-12.919083
29.840387	-12.922077
29.850367	-12.925072
29.860347	-12.928069
29.870327	-12.931067
29.880307	-12.934067
29.890287	-12.937068
29.900267	-12.940071
29.910247	-12.943075
29.920227	-12.94608
29.930207	-12.949087
29.940187	-12.952095
29.950167	-12.955105
29.960147	-12.958116
29.970127	-12.961128
29.980107	-12.964142
29.990087	-12.967158
30.000067	-12.970174
30.010047	-12.973192
30.020027	-12.976212
30.030007	-12.979233
30.039987	-12.982255
30.049967	-12.985279
30.059947	-12.988304
30.069927	-12.991331
30.079907	-12.994359
30.089887	-12.997388
30.099867	-13.000419
30.109847	-13.003451
30.119827	-13.006485
30.129807	-13.00952
30.139787	-13.012557
30.149767	-13.015595
30.159747	-13.018634
30.169727	-13.021675
30.179707	-13.024717
30.189687	-13.02776
30.199667	-13.030805
30.209647	-13.033852
30.219627	-13.036899
30.229607	-13.039948
30.239587	-13.042999
30.249567	-13.046051
30.259547	-13.049104
30.269527	-13.052159
30.279507	-13.055215
30.289487	-13.058273
30.299467	-13.061332
30.309447	-13.064392
30.319427	-13.067454
30.329407	-13.070517
30.339387	-13.073582
30.349367	-13.076648
30.359347	-13.079715
30.369327	-13.082784
30.379307	-13.085854
30.389287	-13.088925
30.399267	-13.091998
30.409246	-13.095073
30.419226	-13.098149
30.429206	-13.101226
30.439186	-13.104304
30.449166	-13.107384
30.459146	-13.110466
30.469126	-13.113548
30.479106	-13.116632
30.489086	-13.119718
30.499066	-13.122805
30.509046	-13.125893
30.519026	-13.128983
30.529006	-13.132074
30.538986	-13.135166
30.548966	-13.13826
30.558946	-13.141356
30.568926	-13.144452
30.578906	-13.14755
30.588886	-13.15065
30.598866	-13.153751
30.608846	-13.156853
30.618826	-13.159956
30.628806	-13.163061
30.638786	-13.166168
30.648766	-13.169275
30.658746	-13.172385
30.668726	-13.175495
30.678706	-13.178607
30.688686	-13.18172
30.698666	-13.184835
30.708646	-13.187951
30.718626	-13.191069
30.728606	-13.194187
30.738586	-13.197308
30.748566	-13.200429
30.758546	-13.203552
30.768526	-13.206677
30.778506	-13.209802
30.788486	-13.21293
30.798466	-13.216058
30.808446	-13.219188
30.818426	-13.222319
30.828406	-13.225452
30.838386	-13.228586
30.848366	-13.231721
30.858346	-13.234858
30.868326	-13.237996
30.878306	-13.241136
30.888286	-13.244277
30.898266	-13.247419
30.908246	-13.250563
30.918226	-13.253708
30.928206	-13.256854
30.938186	-13.260002
30.948166	-13.263151
30.958146	-13.266301
30.968126	-13.269453
30.978106	-13.272607
30.988086	-13.275761
30.998066	-13.278917
31.008046	-13.282075
31.018026	-13.285233
31.028006	-13.288393
31.037986	-13.291555
31.047966	-13.294718
31.057946	-13.297882
31.067926	-13.301048
31.077906	-13.304214
31.087886	-13.307383
31.097866	-13.310552
31.107846	-13.313723
31.117826	-13.316896
31.127806	-13.32007
31.137786	-13.323245
31.147766	-13.326421
31.157746	-13.329599
31.167726	-13.332778
31.177706	-13.335959
31.187686	-13.339141
31.197666	-13.342324
31.207646	-13.345509
31.217626	-13.348695
31.227606	-13.351882
31.237586	-13.355071
31.247566	-13.358261
31.257546	-13.361452
31.267526	-13.364645
31.277506	-13.367839
31.287486	-13.371035
31.297466	-13.374232
31.307446	-13.37743
31.317426	-13.380629
31.327406	-13.38383
31.337386	-13.387033
31.347366	-13.390236
31.357346	-13.393441
31.367326	-13.396648
31.377306	-13.399855
31.387286	-13.403064
31.397266	-13.406275
31.407246	-13.409486
31.417226	-13.412699
31.427206	-13.415914
31.437186	-13.41913
31.447166	-13.422347
31.457146	-13.425565
31.467126	-13.428785
31.477106	-13.432006
31.487086	-13.435229
31.497066	-13.438453
31.507046	-13.441678
31.517026	-13.444904
31.527006	-13.448132
31.536986	-13.451361
31.546966	-13.454592
31.556946	-13.457824
31.566926	-13.461057
31.576906	-13.464292
31.586886	-13.467527
31.596866	-13.470765
31.606846	-13.474003
31.616826	-13.477243
31.626806	-13.480484
31.636786	-13.483727
31.646766	-13.486971
31.656746	-13.490216
31.666726	-13.493463
31.676706	-13.496711
31.686686	-13.49996
31.696666	-13.503211
31.706646	-13.506463
31.716626	-13.509716
31.726606	-13.51297
31.736586	-13.516226
31.746566	-13.519484
31.756546	-13.522742
31.766526	-13.526002
31.776506	-13.529263
31.786486	-13.532526
31.796466	-13.53579
31.806446	-13.539055
31.816426	-13.542322
31.826406	-13.545589
31.836386	-13.548859
31.846366	-13.552129
31.856346	-13.555401
31.866326	-13.558674
31.876306	-13.561949
31.886286	-13.565225
31.896266	-13.568502
31.906246	-13.57178
31.916226	-13.57506
31.926206	-13.578341
31.936186	-13.581623
31.946166	-13.584907
31.956146	-13.588192
31.966126	-13.591479
31.976106	-13.594766
31.986086	-13.598055
31.996066	-13.601346
32.006046	-13.604637
32.016026	-13.60793
32.026006	-13.611224
32.035986	-13.61452
32.045966	-13.617817
32.055946	-13.621115
32.065926	-13.624415
32.075906	-13.627715
32.085886	-13.631018
32.095866	-13.634321
32.105846	-13.637626
32.115826	-13.640932
32.125806	-13.644239
32.135786	-13.647548
32.145766	-13.650858
32.155746	-13.654169
32.165726	-13.657482
32.175706	-13.660796
32.185686	-13.664111
32.195666	-13.667427
32.205646	-13.670745
32.215626	-13.674064
32.225606	-13.677385
32.235586	-13.680706
32.245566	-13.684029
32.255546	-13.687354
32.265526	-13.690679
32.275506	-13.694006
32.285486	-13.697334
32.295466	-13.700664
32.305446	-13.703995
32.315426	-13.707327
32.325406	-13.71066
32.335386	-13.713995
32.345366	-13.717331
32.355346	-13.720668
32.365326	-13.724007
32.375306	-13.727346
32.385286	-13.730688
32.395266	-13.73403
32.405246	-13.737374
32.415226	-13.740719
32.425206	-13.744065
32.435186	-13.747413
32.445166	-13.750762
32.455146	-13.754112
32.465126	-13.757463
32.475106	-13.760816
32.485086	-13.76417
32.495066	-13.767525
32.505046	-13.770882
32.515026	-13.77424
32.525006	-13.777599
32.534986	-13.780959
32.544966	-13.784321
32.554946	-13.787684
32.564926	-13.791048
32.574906	-13.794414
32.584886	-13.797781
32.594866	-13.801149
32.604846	-13.804518
32.614826	-13.807889
32.624806	-13.811261
32.634786	-13.814634
32.644766	-13.818009
32.654745	-13.821385
32.664725	-13.824762
32.674705	-13.82814
32.684685	-13.83152
32.694665	-13.834901
32.704645	-13.838283
32.714625	-13.841666
32.724605	-13.845051
32.734585	-13.848437
32.744565	-13.851824
32.754545	-13.855213
32.764525	-13.858602
32.774505	-13.861993
32.784485	-13.865386
32.794465	-13.868779
32.804445	-13.872174
32.814425	-13.87557
32.824405	-13.878967
32.834385	-13.882366
32.844365	-13.885766
32.854345	-13.889167
32.864325	-13.89257
32.874305	-13.895973
32.884285	-13.899378
32.894265	-13.902784
32.904245	-13.906192
32.914225	-13.9096
32.924205	-13.91301
32.934185	-13.916422
32.944165	-13.919834
32.954145	-13.923248
32.964125	-13.926663
32.974105	-13.930079
32.984085	-13.933496
32.994065	-13.936915
33.004045	-13.940335
33.014025	-13.943756
33.024005	-13.947179
33.033985	-13.950603
33.043965	-13.954028
33.053945	-13.957454
33.063925	-13.960881
33.073905	-13.96431
33.083885	-13.96774
33.093865	-13.971171
33.103845	-13.974604
33.113825	-13.978037
33.123805	-13.981472
33.133785	-13.984909
33.143765	-13.988346
33.153745	-13.991785
33.163725	-13.995225
33.173705	-13.998666
33.183685	-14.002108
33.193665	-14.005552
33.203645	-14.008997
33.213625	-14.012443
33.223605	-14.01589
33.233585	-14.019339
33.243565	-14.022789
33.253545	-14.02624
33.263525	-14.029692
33.273505	-14.033145
33.283485	-14.0366
33.293465	-14.040056
33.303445	-14.043513
33.313425	-14.046972
33.323405	-14.050432
33.333385	-14.053892
33.343365	-14.057355
33.353345	-14.060818
33.363325	-14.064283
33.373305	-14.067748
33.383285	-14.071215
33.393265	-14.074684
33.403245	-14.078153
33.413225	-14.081624
33.423205	-14.085096
33.433185	-14.088569
33.443165	-14.092043
33.453145	-14.095519
33.463125	-14.098996
33.473105	-14.102474
33.483085	-14.105953
33.493065	-14.109433
33.503045	-14.112915
33.513025	-14.116398
33.523005	-14.119882
33.532985	-14.123368
33.542965	-14.126854
33.552945	-14.130342
33.562925	-14.133831
33.572905	-14.137321
33.582885	-14.140812
33.592865	-14.144305
33.602845	-14.147799
33.612825	-14.151294
33.622805	-14.15479
33.632785	-14.158288
33.642765	-14.161786
33.652745	-14.165286
33.662725	-14.168787
33.672705	-14.172289
33.682685	-14.175793
33.692665	-14.179298
33.702645	-14.182803
33.712625	-14.18631
33.722605	-14.189819
33.732585	-14.193328
33.742565	-14.196839
33.752545	-14.200351
33.762525	-14.203864
33.772505	-14.207378
33.782485	-14.210894
33.792465	-14.21441
33.802445	-14.217928
33.812425	-14.221447
33.822405	-14.224967
33.832385	-14.228489
33.842365	-14.232012
33.852345	-14.235535
33.862325	-14.23906
33.872305	-14.242587
33.882285	-14.246114
33.892265	-14.249643
33.902245	-14.253172
33.912225	-14.256703
33.922205	-14.260236
33.932185	-14.263769
33.942165	-14.267303
33.952145	-14.270839
33.962125	-14.274376
33.972105	-14.277914
33.982085	-14.281453
33.992065	-14.284994
34.002045	-14.288535
34.012025	-14.292078
34.022005	-14.295622
34.031985	-14.299167
34.041965	-14.302714
34.051945	-14.306261
34.061925	-14.30981
34.071905	-14.31336
34.081885	-14.316911
34.091865	-14.320463
34.101845	-14.324016
34.111825	-14.327571
34.121805	-14.331127
34.131785	-14.334684
34.141765	-14.338242
34.151745	-14.341801
34.161725	-14.345361
34.171705	-14.348923
34.181685	-14.352486
34.191665	-14.356049
34.201645	-14.359615
34.211625	-14.363181
34.221605	-14.366748
34.231585	-14.370317
34.241565	-14.373886
34.251545	-14.377457
34.261525	-14.381029
34.271505	-14.384603
34.281485	-14.388177
34.291465	-14.391753
34.301445	-14.395329
34.311425	-14.398907
34.321405	-14.402486
34.331385	-14.406066
34.341365	-14.409648
34.351345	-14.41323
34.361325	-14.416814
34.371305	-14.420398
34.381285	-14.423984
34.391265	-14.427571
34.401245	-14.43116
34.411225	-14.434749
34.421205	-14.43834
34.431185	-14.441931
34.441165	-14.445524
34.451145	-14.449118
34.461125	-14.452713
34.471105	-14.456309
34.481085	-14.459907
34.491065	-14.463505
34.501045	-14.467105
34.511025	-14.470706
34.521005	-14.474308
34.530985	-14.477911
34.540965	-14.481515
34.550945	-14.485121
34.560925	-14.488727
34.570905	-14.492335
34.580885	-14.495944
34.590865	-14.499554
34.600845	-14.503165
34.610825	-14.506777
34.620805	-14.51039
34.630785	-14.514005
34.640765	-14.51762
34.650745	-14.521237
34.660725	-14.524855
34.670705	-14.528474
34.680685	-14.532094
34.690665	-14.535715
34.700645	-14.539338
34.710625	-14.542961
34.720605	-14.546586
34.730585	-14.550212
34.740565	-14.553839
34.750545	-14.557467
34.760525	-14.561096
34.770505	-14.564726
34.780485	-14.568357
34.790465	-14.57199
34.800445	-14.575624
34.810425	-14.579258
34.820405	-14.582894
34.830385	-14.586531
34.840365	-14.590169
34.850345	-14.593808
34.860325	-14.597449
34.870305	-14.60109
34.880285	-14.604733
34.890265	-14.608376
34.900244	-14.612021
34.910224	-14.615667
34.920204	-14.619314
34.930184	-14.622962
34.940164	-14.626611
34.950144	-14.630262
34.960124	-14.633913
34.970104	-14.637566
34.980084	-14.641219
34.990064	-14.644874
35.000044	-14.64853
35.010024	-14.652187
35.020004	-14.655845
35.029984	-14.659504
35.039964	-14.663164
35.049944	-14.666826
35.059924	-14.670488
35.069904	-14.674152
35.079884	-14.677816
35.089864	-14.681482
35.099844	-14.685149
35.109824	-14.688817
35.119804	-14.692486
35.129784	-14.696156
35.139764	-14.699827
35.149744	-14.703499
35.159724	-14.707173
35.169704	-14.710847
35.179684	-14.714523
35.189664	-14.7182
35.199644	-14.721877
35.209624	-14.725556
35.219604	-14.729236
35.229584	-14.732917
35.239564	-14.736599
35.249544	-14.740282
35.259524	-14.743967
35.269504	-14.747652
35.279484	-14.751339
35.289464	-14.755026
35.299444	-14.758715
35.309424	-14.762404
35.319404	-14.766095
35.329384	-14.769787
35.339364	-14.77348
35.349344	-14.777174
35.359324	-14.780869
35.369304	-14.784565
35.379284	-14.788262
35.389264	-14.79196
35.399244	-14.79566
35.409224	-14.79936
35.419204	-14.803062
35.429184	-14.806764
35.439164	-14.810468
35.449144	-14.814172
35.459124	-14.817878
35.469104	-14.821585
35.479084	-14.825293
35.489064	-14.829002
35.499044	-14.832712
35.509024	-14.836423
35.519004	-14.840135
35.528984	-14.843848
35.538964	-14.847563
35.548944	-14.851278
35.558924	-14.854994
35.568904	-14.858712
35.578884	-14.86243
35.588864	-14.86615
35.598844	-14.86987
35.608824	-14.873592
35.618804	-14.877315
35.628784	-14.881039
35.638764	-14.884763
35.648744	-14.888489
35.658724	-14.892216
35.668704	-14.895944
35.678684	-14.899673
35.688664	-14.903403
35.698644	-14.907134
35.708624	-14.910866
35.718604	-14.9146
35.728584	-14.918334
35.738564	-14.922069
35.748544	-14.925806
35.758524	-14.929543
35.768504	-14.933281
35.778484	-14.937021
35.788464	-14.940761
35.798444	-14.944503
35.808424	-14.948245
35.818404	-14.951989
35.828384	-14.955734
35.838364	-14.959479
35.848344	-14.963226
35.858324	-14.966974
35.868304	-14.970723
35.878284	-14.974473
35.888264	-14.978223
35.898244	-14.981975
35.908224	-14.985728
35.918204	-14.989482
35.928184	-14.993237
35.938164	-14.996993
35.948144	-15.00075
35.958124	-15.004508
35.968104	-15.008267
35.978084	-15.012027
35.988064	-15.015788
35.998044	-15.019551
36.008024	-15.023314
36.018004	-15.027078
36.027984	-15.030843
36.037964	-15.034609
36.047944	-15.038377
36.057924	-15.042145
36.067904	-15.045914
36.077884	-15.049684
36.087864	-15.053456
36.097844	-15.057228
36.107824	-15.061001
36.117804	-15.064776
36.127784	-15.068551
36.137764	-15.072328
36.147744	-15.076105
36.157724	-15.079883
36.167704	-15.083663
36.177684	-15.087443
36.187664	-15.091225
36.197644	-15.095007
36.207624	-15.09879
36.217604	-15.102575
36.227584	-15.10636
36.237564	-15.110147
36.247544	-15.113934
36.257524	-15.117723
36.267504	-15.121512
36.277484	-15.125302
36.287464	-15.129094
36.297444	-15.132886
36.307424	-15.13668
36.317404	-15.140474
36.327384	-15.14427
36.337364	-15.148066
36.347344	-15.151863
36.357324	-15.155662
36.367304	-15.159461
36.377284	-15.163261
36.387264	-15.167063
36.397244	-15.170865
36.407224	-15.174669
36.417204	-15.178473
36.427184	-15.182278
36.437164	-15.186084
36.447144	-15.189892
36.457124	-15.1937
36.467104	-15.197509
36.477084	-15.20132
36.487064	-15.205131
36.497044	-15.208943
36.507024	-15.212756
36.517004	-15.21657
36.526984	-15.220385
36.536964	-15.224202
36.546944	-15.228019
36.556924	-15.231837
36.566904	-15.235656
36.576884	-15.239476
36.586864	-15.243297
36.596844	-15.247119
36.606824	-15.250942
36.616804	-15.254765
36.626784	-15.25859
36.636764	-15.262416
36.646744	-15.266243
36.656724	-15.270071
36.666704	-15.273899
36.676684	-15.277729
36.686664	-15.28156
36.696644	-15.285391
36.706624	-15.289224
36.716604	-15.293058
36.726584	-15.296892
36.736564	-15.300728
36.746544	-15.304564
36.756524	-15.308401
36.766504	-15.31224
36.776484	-15.316079
36.786464	-15.319919
36.796444	-15.323761
36.806424	-15.327603
36.816404	-15.331446
36.826384	-15.33529
36.836364	-15.339135
36.846344	-15.342981
36.856324	-15.346828
36.866304	-15.350676
36.876284	-15.354524
36.886264	-15.358374
36.896244	-15.362225
36.906224	-15.366077
36.916204	-15.369929
36.926184	-15.373783
36.936164	-15.377637
36.946144	-15.381493
36.956124	-15.385349
36.966104	-15.389206
36.976084	-15.393065
36.986064	-15.396924
36.996044	-15.400784
37.006024	-15.404645
37.016004	-15.408507
37.025984	-15.41237
37.035964	-15.416234
37.045944	-15.420099
37.055924	-15.423964
37.065904	-15.427831
37.075884	-15.431699
37.085864	-15.435567
37.095844	-15.439437
37.105824	-15.443307
37.115804	-15.447178
37.125784	-15.451051
37.135764	-15.454924
37.145743	-15.458798
37.155723	-15.462673
37.165703	-15.466549
37.175683	-15.470426
37.185663	-15.474304
37.195643	-15.478182
37.205623	-15.482062
37.215603	-15.485942
37.225583	-15.489824
37.235563	-15.493706
37.245543	-15.49759
37.255523	-15.501474
37.265503	-15.505359
37.275483	-15.509245
37.285463	-15.513132
37.295443	-15.51702
37.305423	-15.520909
37.315403	-15.524798
37.325383	-15.528689
37.335363	-15.53258
37.345343	-15.536473
37.355323	-15.540366
37.365303	-15.54426
37.375283	-15.548155
37.385263	-15.552051
37.395243	-15.555948
37.405223	-15.559846
37.415203	-15.563745
37.425183	-15.567645
37.435163	-15.571545
37.445143	-15.575447
37.455123	-15.579349
37.465103	-15.583252
37.475083	-15.587156
37.485063	-15.591061
37.495043	-15.594967
37.505023	-15.598874
37.515003	-15.602782
37.524983	-15.60669
37.534963	-15.6106
37.544943	-15.61451
37.554923	-15.618422
37.564903	-15.622334
37.574883	-15.626247
37.584863	-15.630161
37.594843	-15.634076
37.604823	-15.637991
37.614803	-15.641908
37.624783	-15.645825
37.634763	-15.649744
37.644743	-15.653663
37.654723	-15.657583
37.664703	-15.661504
37.674683	-15.665426
37.684663	-15.669349
37.694643	-15.673272
37.704623	-15.677197
37.714603	-15.681122
37.724583	-15.685049
37.734563	-15.688976
37.744543	-15.692904
37.754523	-15.696833
37.764503	-15.700762
37.774483	-15.704693
37.784463	-15.708625
37.794443	-15.712557
37.804423	-15.71649
37.814403	-15.720424
37.824383	-15.724359
37.834363	-15.728295
37.844343	-15.732232
37.854323	-15.736169
37.864303	-15.740108
37.874283	-15.744047
37.884263	-15.747987
37.894243	-15.751928
37.904223	-15.75587
37.914203	-15.759813
37.924183	-15.763756
37.934163	-15.767701
37.944143	-15.771646
37.954123	-15.775592
37.964103	-15.779539
37.974083	-15.783487
37.984063	-15.787436
37.994043	-15.791386
38.004023	-15.795336
38.014003	-15.799287
38.023983	-15.803239
38.033963	-15.807192
38.043943	-15.811146
38.053923	-15.815101
38.063903	-15.819056
38.073883	-15.823013
38.083863	-15.82697
38.093843	-15.830928
38.103823	-15.834887
38.113803	-15.838846
38.123783	-15.842807
38.133763	-15.846768
38.143743	-15.850731
38.153723	-15.854694
38.163703	-15.858658
38.173683	-15.862622
38.183663	-15.866588
38.193643	-15.870554
38.203623	-15.874522
38.213603	-15.87849
38.223583	-15.882459
38.233563	-15.886428
38.243543	-15.890399
38.253523	-15.89437
38.263503	-15.898342
38.273483	-15.902316
38.283463	-15.906289
38.293443	-15.910264
38.303423	-15.91424
38.313403	-15.918216
38.323383	-15.922193
38.333363	-15.926171
38.343343	-15.93015
38.353323	-15.93413
38.363303	-15.93811
38.373283	-15.942091
38.383263	-15.946074
38.393243	-15.950056
38.403223	-15.95404
38.413203	-15.958025
38.423183	-15.96201
38.433163	-15.965996
38.443143	-15.969983
38.453123	-15.973971
38.463103	-15.97796
38.473083	-15.981949
38.483063	-15.985939
38.493043	-15.98993
38.503023	-15.993922
38.513003	-15.997915
38.522983	-16.001908
38.532963	-16.005903
38.542943	-16.009898
38.552923	-16.013893
38.562903	-16.01789
38.572883	-16.021888
38.582863	-16.025886
38.592843	-16.029885
38.602823	-16.033885
38.612803	-16.037886
38.622783	-16.041887
38.632763	-16.045889
38.642743	-16.049892
38.652723	-16.053896
38.662703	-16.057901
38.672683	-16.061906
38.682663	-16.065912
38.692643	-16.069919
38.702623	-16.073927
38.712603	-16.077936
38.722583	-16.081945
38.732563	-16.085955
38.742543	-16.089966
38.752523	-16.093978
38.762503	-16.097991
38.772483	-16.102004
38.782463	-16.106018
38.792443	-16.110033
38.802423	-16.114049
38.812403	-16.118065
38.822383	-16.122082
38.832363	-16.1261
38.842343	-16.130119
38.852323	-16.134139
38.862303	-16.138159
38.872283	-16.14218
38.882263	-16.146202
38.892243	-16.150225
38.902223	-16.154248
38.912203	-16.158272
38.922183	-16.162297
38.932163	-16.166323
38.942143	-16.170349
38.952123	-16.174377
38.962103	-16.178405
38.972083	-16.182434
38.982063	-16.186463
38.992043	-16.190493
39.002023	-16.194525
39.012003	-16.198556
39.021983	-16.202589
39.031963	-16.206622
39.041943	-16.210657
39.051923	-16.214691
39.061903	-16.218727
39.071883	-16.222764
39.081863	-16.226801
39.091843	-16.230839
39.101823	-16.234877
39.111803	-16.238917
39.121783	-16.242957
39.131763	-16.246998
39.141743	-16.25104
39.151723	-16.255082
39.161703	-16.259125
39.171683	-16.263169
39.181663	-16.267214
39.191643	-16.271259
39.201623	-16.275306
39.211603	-16.279353
39.221583	-16.2834
39.231563	-16.287449
39.241543	-16.291498
39.251523	-16.295548
39.261503	-16.299599
39.271483	-16.30365
39.281463	-16.307702
39.291443	-16.311755
39.301423	-16.315809
39.311403	-16.319863
39.321383	-16.323918
39.331363	-16.327974
39.341343	-16.33203
39.351323	-16.336088
39.361303	-16.340146
39.371283	-16.344204
39.381263	-16.348264
39.391242	-16.352324
39.401222	-16.356385
39.411202	-16.360447
39.421182	-16.364509
39.431162	-16.368572
39.441142	-16.372636
39.451122	-16.376701
39.461102	-16.380766
39.471082	-16.384832
39.481062	-16.388899
39.491042	-16.392966
39.501022	-16.397035
39.511002	-16.401104
39.520982	-16.405173
39.530962	-16.409243
39.540942	-16.413315
39.550922	-16.417386
39.560902	-16.421459
39.570882	-16.425532
39.580862	-16.429606
39.590842	-16.433681
39.600822	-16.437756
39.610802	-16.441832
39.620782	-16.445909
39.630762	-16.449986
39.640742	-16.454065
39.650722	-16.458143
39.660702	-16.462223
39.670682	-16.466303
39.680662	-16.470384
39.690642	-16.474466
39.700622	-16.478549
39.710602	-16.482632
39.720582	-16.486716
39.730562	-16.4908
39.740542	-16.494885
39.750522	-16.498971
39.760502	-16.503058
39.770482	-16.507145
39.780462	-16.511233
39.790442	-16.515322
39.800422	-16.519411
39.810402	-16.523502
39.820382	-16.527592
39.830362	-16.531684
39.840342	-16.535776
39.850322	-16.539869
39.860302	-16.543962
39.870282	-16.548057
39.880262	-16.552152
39.890242	-16.556247
39.900222	-16.560344
39.910202	-16.564441
39.920182	-16.568538
39.930162	-16.572637
39.940142	-16.576736
39.950122	-16.580836
39.960102	-16.584936
39.970082	-16.589037
39.980062	-16.593139
39.990042	-16.597241
40.000022	-16.601344
40.010002	-16.605448
40.019982	-16.609553
40.029962	-16.613658
40.039942	-16.617764
40.049922	-16.62187
40.059902	-16.625977
40.069882	-16.630085
40.079862	-16.634194
40.089842	-16.638303
40.099822	-16.642413
40.109802	-16.646523
40.119782	-16.650635
40.129762	-16.654747
40.139742	-16.658859
40.149722	-16.662972
40.159702	-16.667086
40.169682	-16.671201
40.179662	-16.675316
40.189642	-16.679432
40.199622	-16.683548
40.209602	-16.687665
40.219582	-16.691783
40.229562	-16.695902
40.239542	-16.700021
40.249522	-16.704141
40.259502	-16.708261
40.269482	-16.712382
40.279462	-16.716504
40.289442	-16.720626
40.299422	-16.72475
40.309402	-16.728873
40.319382	-16.732998
40.329362	-16.737123
40.339342	-16.741248
40.349322	-16.745375
40.359302	-16.749502
40.369282	-16.753629
40.379262	-16.757758
40.389242	-16.761886
40.399222	-16.766016
40.409202	-16.770146
40.419182	-16.774277
40.429162	-16.778409
40.439142	-16.782541
40.449122	-16.786673
40.459102	-16.790807
40.469082	-16.794941
40.479062	-16.799076
40.489042	-16.803211
40.499022	-16.807347
40.509002	-16.811483
40.518982	-16.815621
40.528962	-16.819758
40.538942	-16.823897
40.548922	-16.828036
40.558902	-16.832176
40.568882	-16.836316
40.578862	-16.840457
40.588842	-16.844599
40.598822	-16.848741
40.608802	-16.852884
40.618782	-16.857027
40.628762	-16.861171
40.638742	-16.865316
40.648722	-16.869462
40.658702	-16.873608
40.668682	-16.877754
40.678662	-16.881901
40.688642	-16.886049
40.698622	-16.890198
40.708602	-16.894347
40.718582	-16.898497
40.728562	-16.902647
40.738542	-16.906798
40.748522	-16.910949
40.758502	-16.915102
40.768482	-16.919254
40.778462	-16.923408
40.788442	-16.927562
40.798422	-16.931716
40.808402	-16.935872
40.818382	-16.940027
40.828362	-16.944184
40.838342	-16.948341
40.848322	-16.952499
40.858302	-16.956657
40.868282	-16.960816
40.878262	-16.964975
40.888242	-16.969135
40.898222	-16.973296
40.908202	-16.977457
40.918182	-16.981619
40.928162	-16.985781
40.938142	-16.989945
40.948122	-16.994108
40.958102	-16.998272
40.968082	-17.002437
40.978062	-17.006603
40.988042	-17.010769
40.998022	-17.014935
41.008002	-17.019103
41.017982	-17.02327
41.027962	-17.027439
41.037942	-17.031608
41.047922	-17.035777
41.057902	-17.039948
41.067882	-17.044118
41.077862	-17.04829
41.087842	-17.052462
41.097822	-17.056634
41.107802	-17.060807
41.117782	-17.064981
41.127762	-17.069155
41.137742	-17.07333
41.147722	-17.077506
41.157702	-17.081682
41.167682	-17.085858
41.177662	-17.090035
41.187642	-17.094213
41.197622	-17.098391
41.207602	-17.10257
41.217582	-17.10675
41.227562	-17.11093
41.237542	-17.115111
41.247522	-17.119292
41.257502	-17.123473
41.267482	-17.127656
41.277462	-17.131839
41.287442	-17.136022
41.297422	-17.140206
41.307402	-17.144391
41.317382	-17.148576
41.327362	-17.152762
41.337342	-17.156948
41.347322	-17.161135
41.357302	-17.165322
41.367282	-17.16951
41.377262	-17.173699
41.387242	-17.177888
41.397222	-17.182078
41.407202	-17.186268
41.417182	-17.190459
41.427162	-17.19465
41.437142	-17.198842
41.447122	-17.203035
41.457102	-17.207228
41.467082	-17.211421
41.477062	-17.215615
41.487042	-17.21981
41.497022	-17.224005
41.507002	-17.228201
41.516982	-17.232397
41.526962	-17.236594
41.536942	-17.240792
41.546922	-17.24499
41.556902	-17.249188
41.566882	-17.253387
41.576862	-17.257587
41.586842	-17.261787
41.596822	-17.265988
41.606802	-17.270189
41.616782	-17.274391
41.626762	-17.278593
41.636741	-17.282796
41.646721	-17.287
41.656701	-17.291204
41.666681	-17.295408
41.676661	-17.299613
41.686641	-17.303819
41.696621	-17.308025
41.706601	-17.312231
41.716581	-17.316439
41.726561	-17.320646
41.736541	-17.324854
41.746521	-17.329063
41.756501	-17.333273
41.766481	-17.337482
41.776461	-17.341693
41.786441	-17.345904
41.796421	-17.350115
41.806401	-17.354327
41.816381	-17.358539
41.826361	-17.362752
41.836341	-17.366966
41.846321	-17.37118
41.856301	-17.375395
41.866281	-17.37961
41.876261	-17.383825
41.886241	-17.388041
41.896221	-17.392258
41.906201	-17.396475
41.916181	-17.400693
41.926161	-17.404911
41.936141	-17.40913
41.946121	-17.413349
41.956101	-17.417569
41.966081	-17.421789
41.976061	-17.42601
41.986041	-17.430231
41.996021	-17.434453
42.006001	-17.438675
42.015981	-17.442898
42.025961	-17.447121
42.035941	-17.451345
42.045921	-17.455569
42.055901	-17.459794
42.065881	-17.46402
42.075861	-17.468245
42.085841	-17.472472
42.095821	-17.476699
42.105801	-17.480926
42.115781	-17.485154
42.125761	-17.489382
42.135741	-17.493611
42.145721	-17.49784
42.155701	-17.50207
42.165681	-17.506301
42.175661	-17.510531
42.185641	-17.514763
42.195621	-17.518995
42.205601	-17.523227
42.215581	-17.52746
42.225561	-17.531693
42.235541	-17.535927
42.245521	-17.540161
42.255501	-17.544396
42.265481	-17.548631
42.275461	-17.552867
42.285441	-17.557103
42.295421	-17.56134
42.305401	-17.565577
42.315381	-17.569815
42.325361	-17.574053
42.335341	-17.578292
42.345321	-17.582531
42.355301	-17.586771
42.365281	-17.591011
42.375261	-17.595252
42.385241	-17.599493
42.395221	-17.603734
42.405201	-17.607976
42.415181	-17.612219
42.425161	-17.616462
42.435141	-17.620705
42.445121	-17.624949
42.455101	-17.629194
42.465081	-17.633439
42.475061	-17.637684
42.485041	-17.64193
42.495021	-17.646176
42.505001	-17.650423
42.514981	-17.65467
42.524961	-17.658918
42.534941	-17.663166
42.544921	-17.667415
42.554901	-17.671664
42.564881	-17.675913
42.574861	-17.680163
42.584841	-17.684414
42.594821	-17.688665
42.604801	-17.692916
42.614781	-17.697168
42.624761	-17.701421
42.634741	-17.705673
42.644721	-17.709927
42.654701	-17.71418
42.664681	-17.718435
42.674661	-17.722689
42.684641	-17.726944
42.694621	-17.7312
42.704601	-17.735456
42.714581	-17.739713
42.724561	-17.743969
42.734541	-17.748227
42.744521	-17.752485
42.754501	-17.756743
42.764481	-17.761002
42.774461	-17.765261
42.784441	-17.76952
42.794421	-17.773781
42.804401	-17.778041
42.814381	-17.782302
42.824361	-17.786563
42.834341	-17.790825
42.844321	-17.795088
42.854301	-17.79935
42.864281	-17.803614
42.874261	-17.807877
42.884241	-17.812141
42.894221	-17.816406
42.904201	-17.820671
42.914181	-17.824936
42.924161	-17.829202
42.934141	-17.833468
42.944121	-17.837735
42.954101	-17.842002
42.964081	-17.84627
42.974061	-17.850538
42.984041	-17.854806
42.994021	-17.859075
43.004001	-17.863344
43.013981	-17.867614
43.023961	-17.871884
43.033941	-17.876155
43.043921	-17.880426
43.053901	-17.884697
43.063881	-17.888969
43.073861	-17.893241
43.083841	-17.897514
43.093821	-17.901787
43.103801	-17.906061
43.113781	-17.910334
43.123761	-17.914609
43.133741	-17.918884
43.143721	-17.923159
43.153701	-17.927435
43.163681	-17.931711
43.173661	-17.935987
43.183641	-17.940264
43.193621	-17.944541
43.203601	-17.948819
43.213581	-17.953097
43.223561	-17.957376
43.233541	-17.961655
43.243521	-17.965934
43.253501	-17.970214
43.263481	-17.974494
43.273461	-17.978775
43.283441	-17.983056
43.293421	-17.987337
43.303401	-17.991619
43.313381	-17.995902
43.323361	-18.000184
43.333341	-18.004467
43.343321	-18.008751
43.353301	-18.013035
43.363281	-18.017319
43.373261	-18.021604
43.383241	-18.025889
43.393221	-18.030174
43.403201	-18.03446
43.413181	-18.038746
43.423161	-18.043033
43.433141	-18.04732
43.443121	-18.051608
43.453101	-18.055895
43.463081	-18.060184
43.473061	-18.064472
43.483041	-18.068761
43.493021	-18.073051
43.503001	-18.077341
43.512981	-18.081631
43.522961	-18.085922
43.532941	-18.090213
43.542921	-18.094504
43.552901	-18.098796
43.562881	-18.103088
43.572861	-18.107381
43.582841	-18.111674
43.592821	-18.115967
43.602801	-18.120261
43.612781	-18.124555
43.622761	-18.128849
43.632741	-18.133144
43.642721	-18.137439
43.652701	-18.141735
43.662681	-18.146031
43.672661	-18.150327
43.682641	-18.154624
43.692621	-18.158921
43.702601	-18.163219
43.712581	-18.167517
43.722561	-18.171815
43.732541	-18.176114
43.742521	-18.180413
43.752501	-18.184712
43.762481	-18.189012
43.772461	-18.193312
43.782441	-18.197613
43.792421	-18.201914
43.802401	-18.206215
43.812381	-18.210517
43.822361	-18.214819
43.832341	-18.219121
43.842321	-18.223424
43.852301	-18.227727
43.862281	-18.23203
43.872261	-18.236334
43.88224	-18.240638
43.89222	-18.244943
43.9022	-18.249248
43.91218	-18.253553
43.92216	-18.257859
43.93214	-18.262165
43.94212	-18.266471
43.9521	-18.270778
43.96208	-18.275085
43.97206	-18.279392
43.98204	-18.2837
43.99202	-18.288008
44.002	-18.292317
44.01198	-18.296626
44.02196	-18.300935
44.03194	-18.305244
44.04192	-18.309554
44.0519	-18.313865
44.06188	-18.318175
44.07186	-18.322486
44.08184	-18.326797
44.09182	-18.331109
44.1018	-18.335421
44.11178	-18.339733
44.12176	-18.344046
44.13174	-18.348359
44.14172	-18.352673
44.1517	-18.356986
44.16168	-18.3613
44.17166	-18.365615
44.18164	-18.36993
44.19162	-18.374245
44.2016	-18.37856
44.21158	-18.382876
44.22156	-18.387192
44.23154	-18.391509
44.24152	-18.395825
44.2515	-18.400142
44.26148	-18.40446
44.27146	-18.408778
44.28144	-18.413096
44.29142	-18.417414
44.3014	-18.421733
44.31138	-18.426052
44.32136	-18.430372
44.33134	-18.434692
44.34132	-18.439012
44.3513	-18.443332
44.36128	-18.447653
44.37126	-18.451974
44.38124	-18.456296
44.39122	-18.460617
44.4012	-18.464939
44.41118	-18.469262
44.42116	-18.473585
44.43114	-18.477908
44.44112	-18.482231
44.4511	-18.486555
44.46108	-18.490879
44.47106	-18.495203
44.48104	-18.499528
44.49102	-18.503853
44.501	-18.508178
44.51098	-18.512504
44.52096	-18.51683
44.53094	-18.521156
44.54092	-18.525482
44.5509	-18.529809
44.56088	-18.534136
44.57086	-18.538464
44.58084	-18.542792
44.59082	-18.54712
44.6008	-18.551448
44.61078	-18.555777
44.62076	-18.560106
44.63074	-18.564436
44.64072	-18.568765
44.6507	-18.573095
44.66068	-18.577426
44.67066	-18.581756
44.68064	-18.586087
44.69062	-18.590418
44.7006	-18.59475
44.71058	-18.599082
44.72056	-18.603414
44.73054	-18.607746
44.74052	-18.612079
44.7505	-18.616412
44.76048	-18.620745
44.77046	-18.625079
44.78044	-18.629413
44.79042	-18.633747
44.8004	-18.638081
44.81038	-18.642416
44.82036	-18.646751
44.83034	-18.651087
44.84032	-18.655422
44.8503	-18.659758
44.86028	-18.664095
44.87026	-18.668431
44.88024	-18.672768
44.89022	-18.677105
44.9002	-18.681443
44.91018	-18.68578
44.92016	-18.690118
44.93014	-18.694457
44.94012	-18.698795
44.9501	-18.703134
44.96008	-18.707473
44.97006	-18.711813
44.98004	-18.716152
44.99002	-18.720492
45	-18.724833
