Freq_GHz	Model_dBm
0.1	-2.0413193
0.10998	-2.0413443
0.11995999	-2.0413718
0.12993999	-2.0414016
0.13991998	-2.0414337
0.14989998	-2.0414683
0.15987997	-2.0415052
0.16985997	-2.0415446
0.17983996	-2.0415863
0.18981996	-2.0416303
0.19979996	-2.0416768
0.20977995	-2.0417256
0.21975995	-2.0417769
0.22973994	-2.0418305
0.23971994	-2.0418864
0.24969993	-2.0419448
0.25967993	-2.0420055
0.26965992	-2.0420687
0.27963992	-2.0421342
0.28961992	-2.042202
0.29959991	-2.0422723
0.30957991	-2.0423449
0.3195599	-2.04242
0.3295399	-2.0424974
0.33951989	-2.0425771
0.34949989	-2.0426593
0.35947988	-2.0427438
0.36945988	-2.0428308
0.37943988	-2.0429201
0.38941987	-2.0430118
0.39939987	-2.0431058
0.40937986	-2.0432023
0.41935986	-2.0433011
0.42933985	-2.0434023
0.43931985	-2.0435059
0.44929984	-2.0436118
0.45927984	-2.0437202
0.46925984	-2.0438309
0.47923983	-2.043944
0.48921983	-2.0440595
0.49919982	-2.0441774
0.50917982	-2.0442976
0.51915981	-2.0444203
0.52913981	-2.0445453
0.5391198	-2.0446727
0.5490998	-2.0448024
0.5590798	-2.0449346
0.56905979	-2.0450691
0.57903979	-2.0452061
0.58901978	-2.0453453
0.59899978	-2.045487
0.60897977	-2.0456311
0.61895977	-2.0457775
0.62893976	-2.0459263
0.63891976	-2.0460775
0.64889976	-2.0462311
0.65887975	-2.0463871
0.66885975	-2.0465454
0.67883974	-2.0467062
0.68881974	-2.0468693
0.69879973	-2.0470347
0.70877973	-2.0472026
0.71875972	-2.0473729
0.72873972	-2.0475455
0.73871972	-2.0477205
0.74869971	-2.0478979
0.75867971	-2.0480777
0.7686597	-2.0482598
0.7786397	-2.0484444
0.78861969	-2.0486313
0.79859969	-2.0488206
0.80857968	-2.0490123
0.81855968	-2.0492063
0.82853968	-2.0494028
0.83851967	-2.0496016
0.84849967	-2.0498028
0.85847966	-2.0500064
0.86845966	-2.0502124
0.87843965	-2.0504207
0.88841965	-2.0506315
0.89839964	-2.0508446
0.90837964	-2.0510601
0.91835964	-2.051278
0.92833963	-2.0514982
0.93831963	-2.0517209
0.94829962	-2.0519459
0.95827962	-2.0521733
0.96825961	-2.0524031
0.97823961	-2.0526353
0.9882196	-2.0528699
0.9981996	-2.0531068
1.0081796	-2.0533461
1.0181596	-2.0535878
1.0281396	-2.0538319
1.0381196	-2.0540784
1.0480996	-2.0543272
1.0580796	-2.0545785
1.0680596	-2.0548321
1.0780396	-2.0550881
1.0880196	-2.0553465
1.0979996	-2.0556072
1.1079796	-2.0558704
1.1179595	-2.0561359
1.1279395	-2.0564038
1.1379195	-2.0566741
1.1478995	-2.0569468
1.1578795	-2.0572219
1.1678595	-2.0574993
1.1778395	-2.0577791
1.1878195	-2.0580614
1.1977995	-2.058346
1.2077795	-2.0586329
1.2177595	-2.0589223
1.2277395	-2.059214
1.2377195	-2.0595082
1.2476995	-2.0598047
1.2576795	-2.0601036
1.2676595	-2.0604049
1.2776395	-2.0607085
1.2876195	-2.0610146
1.2975995	-2.061323
1.3075795	-2.0616338
1.3175595	-2.061947
1.3275395	-2.0622626
1.3375194	-2.0625806
1.3474994	-2.062901
1.3574794	-2.0632237
1.3674594	-2.0635488
1.3774394	-2.0638763
1.3874194	-2.0642062
1.3973994	-2.0645385
1.4073794	-2.0648732
1.4173594	-2.0652102
1.4273394	-2.0655496
1.4373194	-2.0658914
1.4472994	-2.0662356
1.4572794	-2.0665822
1.4672594	-2.0669312
1.4772394	-2.0672826
1.4872194	-2.0676363
1.4971994	-2.0679924
1.5071794	-2.0683509
1.5171594	-2.0687118
1.5271394	-2.0690751
1.5371194	-2.0694408
1.5470994	-2.0698088
1.5570794	-2.0701793
1.5670593	-2.0705521
1.5770393	-2.0709273
1.5870193	-2.0713049
1.5969993	-2.0716849
1.6069793	-2.0720672
1.6169593	-2.072452
1.6269393	-2.0728391
1.6369193	-2.0732287
1.6468993	-2.0736206
1.6568793	-2.0740149
1.6668593	-2.0744115
1.6768393	-2.0748106
1.6868193	-2.0752121
1.6967993	-2.0756159
1.7067793	-2.0760222
1.7167593	-2.0764308
1.7267393	-2.0768418
1.7367193	-2.0772552
1.7466993	-2.0776709
1.7566793	-2.0780891
1.7666593	-2.0785097
1.7766393	-2.0789326
1.7866192	-2.0793579
1.7965992	-2.0797856
1.8065792	-2.0802157
1.8165592	-2.0806482
1.8265392	-2.0810831
1.8365192	-2.0815204
1.8464992	-2.08196
1.8564792	-2.0824021
1.8664592	-2.0828465
1.8764392	-2.0832933
1.8864192	-2.0837425
1.8963992	-2.0841941
1.9063792	-2.0846481
1.9163592	-2.0851045
1.9263392	-2.0855632
1.9363192	-2.0860244
1.9462992	-2.0864879
1.9562792	-2.0869538
1.9662592	-2.0874221
1.9762392	-2.0878928
1.9862192	-2.0883659
1.9961992	-2.0888414
2.0061792	-2.0893193
2.0161591	-2.0897995
2.0261391	-2.0902822
2.0361191	-2.0907672
2.0460991	-2.0912546
2.0560791	-2.0917444
2.0660591	-2.0922366
2.0760391	-2.0927312
2.0860191	-2.0932282
2.0959991	-2.0937276
2.1059791	-2.0942294
2.1159591	-2.0947335
2.1259391	-2.09524
2.1359191	-2.095749
2.1458991	-2.0962603
2.1558791	-2.096774
2.1658591	-2.0972901
2.1758391	-2.0978086
2.1858191	-2.0983295
2.1957991	-2.0988528
2.2057791	-2.0993785
2.2157591	-2.0999065
2.2257391	-2.100437
2.235719	-2.1009698
2.245699	-2.101505
2.255679	-2.1020427
2.265659	-2.1025827
2.275639	-2.1031251
2.285619	-2.1036699
2.295599	-2.1042171
2.305579	-2.1047666
2.315559	-2.1053186
2.325539	-2.105873
2.335519	-2.1064297
2.345499	-2.1069889
2.355479	-2.1075504
2.365459	-2.1081144
2.375439	-2.1086807
2.385419	-2.1092494
2.395399	-2.1098205
2.405379	-2.110394
2.415359	-2.1109699
2.425339	-2.1115482
2.435319	-2.1121289
2.445299	-2.112712
2.455279	-2.1132975
2.4652589	-2.1138853
2.4752389	-2.1144756
2.4852189	-2.1150682
2.4951989	-2.1156633
2.5051789	-2.1162607
2.5151589	-2.1168605
2.5251389	-2.1174628
2.5351189	-2.1180674
2.5450989	-2.1186744
2.5550789	-2.1192838
2.5650589	-2.1198956
2.5750389	-2.1205098
2.5850189	-2.1211264
2.5949989	-2.1217454
2.6049789	-2.1223668
2.6149589	-2.1229905
2.6249389	-2.1236167
2.6349189	-2.1242453
2.6448989	-2.1248762
2.6548789	-2.1255096
2.6648589	-2.1261453
2.6748389	-2.1267835
2.6848188	-2.127424
2.6947988	-2.128067
2.7047788	-2.1287123
2.7147588	-2.12936
2.7247388	-2.1300102
2.7347188	-2.1306627
2.7446988	-2.1313176
2.7546788	-2.1319749
2.7646588	-2.1326346
2.7746388	-2.1332967
2.7846188	-2.1339612
2.7945988	-2.1346281
2.8045788	-2.1352974
2.8145588	-2.1359691
2.8245388	-2.1366432
2.8345188	-2.1373197
2.8444988	-2.1379986
2.8544788	-2.1386799
2.8644588	-2.1393636
2.8744388	-2.1400496
2.8844188	-2.1407381
2.8943988	-2.141429
2.9043788	-2.1421223
2.9143587	-2.1428179
2.9243387	-2.143516
2.9343187	-2.1442165
2.9442987	-2.1449193
2.9542787	-2.1456246
2.9642587	-2.1463323
2.9742387	-2.1470423
2.9842187	-2.1477548
2.9941987	-2.1484697
3.0041787	-2.1491869
3.0141587	-2.1499066
3.0241387	-2.1506286
3.0341187	-2.1513531
3.0440987	-2.1520799
3.0540787	-2.1528092
3.0640587	-2.1535408
3.0740387	-2.1542749
3.0840187	-2.1550113
3.0939987	-2.1557502
3.1039787	-2.1564915
3.1139587	-2.1572351
3.1239387	-2.1579812
3.1339186	-2.1587296
3.1438986	-2.1594805
3.1538786	-2.1602337
3.1638586	-2.1609894
3.1738386	-2.1617474
3.1838186	-2.1625079
3.1937986	-2.1632708
3.2037786	-2.164036
3.2137586	-2.1648037
3.2237386	-2.1655738
3.2337186	-2.1663462
3.2436986	-2.1671211
3.2536786	-2.1678984
3.2636586	-2.168678
3.2736386	-2.1694601
3.2836186	-2.1702446
3.2935986	-2.1710315
3.3035786	-2.1718207
3.3135586	-2.1726124
3.3235386	-2.1734065
3.3335186	-2.174203
3.3434986	-2.1750019
3.3534786	-2.1758032
3.3634585	-2.1766069
3.3734385	-2.177413
3.3834185	-2.1782215
3.3933985	-2.1790324
3.4033785	-2.1798457
3.4133585	-2.1806614
3.4233385	-2.1814795
3.4333185	-2.1823001
3.4432985	-2.183123
3.4532785	-2.1839483
3.4632585	-2.184776
3.4732385	-2.1856062
3.4832185	-2.1864387
3.4931985	-2.1872737
3.5031785	-2.188111
3.5131585	-2.1889508
3.5231385	-2.1897929
3.5331185	-2.1906375
3.5430985	-2.1914845
3.5530785	-2.1923339
3.5630585	-2.1931856
3.5730385	-2.1940398
3.5830184	-2.1948964
3.5929984	-2.1957554
3.6029784	-2.1966168
3.6129584	-2.1974806
3.6229384	-2.1983469
3.6329184	-2.1992155
3.6428984	-2.2000865
3.6528784	-2.2009599
3.6628584	-2.2018358
3.6728384	-2.202714
3.6828184	-2.2035947
3.6927984	-2.2044778
3.7027784	-2.2053632
3.7127584	-2.2062511
3.7227384	-2.2071414
3.7327184	-2.2080341
3.7426984	-2.2089292
3.7526784	-2.2098267
3.7626584	-2.2107266
3.7726384	-2.2116289
3.7826184	-2.2125337
3.7925984	-2.2134408
3.8025784	-2.2143503
3.8125583	-2.2152623
3.8225383	-2.2161767
3.8325183	-2.2170934
3.8424983	-2.2180126
3.8524783	-2.2189342
3.8624583	-2.2198582
3.8724383	-2.2207846
3.8824183	-2.2217134
3.8923983	-2.2226446
3.9023783	-2.2235783
3.9123583	-2.2245143
3.9223383	-2.2254528
3.9323183	-2.2263936
3.9422983	-2.2273369
3.9522783	-2.2282826
3.9622583	-2.2292307
3.9722383	-2.2301812
3.9822183	-2.2311341
3.9921983	-2.2320894
4.0021783	-2.2330471
4.0121583	-2.2340073
4.0221383	-2.2349698
4.0321182	-2.2359348
4.0420982	-2.2369022
4.0520782	-2.237872
4.0620582	-2.2388442
4.0720382	-2.2398188
4.0820182	-2.2407958
4.0919982	-2.2417752
4.1019782	-2.2427571
4.1119582	-2.2437413
4.1219382	-2.244728
4.1319182	-2.2457171
4.1418982	-2.2467086
4.1518782	-2.2477025
4.1618582	-2.2486988
4.1718382	-2.2496975
4.1818182	-2.2506987
4.1917982	-2.2517022
4.2017782	-2.2527082
4.2117582	-2.2537166
4.2217382	-2.2547274
4.2317182	-2.2557406
4.2416982	-2.2567562
4.2516782	-2.2577742
4.2616581	-2.2587947
4.2716381	-2.2598175
4.2816181	-2.2608428
4.2915981	-2.2618705
4.3015781	-2.2629006
4.3115581	-2.2639331
4.3215381	-2.264968
4.3315181	-2.2660054
4.3414981	-2.2670451
4.3514781	-2.2680873
4.3614581	-2.2691319
4.3714381	-2.2701789
4.3814181	-2.2712283
4.3913981	-2.2722801
4.4013781	-2.2733343
4.4113581	-2.274391
4.4213381	-2.2754501
4.4313181	-2.2765116
4.4412981	-2.2775755
4.4512781	-2.2786418
4.4612581	-2.2797105
4.4712381	-2.2807817
4.481218	-2.2818552
4.491198	-2.2829312
4.501178	-2.2840096
4.511158	-2.2850904
4.521138	-2.2861737
4.531118	-2.2872593
4.541098	-2.2883474
4.551078	-2.2894379
4.561058	-2.2905308
4.571038	-2.2916261
4.581018	-2.2927238
4.590998	-2.293824
4.600978	-2.2949265
4.610958	-2.2960315
4.620938	-2.2971389
4.630918	-2.2982487
4.640898	-2.299361
4.650878	-2.3004756
4.660858	-2.3015927
4.670838	-2.3027122
4.680818	-2.3038341
4.690798	-2.3049584
4.700778	-2.3060851
4.7107579	-2.3072143
4.7207379	-2.3083459
4.7307179	-2.3094799
4.7406979	-2.3106163
4.7506779	-2.3117551
4.7606579	-2.3128964
4.7706379	-2.31404
4.7806179	-2.3151861
4.7905979	-2.3163346
4.8005779	-2.3174856
4.8105579	-2.3186389
4.8205379	-2.3197947
4.8305179	-2.3209529
4.8404979	-2.3221135
4.8504779	-2.3232765
4.8604579	-2.324442
4.8704379	-2.3256098
4.8804179	-2.3267801
4.8903979	-2.3279528
4.9003779	-2.3291279
4.9103579	-2.3303055
4.9203379	-2.3314854
4.9303178	-2.3326678
4.9402978	-2.3338526
4.9502778	-2.3350399
4.9602578	-2.3362295
4.9702378	-2.3374216
4.9802178	-2.3386161
4.9901978	-2.339813
5.0001778	-2.3410123
5.0101578	-2.3422141
5.0201378	-2.3434182
5.0301178	-2.3446248
5.0400978	-2.3458339
5.0500778	-2.3470453
5.0600578	-2.3482592
5.0700378	-2.3494754
5.0800178	-2.3506941
5.0899978	-2.3519153
5.0999778	-2.3531388
5.1099578	-2.3543648
5.1199378	-2.3555932
5.1299178	-2.356824
5.1398978	-2.3580572
5.1498778	-2.3592929
5.1598577	-2.360531
5.1698377	-2.3617715
5.1798177	-2.3630144
5.1897977	-2.3642597
5.1997777	-2.3655075
5.2097577	-2.3667577
5.2197377	-2.3680103
5.2297177	-2.3692654
5.2396977	-2.3705228
5.2496777	-2.3717827
5.2596577	-2.373045
5.2696377	-2.3743098
5.2796177	-2.3755769
5.2895977	-2.3768465
5.2995777	-2.3781185
5.3095577	-2.379393
5.3195377	-2.3806698
5.3295177	-2.3819491
5.3394977	-2.3832308
5.3494777	-2.3845149
5.3594577	-2.3858015
5.3694377	-2.3870904
5.3794176	-2.3883818
5.3893976	-2.3896757
5.3993776	-2.3909719
5.4093576	-2.3922706
5.4193376	-2.3935717
5.4293176	-2.3948752
5.4392976	-2.3961811
5.4492776	-2.3974895
5.4592576	-2.3988003
5.4692376	-2.4001135
5.4792176	-2.4014292
5.4891976	-2.4027473
5.4991776	-2.4040677
5.5091576	-2.4053907
5.5191376	-2.406716
5.5291176	-2.4080438
5.5390976	-2.409374
5.5490776	-2.4107066
5.5590576	-2.4120417
5.5690376	-2.4133791
5.5790176	-2.414719
5.5889976	-2.4160614
5.5989776	-2.4174061
5.6089575	-2.4187533
5.6189375	-2.4201029
5.6289175	-2.4214549
5.6388975	-2.4228094
5.6488775	-2.4241663
5.6588575	-2.4255256
5.6688375	-2.4268873
5.6788175	-2.4282515
5.6887975	-2.4296181
5.6987775	-2.4309871
5.7087575	-2.4323586
5.7187375	-2.4337324
5.7287175	-2.4351087
5.7386975	-2.4364874
5.7486775	-2.4378686
5.7586575	-2.4392522
5.7686375	-2.4406382
5.7786175	-2.4420266
5.7885975	-2.4434175
5.7985775	-2.4448108
5.8085575	-2.4462065
5.8185375	-2.4476046
5.8285174	-2.4490052
5.8384974	-2.4504082
5.8484774	-2.4518136
5.8584574	-2.4532215
5.8684374	-2.4546317
5.8784174	-2.4560445
5.8883974	-2.4574596
5.8983774	-2.4588772
5.9083574	-2.4602971
5.9183374	-2.4617196
5.9283174	-2.4631444
5.9382974	-2.4645717
5.9482774	-2.4660014
5.9582574	-2.4674335
5.9682374	-2.4688681
5.9782174	-2.4703051
5.9881974	-2.4717445
5.9981774	-2.4731863
6.0081574	-2.4746306
6.0181374	-2.4760773
6.0281174	-2.4775264
6.0380974	-2.478978
6.0480774	-2.480432
6.0580573	-2.4818884
6.0680373	-2.4833472
6.0780173	-2.4848085
6.0879973	-2.4862722
6.0979773	-2.4877383
6.1079573	-2.4892069
6.1179373	-2.4906779
6.1279173	-2.4921513
6.1378973	-2.4936271
6.1478773	-2.4951054
6.1578573	-2.4965861
6.1678373	-2.4980692
6.1778173	-2.4995548
6.1877973	-2.5010428
6.1977773	-2.5025332
6.2077573	-2.504026
6.2177373	-2.5055213
6.2277173	-2.507019
6.2376973	-2.5085192
6.2476773	-2.5100217
6.2576573	-2.5115267
6.2676373	-2.5130341
6.2776172	-2.514544
6.2875972	-2.5160563
6.2975772	-2.517571
6.3075572	-2.5190881
6.3175372	-2.5206077
6.3275172	-2.5221297
6.3374972	-2.5236541
6.3474772	-2.525181
6.3574572	-2.5267103
6.3674372	-2.528242
6.3774172	-2.5297761
6.3873972	-2.5313127
6.3973772	-2.5328517
6.4073572	-2.5343931
6.4173372	-2.535937
6.4273172	-2.5374833
6.4372972	-2.539032
6.4472772	-2.5405832
6.4572572	-2.5421368
6.4672372	-2.5436928
6.4772172	-2.5452512
6.4871972	-2.5468121
6.4971772	-2.5483754
6.5071571	-2.5499411
6.5171371	-2.5515093
6.5271171	-2.5530799
6.5370971	-2.5546529
6.5470771	-2.5562284
6.5570571	-2.5578062
6.5670371	-2.5593865
6.5770171	-2.5609693
6.5869971	-2.5625545
6.5969771	-2.5641421
6.6069571	-2.5657321
6.6169371	-2.5673245
6.6269171	-2.5689194
6.6368971	-2.5705168
6.6468771	-2.5721165
6.6568571	-2.5737187
6.6668371	-2.5753233
6.6768171	-2.5769303
6.6867971	-2.5785398
6.6967771	-2.5801517
6.7067571	-2.581766
6.7167371	-2.5833828
6.726717	-2.585002
6.736697	-2.5866236
6.746677	-2.5882476
6.756657	-2.5898741
6.766637	-2.591503
6.776617	-2.5931343
6.786597	-2.5947681
6.796577	-2.5964043
6.806557	-2.5980429
6.816537	-2.599684
6.826517	-2.6013275
6.836497	-2.6029734
6.846477	-2.6046217
6.856457	-2.6062725
6.866437	-2.6079257
6.876417	-2.6095813
6.886397	-2.6112394
6.896377	-2.6128999
6.906357	-2.6145628
6.916337	-2.6162282
6.926317	-2.6178959
6.936297	-2.6195662
6.946277	-2.6212388
6.9562569	-2.6229139
6.9662369	-2.6245914
6.9762169	-2.6262713
6.9861969	-2.6279536
6.9961769	-2.6296384
7.0061569	-2.6313256
7.0161369	-2.6330153
7.0261169	-2.6347074
7.0360969	-2.6364019
7.0460769	-2.6380988
7.0560569	-2.6397982
7.0660369	-2.6414999
7.0760169	-2.6432042
7.0859969	-2.6449108
7.0959769	-2.6466199
7.1059569	-2.6483314
7.1159369	-2.6500453
7.1259169	-2.6517617
7.1358969	-2.6534805
7.1458769	-2.6552017
7.1558569	-2.6569253
7.1658369	-2.6586514
7.1758168	-2.6603799
7.1857968	-2.6621109
7.1957768	-2.6638442
7.2057568	-2.66558
7.2157368	-2.6673182
7.2257168	-2.6690589
7.2356968	-2.670802
7.2456768	-2.6725475
7.2556568	-2.6742954
7.2656368	-2.6760458
7.2756168	-2.6777986
7.2855968	-2.6795538
7.2955768	-2.6813114
7.3055568	-2.6830715
7.3155368	-2.684834
7.3255168	-2.6865989
7.3354968	-2.6883663
7.3454768	-2.6901361
7.3554568	-2.6919083
7.3654368	-2.6936829
7.3754168	-2.69546
7.3853968	-2.6972395
7.3953768	-2.6990214
7.4053567	-2.7008057
7.4153367	-2.7025925
7.4253167	-2.7043817
7.4352967	-2.7061733
7.4452767	-2.7079674
7.4552567	-2.7097639
7.4652367	-2.7115628
7.4752167	-2.7133641
7.4851967	-2.7151679
7.4951767	-2.7169741
7.5051567	-2.7187827
7.5151367	-2.7205937
7.5251167	-2.7224072
7.5350967	-2.7242231
7.5450767	-2.7260414
7.5550567	-2.7278622
7.5650367	-2.7296853
7.5750167	-2.7315109
7.5849967	-2.733339
7.5949767	-2.7351694
7.6049567	-2.7370023
7.6149367	-2.7388376
7.6249166	-2.7406753
7.6348966	-2.7425155
7.6448766	-2.7443581
7.6548566	-2.7462031
7.6648366	-2.7480505
7.6748166	-2.7499003
7.6847966	-2.7517526
7.6947766	-2.7536073
7.7047566	-2.7554645
7.7147366	-2.757324
7.7247166	-2.759186
7.7346966	-2.7610504
7.7446766	-2.7629172
7.7546566	-2.7647865
7.7646366	-2.7666581
7.7746166	-2.7685322
7.7845966	-2.7704087
7.7945766	-2.7722877
7.8045566	-2.7741691
7.8145366	-2.7760529
7.8245166	-2.7779391
7.8344966	-2.7798277
7.8444766	-2.7817188
7.8544565	-2.7836123
7.8644365	-2.7855082
7.8744165	-2.7874065
7.8843965	-2.7893072
7.8943765	-2.7912104
7.9043565	-2.793116
7.9143365	-2.795024
7.9243165	-2.7969345
7.9342965	-2.7988473
7.9442765	-2.8007626
7.9542565	-2.8026803
7.9642365	-2.8046005
7.9742165	-2.806523
7.9841965	-2.808448
7.9941765	-2.8103754
8.0041565	-2.8123052
8.0141365	-2.8142374
8.0241165	-2.8161721
8.0340965	-2.8181092
8.0440765	-2.8200487
8.0540565	-2.8219906
8.0640365	-2.8239349
8.0740164	-2.8258817
8.0839964	-2.8278309
8.0939764	-2.8297825
8.1039564	-2.8317365
8.1139364	-2.8336929
8.1239164	-2.8356518
8.1338964	-2.8376131
8.1438764	-2.8395768
8.1538564	-2.8415429
8.1638364	-2.8435114
8.1738164	-2.8454824
8.1837964	-2.8474557
8.1937764	-2.8494315
8.2037564	-2.8514097
8.2137364	-2.8533904
8.2237164	-2.8553734
8.2336964	-2.8573589
8.2436764	-2.8593468
8.2536564	-2.8613371
8.2636364	-2.8633298
8.2736164	-2.8653249
8.2835964	-2.8673224
8.2935764	-2.8693224
8.3035563	-2.8713248
8.3135363	-2.8733296
8.3235163	-2.8753368
8.3334963	-2.8773464
8.3434763	-2.8793585
8.3534563	-2.8813729
8.3634363	-2.8833898
8.3734163	-2.8854091
8.3833963	-2.8874308
8.3933763	-2.8894549
8.4033563	-2.8914815
8.4133363	-2.8935104
8.4233163	-2.8955418
8.4332963	-2.8975756
8.4432763	-2.8996118
8.4532563	-2.9016504
8.4632363	-2.9036914
8.4732163	-2.9057348
8.4831963	-2.9077807
8.4931763	-2.909829
8.5031563	-2.9118796
8.5131363	-2.9139327
8.5231162	-2.9159882
8.5330962	-2.9180461
8.5430762	-2.9201065
8.5530562	-2.9221692
8.5630362	-2.9242343
8.5730162	-2.9263019
8.5829962	-2.9283719
8.5929762	-2.9304443
8.6029562	-2.9325191
8.6129362	-2.9345963
8.6229162	-2.9366759
8.6328962	-2.9387579
8.6428762	-2.9408423
8.6528562	-2.9429292
8.6628362	-2.9450184
8.6728162	-2.9471101
8.6827962	-2.9492042
8.6927762	-2.9513007
8.7027562	-2.9533995
8.7127362	-2.9555008
8.7227162	-2.9576046
8.7326962	-2.9597107
8.7426762	-2.9618192
8.7526561	-2.9639301
8.7626361	-2.9660435
8.7726161	-2.9681592
8.7825961	-2.9702774
8.7925761	-2.9723979
8.8025561	-2.9745209
8.8125361	-2.9766463
8.8225161	-2.978774
8.8324961	-2.9809042
8.8424761	-2.9830368
8.8524561	-2.9851718
8.8624361	-2.9873092
8.8724161	-2.989449
8.8823961	-2.9915912
8.8923761	-2.9937358
8.9023561	-2.9958829
8.9123361	-2.9980323
8.9223161	-3.0001841
8.9322961	-3.0023383
8.9422761	-3.004495
8.9522561	-3.006654
8.9622361	-3.0088154
8.972216	-3.0109793
8.982196	-3.0131455
8.992176	-3.0153142
9.002156	-3.0174852
9.012136	-3.0196587
9.022116	-3.0218345
9.032096	-3.0240128
9.042076	-3.0261934
9.052056	-3.0283765
9.062036	-3.0305619
9.072016	-3.0327498
9.081996	-3.03494
9.091976	-3.0371327
9.101956	-3.0393277
9.111936	-3.0415251
9.121916	-3.043725
9.131896	-3.0459272
9.141876	-3.0481319
9.151856	-3.0503389
9.161836	-3.0525483
9.171816	-3.0547602
9.181796	-3.0569744
9.191776	-3.059191
9.2017559	-3.06141
9.2117359	-3.0636315
9.2217159	-3.0658553
9.2316959	-3.0680815
9.2416759	-3.0703101
9.2516559	-3.0725411
9.2616359	-3.0747745
9.2716159	-3.0770103
9.2815959	-3.0792484
9.2915759	-3.081489
9.3015559	-3.083732
9.3115359	-3.0859773
9.3215159	-3.0882251
9.3314959	-3.0904752
9.3414759	-3.0927278
9.3514559	-3.0949827
9.3614359	-3.09724
9.3714159	-3.0994997
9.3813959	-3.1017618
9.3913759	-3.1040263
9.4013559	-3.1062932
9.4113359	-3.1085624
9.4213158	-3.1108341
9.4312958	-3.1131081
9.4412758	-3.1153846
9.4512558	-3.1176634
9.4612358	-3.1199446
9.4712158	-3.1222282
9.4811958	-3.1245142
9.4911758	-3.1268026
9.5011558	-3.1290933
9.5111358	-3.1313865
9.5211158	-3.133682
9.5310958	-3.13598
9.5410758	-3.1382803
9.5510558	-3.140583
9.5610358	-3.142888
9.5710158	-3.1451955
9.5809958	-3.1475053
9.5909758	-3.1498176
9.6009558	-3.1521322
9.6109358	-3.1544492
9.6209158	-3.1567685
9.6308958	-3.1590903
9.6408758	-3.1614144
9.6508557	-3.163741
9.6608357	-3.1660699
9.6708157	-3.1684012
9.6807957	-3.1707348
9.6907757	-3.1730709
9.7007557	-3.1754093
9.7107357	-3.1777501
9.7207157	-3.1800933
9.7306957	-3.1824389
9.7406757	-3.1847868
9.7506557	-3.1871371
9.7606357	-3.1894898
9.7706157	-3.1918449
9.7805957	-3.1942024
9.7905757	-3.1965622
9.8005557	-3.1989244
9.8105357	-3.201289
9.8205157	-3.2036559
9.8304957	-3.2060253
9.8404757	-3.208397
9.8504557	-3.2107711
9.8604357	-3.2131475
9.8704156	-3.2155263
9.8803956	-3.2179075
9.8903756	-3.2202911
9.9003556	-3.2226771
9.9103356	-3.2250654
9.9203156	-3.2274561
9.9302956	-3.2298491
9.9402756	-3.2322446
9.9502556	-3.2346424
9.9602356	-3.2370426
9.9702156	-3.2394451
9.9801956	-3.24185
9.9901756	-3.2442573
10.000156	-3.2466669
10.010136	-3.249079
10.020116	-3.2514933
10.030096	-3.2539101
10.040076	-3.2563292
10.050056	-3.2587507
10.060036	-3.2611746
10.070016	-3.2636008
10.079996	-3.2660294
10.089976	-3.2684603
10.099956	-3.2708936
10.109936	-3.2733293
10.119916	-3.2757673
10.129896	-3.2782077
10.139876	-3.2806505
10.149856	-3.2830956
10.159836	-3.2855431
10.169816	-3.287993
10.179796	-3.2904452
10.189776	-3.2928998
10.199756	-3.2953567
10.209735	-3.297816
10.219715	-3.3002777
10.229695	-3.3027417
10.239675	-3.305208
10.249655	-3.3076768
10.259635	-3.3101478
10.269615	-3.3126213
10.279595	-3.3150971
10.289575	-3.3175752
10.299555	-3.3200558
10.309535	-3.3225386
10.319515	-3.3250238
10.329495	-3.3275114
10.339475	-3.3300013
10.349455	-3.3324936
10.359435	-3.3349883
10.369415	-3.3374853
10.379395	-3.3399846
10.389375	-3.3424863
10.399355	-3.3449903
10.409335	-3.3474967
10.419315	-3.3500055
10.429295	-3.3525166
10.439275	-3.35503
10.449255	-3.3575458
10.459235	-3.3600639
10.469215	-3.3625844
10.479195	-3.3651073
10.489175	-3.3676324
10.499155	-3.37016
10.509135	-3.3726898
10.519115	-3.3752221
10.529095	-3.3777566
10.539075	-3.3802935
10.549055	-3.3828328
10.559035	-3.3853744
10.569015	-3.3879183
10.578995	-3.3904646
10.588975	-3.3930132
10.598955	-3.3955642
10.608935	-3.3981175
10.618915	-3.4006732
10.628895	-3.4032312
10.638875	-3.4057915
10.648855	-3.4083541
10.658835	-3.4109192
10.668815	-3.4134865
10.678795	-3.4160562
10.688775	-3.4186282
10.698755	-3.4212026
10.708735	-3.4237792
10.718715	-3.4263583
10.728695	-3.4289396
10.738675	-3.4315233
10.748655	-3.4341094
10.758635	-3.4366977
10.768615	-3.4392884
10.778595	-3.4418814
10.788575	-3.4444768
10.798555	-3.4470745
10.808535	-3.4496745
10.818515	-3.4522769
10.828495	-3.4548816
10.838475	-3.4574886
10.848455	-3.4600979
10.858435	-3.4627096
10.868415	-3.4653236
10.878395	-3.4679399
10.888375	-3.4705586
10.898355	-3.4731795
10.908335	-3.4758028
10.918315	-3.4784285
10.928295	-3.4810564
10.938275	-3.4836867
10.948255	-3.4863193
10.958235	-3.4889542
10.968215	-3.4915914
10.978195	-3.494231
10.988175	-3.4968729
10.998155	-3.4995171
11.008135	-3.5021636
11.018115	-3.5048125
11.028095	-3.5074636
11.038075	-3.5101171
11.048055	-3.5127729
11.058035	-3.515431
11.068015	-3.5180915
11.077995	-3.5207542
11.087975	-3.5234193
11.097955	-3.5260867
11.107935	-3.5287564
11.117915	-3.5314284
11.127895	-3.5341027
11.137875	-3.5367793
11.147855	-3.5394583
11.157835	-3.5421396
11.167815	-3.5448231
11.177795	-3.547509
11.187775	-3.5501972
11.197755	-3.5528877
11.207735	-3.5555805
11.217715	-3.5582756
11.227695	-3.560973
11.237675	-3.5636728
11.247655	-3.5663748
11.257635	-3.5690791
11.267615	-3.5717858
11.277595	-3.5744947
11.287575	-3.577206
11.297555	-3.5799196
11.307535	-3.5826354
11.317515	-3.5853536
11.327495	-3.588074
11.337475	-3.5907968
11.347455	-3.5935219
11.357435	-3.5962492
11.367415	-3.5989789
11.377395	-3.6017109
11.387375	-3.6044451
11.397355	-3.6071817
11.407335	-3.6099205
11.417315	-3.6126617
11.427295	-3.6154051
11.437275	-3.6181509
11.447255	-3.6208989
11.457235	-3.6236492
11.467215	-3.6264018
11.477195	-3.6291567
11.487175	-3.6319139
11.497155	-3.6346734
11.507135	-3.6374352
11.517115	-3.6401993
11.527095	-3.6429656
11.537075	-3.6457343
11.547055	-3.6485052
11.557035	-3.6512785
11.567015	-3.654054
11.576995	-3.6568318
11.586975	-3.6596118
11.596955	-3.6623942
11.606935	-3.6651789
11.616915	-3.6679658
11.626895	-3.670755
11.636875	-3.6735465
11.646855	-3.6763403
11.656835	-3.6791363
11.666815	-3.6819347
11.676795	-3.6847353
11.686775	-3.6875382
11.696755	-3.6903433
11.706735	-3.6931508
11.716715	-3.6959605
11.726695	-3.6987725
11.736675	-3.7015868
11.746655	-3.7044033
11.756635	-3.7072222
11.766615	-3.7100433
11.776595	-3.7128666
11.786575	-3.7156923
11.796555	-3.7185202
11.806535	-3.7213504
11.816515	-3.7241828
11.826495	-3.7270176
11.836475	-3.7298545
11.846455	-3.7326938
11.856435	-3.7355353
11.866415	-3.7383791
11.876395	-3.7412252
11.886375	-3.7440735
11.896355	-3.7469241
11.906335	-3.7497769
11.916315	-3.752632
11.926295	-3.7554894
11.936275	-3.7583491
11.946255	-3.761211
11.956235	-3.7640751
11.966215	-3.7669415
11.976195	-3.7698102
11.986175	-3.7726811
11.996155	-3.7755543
12.006135	-3.7784298
12.016115	-3.7813075
12.026095	-3.7841874
12.036075	-3.7870696
12.046055	-3.7899541
12.056035	-3.7928408
12.066015	-3.7957298
12.075995	-3.798621
12.085975	-3.8015145
12.095955	-3.8044102
12.105935	-3.8073082
12.115915	-3.8102084
12.125895	-3.8131108
12.135875	-3.8160156
12.145855	-3.8189225
12.155835	-3.8218317
12.165815	-3.8247432
12.175795	-3.8276569
12.185775	-3.8305728
12.195755	-3.833491
12.205735	-3.8364114
12.215715	-3.8393341
12.225695	-3.842259
12.235675	-3.8451861
12.245655	-3.8481155
12.255635	-3.8510471
12.265615	-3.853981
12.275595	-3.8569171
12.285575	-3.8598554
12.295555	-3.862796
12.305535	-3.8657388
12.315515	-3.8686838
12.325495	-3.8716311
12.335475	-3.8745806
12.345455	-3.8775323
12.355435	-3.8804862
12.365415	-3.8834424
12.375395	-3.8864008
12.385375	-3.8893615
12.395355	-3.8923244
12.405335	-3.8952895
12.415315	-3.8982568
12.425295	-3.9012263
12.435275	-3.9041981
12.445255	-3.9071721
12.455234	-3.9101483
12.465214	-3.9131268
12.475194	-3.9161074
12.485174	-3.9190903
12.495154	-3.9220754
12.505134	-3.9250628
12.515114	-3.9280523
12.525094	-3.9310441
12.535074	-3.934038
12.545054	-3.9370342
12.555034	-3.9400326
12.565014	-3.9430332
12.574994	-3.9460361
12.584974	-3.9490411
12.594954	-3.9520484
12.604934	-3.9550578
12.614914	-3.9580695
12.624894	-3.9610834
12.634874	-3.9640995
12.644854	-3.9671178
12.654834	-3.9701383
12.664814	-3.973161
12.674794	-3.976186
12.684774	-3.9792131
12.694754	-3.9822424
12.704734	-3.9852739
12.714714	-3.9883077
12.724694	-3.9913436
12.734674	-3.9943817
12.744654	-3.9974221
12.754634	-4.0004646
12.764614	-4.0035093
12.774594	-4.0065563
12.784574	-4.0096054
12.794554	-4.0126567
12.804534	-4.0157102
12.814514	-4.0187659
12.824494	-4.0218238
12.834474	-4.0248839
12.844454	-4.0279462
12.854434	-4.0310107
12.864414	-4.0340773
12.874394	-4.0371462
12.884374	-4.0402172
12.894354	-4.0432905
12.904334	-4.0463659
12.914314	-4.0494435
12.924294	-4.0525232
12.934274	-4.0556052
12.944254	-4.0586894
12.954234	-4.0617757
12.964214	-4.0648642
12.974194	-4.0679549
12.984174	-4.0710478
12.994154	-4.0741428
13.004134	-4.07724
13.014114	-4.0803394
13.024094	-4.083441
13.034074	-4.0865448
13.044054	-4.0896507
13.054034	-4.0927588
13.064014	-4.0958691
13.073994	-4.0989815
13.083974	-4.1020961
13.093954	-4.1052129
13.103934	-4.1083318
13.113914	-4.111453
13.123894	-4.1145763
13.133874	-4.1177017
13.143854	-4.1208293
13.153834	-4.1239591
13.163814	-4.1270911
13.173794	-4.1302252
13.183774	-4.1333614
13.193754	-4.1364999
13.203734	-4.1396405
13.213714	-4.1427832
13.223694	-4.1459281
13.233674	-4.1490752
13.243654	-4.1522244
13.253634	-4.1553758
13.263614	-4.1585293
13.273594	-4.161685
13.283574	-4.1648428
13.293554	-4.1680028
13.303534	-4.171165
13.313514	-4.1743293
13.323494	-4.1774957
13.333474	-4.1806643
13.343454	-4.183835
13.353434	-4.1870079
13.363414	-4.1901829
13.373394	-4.1933601
13.383374	-4.1965394
13.393354	-4.1997209
13.403334	-4.2029045
13.413314	-4.2060902
13.423294	-4.2092781
13.433274	-4.2124681
13.443254	-4.2156603
13.453234	-4.2188546
13.463214	-4.222051
13.473194	-4.2252496
13.483174	-4.2284503
13.493154	-4.2316531
13.503134	-4.2348581
13.513114	-4.2380651
13.523094	-4.2412744
13.533074	-4.2444857
13.543054	-4.2476992
13.553034	-4.2509148
13.563014	-4.2541326
13.572994	-4.2573524
13.582974	-4.2605744
13.592954	-4.2637986
13.602934	-4.2670248
13.612914	-4.2702532
13.622894	-4.2734836
13.632874	-4.2767162
13.642854	-4.279951
13.652834	-4.2831878
13.662814	-4.2864268
13.672794	-4.2896678
13.682774	-4.292911
13.692754	-4.2961563
13.702734	-4.2994037
13.712714	-4.3026533
13.722694	-4.3059049
13.732674	-4.3091587
13.742654	-4.3124145
13.752634	-4.3156725
13.762614	-4.3189326
13.772594	-4.3221948
13.782574	-4.3254591
13.792554	-4.3287255
13.802534	-4.331994
13.812514	-4.3352646
13.822494	-4.3385373
13.832474	-4.3418121
13.842454	-4.345089
13.852434	-4.348368
13.862414	-4.3516491
13.872394	-4.3549323
13.882374	-4.3582176
13.892354	-4.361505
13.902334	-4.3647944
13.912314	-4.368086
13.922294	-4.3713797
13.932274	-4.3746755
13.942254	-4.3779733
13.952234	-4.3812732
13.962214	-4.3845753
13.972194	-4.3878794
13.982174	-4.3911856
13.992154	-4.3944939
14.002134	-4.3978042
14.012114	-4.4011167
14.022094	-4.4044312
14.032074	-4.4077478
14.042054	-4.4110665
14.052034	-4.4143873
14.062014	-4.4177102
14.071994	-4.4210351
14.081974	-4.4243621
14.091954	-4.4276912
14.101934	-4.4310223
14.111914	-4.4343556
14.121894	-4.4376909
14.131874	-4.4410282
14.141854	-4.4443677
14.151834	-4.4477092
14.161814	-4.4510528
14.171794	-4.4543984
14.181774	-4.4577461
14.191754	-4.4610959
14.201734	-4.4644477
14.211714	-4.4678016
14.221694	-4.4711576
14.231674	-4.4745156
14.241654	-4.4778757
14.251634	-4.4812378
14.261614	-4.484602
14.271594	-4.4879683
14.281574	-4.4913366
14.291554	-4.494707
14.301534	-4.4980794
14.311514	-4.5014539
14.321494	-4.5048304
14.331474	-4.508209
14.341454	-4.5115896
14.351434	-4.5149723
14.361414	-4.518357
14.371394	-4.5217438
14.381374	-4.5251326
14.391354	-4.5285234
14.401334	-4.5319163
14.411314	-4.5353113
14.421294	-4.5387082
14.431274	-4.5421073
14.441254	-4.5455083
14.451234	-4.5489114
14.461214	-4.5523165
14.471194	-4.5557237
14.481174	-4.5591329
14.491154	-4.5625441
14.501134	-4.5659574
14.511114	-4.5693727
14.521094	-4.57279
14.531074	-4.5762094
14.541054	-4.5796308
14.551034	-4.5830542
14.561014	-4.5864796
14.570994	-4.5899071
14.580974	-4.5933366
14.590954	-4.5967681
14.600934	-4.6002017
14.610914	-4.6036372
14.620894	-4.6070748
14.630874	-4.6105144
14.640854	-4.613956
14.650834	-4.6173996
14.660814	-4.6208453
14.670794	-4.6242929
14.680774	-4.6277426
14.690754	-4.6311943
14.700733	-4.634648
14.710713	-4.6381037
14.720693	-4.6415614
14.730673	-4.6450211
14.740653	-4.6484828
14.750633	-4.6519465
14.760613	-4.6554123
14.770593	-4.65888
14.780573	-4.6623497
14.790553	-4.6658215
14.800533	-4.6692952
14.810513	-4.672771
14.820493	-4.6762487
14.830473	-4.6797284
14.840453	-4.6832102
14.850433	-4.6866939
14.860413	-4.6901796
14.870393	-4.6936673
14.880373	-4.697157
14.890353	-4.7006487
14.900333	-4.7041424
14.910313	-4.7076381
14.920293	-4.7111357
14.930273	-4.7146354
14.940253	-4.718137
14.950233	-4.7216406
14.960213	-4.7251462
14.970193	-4.7286538
14.980173	-4.7321633
14.990153	-4.7356748
15.000133	-4.7391883
15.010113	-4.7427038
15.020093	-4.7462213
15.030073	-4.7497407
15.040053	-4.7532621
15.050033	-4.7567855
15.060013	-4.7603109
15.069993	-4.7638382
15.079973	-4.7673675
15.089953	-4.7708987
15.099933	-4.7744319
15.109913	-4.7779671
15.119893	-4.7815043
15.129873	-4.7850434
15.139853	-4.7885845
15.149833	-4.7921275
15.159813	-4.7956725
15.169793	-4.7992195
15.179773	-4.8027684
15.189753	-4.8063193
15.199733	-4.8098721
15.209713	-4.8134269
15.219693	-4.8169836
15.229673	-4.8205423
15.239653	-4.8241029
15.249633	-4.8276655
15.259613	-4.83123
15.269593	-4.8347965
15.279573	-4.838365
15.289553	-4.8419353
15.299533	-4.8455076
15.309513	-4.8490819
15.319493	-4.8526581
15.329473	-4.8562362
15.339453	-4.8598163
15.349433	-4.8633983
15.359413	-4.8669823
15.369393	-4.8705682
15.379373	-4.874156
15.389353	-4.8777458
15.399333	-4.8813374
15.409313	-4.8849311
15.419293	-4.8885266
15.429273	-4.8921241
15.439253	-4.8957235
15.449233	-4.8993248
15.459213	-4.9029281
15.469193	-4.9065333
15.479173	-4.9101404
15.489153	-4.9137494
15.499133	-4.9173603
15.509113	-4.9209732
15.519093	-4.924588
15.529073	-4.9282047
15.539053	-4.9318233
15.549033	-4.9354438
15.559013	-4.9390663
15.568993	-4.9426906
15.578973	-4.9463169
15.588953	-4.9499451
15.598933	-4.9535751
15.608913	-4.9572071
15.618893	-4.960841
15.628873	-4.9644768
15.638853	-4.9681145
15.648833	-4.9717542
15.658813	-4.9753957
15.668793	-4.9790391
15.678773	-4.9826844
15.688753	-4.9863316
15.698733	-4.9899807
15.708713	-4.9936317
15.718693	-4.9972846
15.728673	-5.0009394
15.738653	-5.0045961
15.748633	-5.0082546
15.758613	-5.0119151
15.768593	-5.0155775
15.778573	-5.0192417
15.788553	-5.0229078
15.798533	-5.0265758
15.808513	-5.0302457
15.818493	-5.0339175
15.828473	-5.0375911
15.838453	-5.0412667
15.848433	-5.0449441
15.858413	-5.0486234
15.868393	-5.0523046
15.878373	-5.0559876
15.888353	-5.0596725
15.898333	-5.0633593
15.908313	-5.067048
15.918293	-5.0707385
15.928273	-5.0744309
15.938253	-5.0781252
15.948233	-5.0818213
15.958213	-5.0855193
15.968193	-5.0892192
15.978173	-5.0929209
15.988153	-5.0966245
15.998133	-5.1003299
16.008113	-5.1040373
16.018093	-5.1077464
16.028073	-5.1114574
16.038053	-5.1151703
16.048033	-5.1188851
16.058013	-5.1226017
16.067993	-5.1263201
16.077973	-5.1300404
16.087953	-5.1337625
16.097933	-5.1374865
16.107913	-5.1412124
16.117893	-5.14494
16.127873	-5.1486696
16.137853	-5.152401
16.147833	-5.1561342
16.157813	-5.1598692
16.167793	-5.1636061
16.177773	-5.1673449
16.187753	-5.1710854
16.197733	-5.1748278
16.207713	-5.1785721
16.217693	-5.1823182
16.227673	-5.1860661
16.237653	-5.1898158
16.247633	-5.1935674
16.257613	-5.1973208
16.267593	-5.201076
16.277573	-5.204833
16.287553	-5.2085919
16.297533	-5.2123526
16.307513	-5.2161152
16.317493	-5.2198795
16.327473	-5.2236457
16.337453	-5.2274136
16.347433	-5.2311834
16.357413	-5.2349551
16.367393	-5.2387285
16.377373	-5.2425037
16.387353	-5.2462808
16.397333	-5.2500597
16.407313	-5.2538404
16.417293	-5.2576228
16.427273	-5.2614071
16.437253	-5.2651932
16.447233	-5.2689812
16.457213	-5.2727709
16.467193	-5.2765624
16.477173	-5.2803557
16.487153	-5.2841508
16.497133	-5.2879477
16.507113	-5.2917464
16.517093	-5.295547
16.527073	-5.2993493
16.537053	-5.3031534
16.547033	-5.3069592
16.557013	-5.3107669
16.566993	-5.3145764
16.576973	-5.3183877
16.586953	-5.3222007
16.596933	-5.3260155
16.606913	-5.3298322
16.616893	-5.3336506
16.626873	-5.3374708
16.636853	-5.3412927
16.646833	-5.3451165
16.656813	-5.348942
16.666793	-5.3527693
16.676773	-5.3565984
16.686753	-5.3604292
16.696733	-5.3642618
16.706713	-5.3680962
16.716693	-5.3719324
16.726673	-5.3757704
16.736653	-5.3796101
16.746633	-5.3834515
16.756613	-5.3872948
16.766593	-5.3911398
16.776573	-5.3949866
16.786553	-5.3988351
16.796533	-5.4026854
16.806513	-5.4065374
16.816493	-5.4103912
16.826473	-5.4142468
16.836453	-5.4181041
16.846433	-5.4219632
16.856413	-5.425824
16.866393	-5.4296866
16.876373	-5.433551
16.886353	-5.437417
16.896333	-5.4412849
16.906313	-5.4451544
16.916293	-5.4490258
16.926273	-5.4528988
16.936253	-5.4567736
16.946232	-5.4606502
16.956212	-5.4645285
16.966192	-5.4684085
16.976172	-5.4722903
16.986152	-5.4761738
16.996132	-5.480059
17.006112	-5.483946
17.016092	-5.4878347
17.026072	-5.4917251
17.036052	-5.4956173
17.046032	-5.4995112
17.056012	-5.5034068
17.065992	-5.5073042
17.075972	-5.5112033
17.085952	-5.5151041
17.095932	-5.5190066
17.105912	-5.5229108
17.115892	-5.5268168
17.125872	-5.5307245
17.135852	-5.5346338
17.145832	-5.538545
17.155812	-5.5424578
17.165792	-5.5463723
17.175772	-5.5502886
17.185752	-5.5542065
17.195732	-5.5581262
17.205712	-5.5620476
17.215692	-5.5659707
17.225672	-5.5698955
17.235652	-5.573822
17.245632	-5.5777502
17.255612	-5.5816801
17.265592	-5.5856117
17.275572	-5.589545
17.285552	-5.59348
17.295532	-5.5974167
17.305512	-5.601355
17.315492	-5.6052951
17.325472	-5.6092369
17.335452	-5.6131804
17.345432	-5.6171255
17.355412	-5.6210724
17.365392	-5.6250209
17.375372	-5.6289711
17.385352	-5.632923
17.395332	-5.6368766
17.405312	-5.6408319
17.415292	-5.6447888
17.425272	-5.6487474
17.435252	-5.6527077
17.445232	-5.6566697
17.455212	-5.6606334
17.465192	-5.6645987
17.475172	-5.6685657
17.485152	-5.6725344
17.495132	-5.6765047
17.505112	-5.6804767
17.515092	-5.6844504
17.525072	-5.6884258
17.535052	-5.6924028
17.545032	-5.6963814
17.555012	-5.7003618
17.564992	-5.7043438
17.574972	-5.7083274
17.584952	-5.7123127
17.594932	-5.7162997
17.604912	-5.7202883
17.614892	-5.7242786
17.624872	-5.7282706
17.634852	-5.7322642
17.644832	-5.7362594
17.654812	-5.7402563
17.664792	-5.7442548
17.674772	-5.748255
17.684752	-5.7522568
17.694732	-5.7562603
17.704712	-5.7602654
17.714692	-5.7642722
17.724672	-5.7682805
17.734652	-5.7722906
17.744632	-5.7763022
17.754612	-5.7803155
17.764592	-5.7843305
17.774572	-5.7883471
17.784552	-5.7923653
17.794532	-5.7963851
17.804512	-5.8004066
17.814492	-5.8044296
17.824472	-5.8084544
17.834452	-5.8124807
17.844432	-5.8165087
17.854412	-5.8205383
17.864392	-5.8245695
17.874372	-5.8286023
17.884352	-5.8326367
17.894332	-5.8366728
17.904312	-5.8407105
17.914292	-5.8447498
17.924272	-5.8487907
17.934252	-5.8528332
17.944232	-5.8568774
17.954212	-5.8609231
17.964192	-5.8649704
17.974172	-5.8690194
17.984152	-5.87307
17.994132	-5.8771221
18.004112	-5.8811759
18.014092	-5.8852313
18.024072	-5.8892882
18.034052	-5.8933468
18.044032	-5.897407
18.054012	-5.9014687
18.063992	-5.9055321
18.073972	-5.909597
18.083952	-5.9136636
18.093932	-5.9177317
18.103912	-5.9218014
18.113892	-5.9258727
18.123872	-5.9299456
18.133852	-5.9340201
18.143832	-5.9380962
18.153812	-5.9421738
18.163792	-5.946253
18.173772	-5.9503338
18.183752	-5.9544162
18.193732	-5.9585002
18.203712	-5.9625857
18.213692	-5.9666728
18.223672	-5.9707615
18.233652	-5.9748518
18.243632	-5.9789436
18.253612	-5.983037
18.263592	-5.987132
18.273572	-5.9912285
18.283552	-5.9953266
18.293532	-5.9994263
18.303512	-6.0035275
18.313492	-6.0076303
18.323472	-6.0117346
18.333452	-6.0158405
18.343432	-6.019948
18.353412	-6.024057
18.363392	-6.0281676
18.373372	-6.0322797
18.383352	-6.0363933
18.393332	-6.0405086
18.403312	-6.0446253
18.413292	-6.0487437
18.423272	-6.0528635
18.433252	-6.0569849
18.443232	-6.0611079
18.453212	-6.0652324
18.463192	-6.0693584
18.473172	-6.073486
18.483152	-6.0776151
18.493132	-6.0817458
18.503112	-6.085878
18.513092	-6.0900117
18.523072	-6.094147
18.533052	-6.0982838
18.543032	-6.1024221
18.553012	-6.1065619
18.562992	-6.1107033
18.572972	-6.1148462
18.582952	-6.1189906
18.592932	-6.1231366
18.602912	-6.127284
18.612892	-6.131433
18.622872	-6.1355835
18.632852	-6.1397356
18.642832	-6.1438891
18.652812	-6.1480442
18.662792	-6.1522008
18.672772	-6.1563588
18.682752	-6.1605184
18.692732	-6.1646796
18.702712	-6.1688422
18.712692	-6.1730063
18.722672	-6.1771719
18.732652	-6.1813391
18.742632	-6.1855077
18.752612	-6.1896779
18.762592	-6.1938495
18.772572	-6.1980226
18.782552	-6.2021973
18.792532	-6.2063734
18.802512	-6.210551
18.812492	-6.2147302
18.822472	-6.2189108
18.832452	-6.2230929
18.842432	-6.2272765
18.852412	-6.2314616
18.862392	-6.2356481
18.872372	-6.2398362
18.882352	-6.2440258
18.892332	-6.2482168
18.902312	-6.2524093
18.912292	-6.2566033
18.922272	-6.2607987
18.932252	-6.2649957
18.942232	-6.2691941
18.952212	-6.273394
18.962192	-6.2775954
18.972172	-6.2817982
18.982152	-6.2860025
18.992132	-6.2902083
19.002112	-6.2944156
19.012092	-6.2986243
19.022072	-6.3028345
19.032052	-6.3070461
19.042032	-6.3112592
19.052012	-6.3154738
19.061992	-6.3196898
19.071972	-6.3239073
19.081952	-6.3281262
19.091932	-6.3323466
19.101912	-6.3365685
19.111892	-6.3407918
19.121872	-6.3450166
19.131852	-6.3492428
19.141832	-6.3534705
19.151812	-6.3576996
19.161792	-6.3619301
19.171772	-6.3661621
19.181752	-6.3703956
19.191731	-6.3746305
19.201711	-6.3788668
19.211691	-6.3831045
19.221671	-6.3873438
19.231651	-6.3915844
19.241631	-6.3958265
19.251611	-6.40007
19.261591	-6.4043149
19.271571	-6.4085613
19.281551	-6.4128091
19.291531	-6.4170584
19.301511	-6.421309
19.311491	-6.4255611
19.321471	-6.4298146
19.331451	-6.4340696
19.341431	-6.4383259
19.351411	-6.4425837
19.361391	-6.4468429
19.371371	-6.4511035
19.381351	-6.4553656
19.391331	-6.459629
19.401311	-6.4638939
19.411291	-6.4681602
19.421271	-6.4724279
19.431251	-6.476697
19.441231	-6.4809675
19.451211	-6.4852394
19.461191	-6.4895127
19.471171	-6.4937874
19.481151	-6.4980636
19.491131	-6.5023411
19.501111	-6.50662
19.511091	-6.5109004
19.521071	-6.5151821
19.531051	-6.5194652
19.541031	-6.5237497
19.551011	-6.5280357
19.560991	-6.532323
19.570971	-6.5366117
19.580951	-6.5409017
19.590931	-6.5451932
19.600911	-6.5494861
19.610891	-6.5537803
19.620871	-6.558076
19.630851	-6.562373
19.640831	-6.5666714
19.650811	-6.5709712
19.660791	-6.5752723
19.670771	-6.5795748
19.680751	-6.5838788
19.690731	-6.588184
19.700711	-6.5924907
19.710691	-6.5967987
19.720671	-6.6011081
19.730651	-6.6054189
19.740631	-6.609731
19.750611	-6.6140446
19.760591	-6.6183594
19.770571	-6.6226757
19.780551	-6.6269933
19.790531	-6.6313122
19.800511	-6.6356325
19.810491	-6.6399542
19.820471	-6.6442772
19.830451	-6.6486016
19.840431	-6.6529274
19.850411	-6.6572545
19.860391	-6.6615829
19.870371	-6.6659127
19.880351	-6.6702439
19.890331	-6.6745764
19.900311	-6.6789102
19.910291	-6.6832454
19.920271	-6.687582
19.930251	-6.6919198
19.940231	-6.696259
19.950211	-6.7005996
19.960191	-6.7049415
19.970171	-6.7092847
19.980151	-6.7136293
19.990131	-6.7179752
20.000111	-6.7223224
20.010091	-6.726671
20.020071	-6.7310209
20.030051	-6.7353721
20.040031	-6.7397247
20.050011	-6.7440786
20.059991	-6.7484338
20.069971	-6.7527903
20.079951	-6.7571482
20.089931	-6.7615073
20.099911	-6.7658678
20.109891	-6.7702296
20.119871	-6.7745928
20.129851	-6.7789572
20.139831	-6.783323
20.149811	-6.78769
20.159791	-6.7920584
20.169771	-6.7964281
20.179751	-6.8007991
20.189731	-6.8051714
20.199711	-6.809545
20.209691	-6.8139199
20.219671	-6.8182962
20.229651	-6.8226737
20.239631	-6.8270525
20.249611	-6.8314326
20.259591	-6.8358141
20.269571	-6.8401968
20.279551	-6.8445808
20.289531	-6.8489661
20.299511	-6.8533527
20.309491	-6.8577406
20.319471	-6.8621298
20.329451	-6.8665203
20.339431	-6.870912
20.349411	-6.8753051
20.359391	-6.8796994
20.369371	-6.884095
20.379351	-6.8884919
20.389331	-6.8928901
20.399311	-6.8972895
20.409291	-6.9016903
20.419271	-6.9060923
20.429251	-6.9104956
20.439231	-6.9149001
20.449211	-6.919306
20.459191	-6.9237131
20.469171	-6.9281214
20.479151	-6.9325311
20.489131	-6.936942
20.499111	-6.9413542
20.509091	-6.9457676
20.519071	-6.9501823
20.529051	-6.9545983
20.539031	-6.9590155
20.549011	-6.963434
20.558991	-6.9678537
20.568971	-6.9722747
20.578951	-6.976697
20.588931	-6.9811205
20.598911	-6.9855452
20.608891	-6.9899712
20.618871	-6.9943985
20.628851	-6.998827
20.638831	-7.0032568
20.648811	-7.0076878
20.658791	-7.01212
20.668771	-7.0165535
20.678751	-7.0209883
20.688731	-7.0254242
20.698711	-7.0298614
20.708691	-7.0342999
20.718671	-7.0387396
20.728651	-7.0431805
20.738631	-7.0476227
20.748611	-7.0520661
20.758591	-7.0565107
20.768571	-7.0609565
20.778551	-7.0654036
20.788531	-7.0698519
20.798511	-7.0743015
20.808491	-7.0787522
20.818471	-7.0832042
20.828451	-7.0876574
20.838431	-7.0921118
20.848411	-7.0965675
20.858391	-7.1010243
20.868371	-7.1054824
20.878351	-7.1099417
20.888331	-7.1144022
20.898311	-7.1188639
20.908291	-7.1233269
20.918271	-7.127791
20.928251	-7.1322564
20.938231	-7.1367229
20.948211	-7.1411907
20.958191	-7.1456596
20.968171	-7.1501298
20.978151	-7.1546012
20.988131	-7.1590738
20.998111	-7.1635475
21.008091	-7.1680225
21.018071	-7.1724987
21.028051	-7.1769761
21.038031	-7.1814546
21.048011	-7.1859344
21.057991	-7.1904153
21.067971	-7.1948975
21.077951	-7.1993808
21.087931	-7.2038653
21.097911	-7.208351
21.107891	-7.2128379
21.117871	-7.2173259
21.127851	-7.2218152
21.137831	-7.2263056
21.147811	-7.2307972
21.157791	-7.23529
21.167771	-7.239784
21.177751	-7.2442791
21.187731	-7.2487754
21.197711	-7.2532729
21.207691	-7.2577716
21.217671	-7.2622714
21.227651	-7.2667724
21.237631	-7.2712746
21.247611	-7.2757779
21.257591	-7.2802824
21.267571	-7.2847881
21.277551	-7.2892949
21.287531	-7.2938029
21.297511	-7.2983121
21.307491	-7.3028224
21.317471	-7.3073338
21.327451	-7.3118465
21.337431	-7.3163602
21.347411	-7.3208752
21.357391	-7.3253912
21.367371	-7.3299085
21.377351	-7.3344269
21.387331	-7.3389464
21.397311	-7.3434671
21.407291	-7.3479889
21.417271	-7.3525119
21.427251	-7.357036
21.43723	-7.3615612
21.44721	-7.3660876
21.45719	-7.3706152
21.46717	-7.3751438
21.47715	-7.3796736
21.48713	-7.3842046
21.49711	-7.3887367
21.50709	-7.3932699
21.51707	-7.3978042
21.52705	-7.4023397
21.53703	-7.4068763
21.54701	-7.411414
21.55699	-7.4159529
21.56697	-7.4204928
21.57695	-7.4250339
21.58693	-7.4295762
21.59691	-7.4341195
21.60689	-7.438664
21.61687	-7.4432096
21.62685	-7.4477563
21.63683	-7.4523041
21.64681	-7.456853
21.65679	-7.461403
21.66677	-7.4659542
21.67675	-7.4705065
21.68673	-7.4750598
21.69671	-7.4796143
21.70669	-7.4841699
21.71667	-7.4887266
21.72665	-7.4932844
21.73663	-7.4978433
21.74661	-7.5024033
21.75659	-7.5069644
21.76657	-7.5115266
21.77655	-7.5160899
21.78653	-7.5206543
21.79651	-7.5252198
21.80649	-7.5297864
21.81647	-7.5343541
21.82645	-7.5389229
21.83643	-7.5434927
21.84641	-7.5480637
21.85639	-7.5526357
21.86637	-7.5572088
21.87635	-7.5617831
21.88633	-7.5663583
21.89631	-7.5709347
21.90629	-7.5755122
21.91627	-7.5800907
21.92625	-7.5846703
21.93623	-7.589251
21.94621	-7.5938328
21.95619	-7.5984156
21.96617	-7.6029995
21.97615	-7.6075845
21.98613	-7.6121706
21.99611	-7.6167577
22.00609	-7.6213459
22.01607	-7.6259352
22.02605	-7.6305255
22.03603	-7.6351169
22.04601	-7.6397094
22.05599	-7.6443029
22.06597	-7.6488975
22.07595	-7.6534931
22.08593	-7.6580898
22.09591	-7.6626875
22.10589	-7.6672864
22.11587	-7.6718862
22.12585	-7.6764871
22.13583	-7.6810891
22.14581	-7.6856921
22.15579	-7.6902962
22.16577	-7.6949013
22.17575	-7.6995075
22.18573	-7.7041147
22.19571	-7.7087229
22.20569	-7.7133322
22.21567	-7.7179426
22.22565	-7.7225539
22.23563	-7.7271663
22.24561	-7.7317798
22.25559	-7.7363943
22.26557	-7.7410098
22.27555	-7.7456264
22.28553	-7.750244
22.29551	-7.7548626
22.30549	-7.7594822
22.31547	-7.7641029
22.32545	-7.7687246
22.33543	-7.7733474
22.34541	-7.7779711
22.35539	-7.7825959
22.36537	-7.7872217
22.37535	-7.7918486
22.38533	-7.7964764
22.39531	-7.8011053
22.40529	-7.8057352
22.41527	-7.8103661
22.42525	-7.814998
22.43523	-7.8196309
22.44521	-7.8242649
22.45519	-7.8288998
22.46517	-7.8335358
22.47515	-7.8381727
22.48513	-7.8428107
22.49511	-7.8474497
22.50509	-7.8520897
22.51507	-7.8567307
22.52505	-7.8613727
22.53503	-7.8660157
22.54501	-7.8706597
22.55499	-7.8753047
22.56497	-7.8799507
22.57495	-7.8845977
22.58493	-7.8892457
22.59491	-7.8938947
22.60489	-7.8985447
22.61487	-7.9031956
22.62485	-7.9078476
22.63483	-7.9125005
22.64481	-7.9171545
22.65479	-7.9218094
22.66477	-7.9264653
22.67475	-7.9311222
22.68473	-7.93578
22.69471	-7.9404389
22.70469	-7.9450987
22.71467	-7.9497596
22.72465	-7.9544213
22.73463	-7.9590841
22.74461	-7.9637479
22.75459	-7.9684126
22.76457	-7.9730783
22.77455	-7.9777449
22.78453	-7.9824126
22.79451	-7.9870812
22.80449	-7.9917507
22.81447	-7.9964213
22.82445	-8.0010928
22.83443	-8.0057652
22.84441	-8.0104387
22.85439	-8.015113
22.86437	-8.0197884
22.87435	-8.0244647
22.88433	-8.029142
22.89431	-8.0338202
22.90429	-8.0384994
22.91427	-8.0431795
22.92425	-8.0478606
22.93423	-8.0525426
22.94421	-8.0572256
22.95419	-8.0619096
22.96417	-8.0665945
22.97415	-8.0712803
22.98413	-8.0759671
22.99411	-8.0806548
23.00409	-8.0853435
23.01407	-8.0900331
23.02405	-8.0947236
23.03403	-8.0994151
23.04401	-8.1041076
23.05399	-8.1088009
23.06397	-8.1134952
23.07395	-8.1181905
23.08393	-8.1228867
23.09391	-8.1275838
23.10389	-8.1322818
23.11387	-8.1369808
23.12385	-8.1416807
23.13383	-8.1463815
23.14381	-8.1510832
23.15379	-8.1557859
23.16377	-8.1604895
23.17375	-8.165194
23.18373	-8.1698995
23.19371	-8.1746058
23.20369	-8.1793131
23.21367	-8.1840213
23.22365	-8.1887304
23.23363	-8.1934405
23.24361	-8.1981514
23.25359	-8.2028633
23.26357	-8.2075761
23.27355	-8.2122897
23.28353	-8.2170043
23.29351	-8.2217198
23.30349	-8.2264362
23.31347	-8.2311536
23.32345	-8.2358718
23.33343	-8.2405909
23.34341	-8.2453109
23.35339	-8.2500318
23.36337	-8.2547537
23.37335	-8.2594764
23.38333	-8.2642
23.39331	-8.2689245
23.40329	-8.27365
23.41327	-8.2783763
23.42325	-8.2831035
23.43323	-8.2878316
23.44321	-8.2925605
23.45319	-8.2972904
23.46317	-8.3020212
23.47315	-8.3067528
23.48313	-8.3114853
23.49311	-8.3162188
23.50309	-8.3209531
23.51307	-8.3256882
23.52305	-8.3304243
23.53303	-8.3351613
23.54301	-8.3398991
23.55299	-8.3446378
23.56297	-8.3493773
23.57295	-8.3541178
23.58293	-8.3588591
23.59291	-8.3636013
23.60289	-8.3683444
23.61287	-8.3730883
23.62285	-8.3778331
23.63283	-8.3825788
23.64281	-8.3873254
23.65279	-8.3920728
23.66277	-8.396821
23.672749	-8.4015702
23.682729	-8.4063202
23.692709	-8.411071
23.702689	-8.4158227
23.712669	-8.4205753
23.722649	-8.4253288
23.732629	-8.430083
23.742609	-8.4348382
23.752589	-8.4395942
23.762569	-8.444351
23.772549	-8.4491087
23.782529	-8.4538673
23.792509	-8.4586267
23.802489	-8.4633869
23.812469	-8.468148
23.822449	-8.47291
23.832429	-8.4776728
23.842409	-8.4824364
23.852389	-8.4872009
23.862369	-8.4919662
23.872349	-8.4967323
23.882329	-8.5014993
23.892309	-8.5062672
23.902289	-8.5110358
23.912269	-8.5158053
23.922249	-8.5205757
23.932229	-8.5253468
23.942209	-8.5301188
23.952189	-8.5348917
23.962169	-8.5396653
23.972149	-8.5444398
23.982129	-8.5492151
23.992109	-8.5539913
24.002089	-8.5587683
24.012069	-8.563546
24.022049	-8.5683247
24.032029	-8.5731041
24.042009	-8.5778843
24.051989	-8.5826654
24.061969	-8.5874473
24.071949	-8.59223
24.081929	-8.5970135
24.091909	-8.6017979
24.101889	-8.606583
24.111869	-8.611369
24.121849	-8.6161558
24.131829	-8.6209434
24.141809	-8.6257318
24.151789	-8.630521
24.161769	-8.635311
24.171749	-8.6401018
24.181729	-8.6448934
24.191709	-8.6496858
24.201689	-8.654479
24.211669	-8.6592731
24.221649	-8.6640679
24.231629	-8.6688635
24.241609	-8.6736599
24.251589	-8.6784572
24.261569	-8.6832552
24.271549	-8.688054
24.281529	-8.6928536
24.291509	-8.697654
24.301489	-8.7024551
24.311469	-8.7072571
24.321449	-8.7120599
24.331429	-8.7168634
24.341409	-8.7216678
24.351389	-8.7264729
24.361369	-8.7312788
24.371349	-8.7360855
24.381329	-8.7408929
24.391309	-8.7457012
24.401289	-8.7505102
24.411269	-8.75532
24.421249	-8.7601306
24.431229	-8.7649419
24.441209	-8.7697541
24.451189	-8.774567
24.461169	-8.7793806
24.471149	-8.7841951
24.481129	-8.7890103
24.491109	-8.7938263
24.501089	-8.7986431
24.511069	-8.8034606
24.521049	-8.8082789
24.531029	-8.8130979
24.541009	-8.8179178
24.550989	-8.8227383
24.560969	-8.8275597
24.570949	-8.8323818
24.580929	-8.8372046
24.590909	-8.8420283
24.600889	-8.8468526
24.610869	-8.8516778
24.620849	-8.8565037
24.630829	-8.8613303
24.640809	-8.8661577
24.650789	-8.8709859
24.660769	-8.8758148
24.670749	-8.8806444
24.680729	-8.8854748
24.690709	-8.8903059
24.700689	-8.8951378
24.710669	-8.8999705
24.720649	-8.9048038
24.730629	-8.909638
24.740609	-8.9144728
24.750589	-8.9193084
24.760569	-8.9241448
24.770549	-8.9289819
24.780529	-8.9338197
24.790509	-8.9386582
24.800489	-8.9434975
24.810469	-8.9483375
24.820449	-8.9531783
24.830429	-8.9580198
24.840409	-8.962862
24.850389	-8.967705
24.860369	-8.9725486
24.870349	-8.977393
24.880329	-8.9822382
24.890309	-8.987084
24.900289	-8.9919306
24.910269	-8.9967779
24.920249	-9.0016259
24.930229	-9.0064747
24.940209	-9.0113241
24.950189	-9.0161743
24.960169	-9.0210252
24.970149	-9.0258769
24.980129	-9.0307292
24.990109	-9.0355822
25.000089	-9.040436
25.010069	-9.0452905
25.020049	-9.0501457
25.030029	-9.0550016
25.040009	-9.0598582
25.049989	-9.0647155
25.059969	-9.0695735
25.069949	-9.0744322
25.079929	-9.0792917
25.089909	-9.0841518
25.099889	-9.0890126
25.109869	-9.0938742
25.119849	-9.0987364
25.129829	-9.1035994
25.139809	-9.108463
25.149789	-9.1133273
25.159769	-9.1181924
25.169749	-9.1230581
25.179729	-9.1279245
25.189709	-9.1327916
25.199689	-9.1376594
25.209669	-9.1425279
25.219649	-9.1473971
25.229629	-9.152267
25.239609	-9.1571376
25.249589	-9.1620088
25.259569	-9.1668808
25.269549	-9.1717534
25.279529	-9.1766267
25.289509	-9.1815007
25.299489	-9.1863754
25.309469	-9.1912507
25.319449	-9.1961267
25.329429	-9.2010034
25.339409	-9.2058808
25.349389	-9.2107589
25.359369	-9.2156376
25.369349	-9.220517
25.379329	-9.2253971
25.389309	-9.2302779
25.399289	-9.2351593
25.409269	-9.2400414
25.419249	-9.2449242
25.429229	-9.2498076
25.439209	-9.2546917
25.449189	-9.2595765
25.459169	-9.2644619
25.469149	-9.269348
25.479129	-9.2742347
25.489109	-9.2791222
25.499089	-9.2840102
25.509069	-9.288899
25.519049	-9.2937884
25.529029	-9.2986784
25.539009	-9.3035691
25.548989	-9.3084605
25.558969	-9.3133525
25.568949	-9.3182452
25.578929	-9.3231385
25.588909	-9.3280325
25.598889	-9.3329271
25.608869	-9.3378224
25.618849	-9.3427183
25.628829	-9.3476149
25.638809	-9.3525121
25.648789	-9.35741
25.658769	-9.3623085
25.668749	-9.3672077
25.678729	-9.3721075
25.688709	-9.3770079
25.698689	-9.381909
25.708669	-9.3868107
25.718649	-9.391713
25.728629	-9.396616
25.738609	-9.4015196
25.748589	-9.4064239
25.758569	-9.4113288
25.768549	-9.4162343
25.778529	-9.4211405
25.788509	-9.4260473
25.798489	-9.4309547
25.808469	-9.4358627
25.818449	-9.4407714
25.828429	-9.4456807
25.838409	-9.4505906
25.848389	-9.4555012
25.858369	-9.4604124
25.868349	-9.4653242
25.878329	-9.4702366
25.888309	-9.4751496
25.898289	-9.4800633
25.908269	-9.4849776
25.918248	-9.4898925
25.928228	-9.494808
25.938208	-9.4997241
25.948188	-9.5046408
25.958168	-9.5095582
25.968148	-9.5144762
25.978128	-9.5193948
25.988108	-9.5243139
25.998088	-9.5292338
26.008068	-9.5341542
26.018048	-9.5390752
26.028028	-9.5439968
26.038008	-9.548919
26.047988	-9.5538419
26.057968	-9.5587653
26.067948	-9.5636894
26.077928	-9.568614
26.087908	-9.5735392
26.097888	-9.5784651
26.107868	-9.5833915
26.117848	-9.5883186
26.127828	-9.5932462
26.137808	-9.5981745
26.147788	-9.6031033
26.157768	-9.6080327
26.167748	-9.6129627
26.177728	-9.6178933
26.187708	-9.6228245
26.197688	-9.6277563
26.207668	-9.6326887
26.217648	-9.6376217
26.227628	-9.6425552
26.237608	-9.6474893
26.247588	-9.6524241
26.257568	-9.6573594
26.267548	-9.6622953
26.277528	-9.6672317
26.287508	-9.6721688
26.297488	-9.6771064
26.307468	-9.6820446
26.317448	-9.6869834
26.327428	-9.6919228
26.337408	-9.6968627
26.347388	-9.7018033
26.357368	-9.7067443
26.367348	-9.711686
26.377328	-9.7166283
26.387308	-9.7215711
26.397288	-9.7265144
26.407268	-9.7314584
26.417248	-9.7364029
26.427228	-9.741348
26.437208	-9.7462937
26.447188	-9.7512399
26.457168	-9.7561867
26.467148	-9.761134
26.477128	-9.7660819
26.487108	-9.7710304
26.497088	-9.7759794
26.507068	-9.780929
26.517048	-9.7858792
26.527028	-9.7908299
26.537008	-9.7957811
26.546988	-9.800733
26.556968	-9.8056853
26.566948	-9.8106383
26.576928	-9.8155917
26.586908	-9.8205458
26.596888	-9.8255004
26.606868	-9.8304555
26.616848	-9.8354112
26.626828	-9.8403674
26.636808	-9.8453242
26.646788	-9.8502815
26.656768	-9.8552394
26.666748	-9.8601978
26.676728	-9.8651568
26.686708	-9.8701163
26.696688	-9.8750764
26.706668	-9.8800369
26.716648	-9.8849981
26.726628	-9.8899597
26.736608	-9.8949219
26.746588	-9.8998847
26.756568	-9.904848
26.766548	-9.9098118
26.776528	-9.9147761
26.786508	-9.919741
26.796488	-9.9247064
26.806468	-9.9296724
26.816448	-9.9346389
26.826428	-9.9396059
26.836408	-9.9445734
26.846388	-9.9495415
26.856368	-9.95451
26.866348	-9.9594792
26.876328	-9.9644488
26.886308	-9.969419
26.896288	-9.9743897
26.906268	-9.9793609
26.916248	-9.9843326
26.926228	-9.9893048
26.936208	-9.9942776
26.946188	-9.9992509
26.956168	-10.004225
26.966148	-10.009199
26.976128	-10.014174
26.986108	-10.019149
26.996088	-10.024125
27.006068	-10.029101
27.016048	-10.034078
27.026028	-10.039056
27.036008	-10.044034
27.045988	-10.049012
27.055968	-10.053991
27.065948	-10.05897
27.075928	-10.06395
27.085908	-10.068931
27.095888	-10.073912
27.105868	-10.078893
27.115848	-10.083875
27.125828	-10.088858
27.135808	-10.093841
27.145788	-10.098824
27.155768	-10.103808
27.165748	-10.108793
27.175728	-10.113778
27.185708	-10.118763
27.195688	-10.123749
27.205668	-10.128735
27.215648	-10.133722
27.225628	-10.13871
27.235608	-10.143698
27.245588	-10.148686
27.255568	-10.153675
27.265548	-10.158664
27.275528	-10.163654
27.285508	-10.168645
27.295488	-10.173636
27.305468	-10.178627
27.315448	-10.183619
27.325428	-10.188611
27.335408	-10.193604
27.345388	-10.198597
27.355368	-10.203591
27.365348	-10.208585
27.375328	-10.21358
27.385308	-10.218575
27.395288	-10.223571
27.405268	-10.228567
27.415248	-10.233564
27.425228	-10.238561
27.435208	-10.243558
27.445188	-10.248556
27.455168	-10.253555
27.465148	-10.258554
27.475128	-10.263553
27.485108	-10.268553
27.495088	-10.273554
27.505068	-10.278554
27.515048	-10.283556
27.525028	-10.288558
27.535008	-10.29356
27.544988	-10.298563
27.554968	-10.303566
27.564948	-10.30857
27.574928	-10.313574
27.584908	-10.318578
27.594888	-10.323583
27.604868	-10.328589
27.614848	-10.333595
27.624828	-10.338601
27.634808	-10.343608
27.644788	-10.348615
27.654768	-10.353623
27.664748	-10.358631
27.674728	-10.36364
27.684708	-10.368649
27.694688	-10.373659
27.704668	-10.378669
27.714648	-10.383679
27.724628	-10.38869
27.734608	-10.393702
27.744588	-10.398714
27.754568	-10.403726
27.764548	-10.408739
27.774528	-10.413752
27.784508	-10.418766
27.794488	-10.42378
27.804468	-10.428794
27.814448	-10.433809
27.824428	-10.438825
27.834408	-10.44384
27.844388	-10.448857
27.854368	-10.453873
27.864348	-10.45889
27.874328	-10.463908
27.884308	-10.468926
27.894288	-10.473945
27.904268	-10.478963
27.914248	-10.483983
27.924228	-10.489003
27.934208	-10.494023
27.944188	-10.499043
27.954168	-10.504064
27.964148	-10.509086
27.974128	-10.514108
27.984108	-10.51913
27.994088	-10.524153
28.004068	-10.529176
28.014048	-10.5342
28.024028	-10.539224
28.034008	-10.544248
28.043988	-10.549273
28.053968	-10.554298
28.063948	-10.559324
28.073928	-10.56435
28.083908	-10.569377
28.093888	-10.574404
28.103868	-10.579431
28.113848	-10.584459
28.123828	-10.589487
28.133808	-10.594516
28.143788	-10.599545
28.153768	-10.604574
28.163747	-10.609604
28.173727	-10.614634
28.183707	-10.619665
28.193687	-10.624696
28.203667	-10.629728
28.213647	-10.63476
28.223627	-10.639792
28.233607	-10.644825
28.243587	-10.649858
28.253567	-10.654891
28.263547	-10.659925
28.273527	-10.66496
28.283507	-10.669994
28.293487	-10.675029
28.303467	-10.680065
28.313447	-10.685101
28.323427	-10.690137
28.333407	-10.695174
28.343387	-10.700211
28.353367	-10.705249
28.363347	-10.710287
28.373327	-10.715325
28.383307	-10.720364
28.393287	-10.725403
28.403267	-10.730442
28.413247	-10.735482
28.423227	-10.740523
28.433207	-10.745563
28.443187	-10.750604
28.453167	-10.755646
28.463147	-10.760688
28.473127	-10.76573
28.483107	-10.770773
28.493087	-10.775816
28.503067	-10.780859
28.513047	-10.785903
28.523027	-10.790947
28.533007	-10.795991
28.542987	-10.801036
28.552967	-10.806082
28.562947	-10.811127
28.572927	-10.816173
28.582907	-10.82122
28.592887	-10.826267
28.602867	-10.831314
28.612847	-10.836361
28.622827	-10.841409
28.632807	-10.846458
28.642787	-10.851506
28.652767	-10.856555
28.662747	-10.861605
28.672727	-10.866655
28.682707	-10.871705
28.692687	-10.876755
28.702667	-10.881806
28.712647	-10.886857
28.722627	-10.891909
28.732607	-10.896961
28.742587	-10.902013
28.752567	-10.907066
28.762547	-10.912119
28.772527	-10.917173
28.782507	-10.922227
28.792487	-10.927281
28.802467	-10.932335
28.812447	-10.93739
28.822427	-10.942446
28.832407	-10.947501
28.842387	-10.952557
28.852367	-10.957614
28.862347	-10.96267
28.872327	-10.967727
28.882307	-10.972785
28.892287	-10.977842
28.902267	-10.982901
28.912247	-10.987959
28.922227	-10.993018
28.932207	-10.998077
28.942187	-11.003137
28.952167	-11.008196
28.962147	-11.013257
28.972127	-11.018317
28.982107	-11.023378
28.992087	-11.028439
29.002067	-11.033501
29.012047	-11.038563
29.022027	-11.043625
29.032007	-11.048688
29.041987	-11.053751
29.051967	-11.058814
29.061947	-11.063878
29.071927	-11.068942
29.081907	-11.074006
29.091887	-11.079071
29.101867	-11.084136
29.111847	-11.089201
29.121827	-11.094267
29.131807	-11.099333
29.141787	-11.104399
29.151767	-11.109466
29.161747	-11.114533
29.171727	-11.1196
29.181707	-11.124668
29.191687	-11.129736
29.201667	-11.134804
29.211647	-11.139873
29.221627	-11.144942
29.231607	-11.150011
29.241587	-11.155081
29.251567	-11.160151
29.261547	-11.165221
29.271527	-11.170292
29.281507	-11.175363
29.291487	-11.180434
29.301467	-11.185506
29.311447	-11.190578
29.321427	-11.19565
29.331407	-11.200723
29.341387	-11.205795
29.351367	-11.210869
29.361347	-11.215942
29.371327	-11.221016
29.381307	-11.22609
29.391287	-11.231165
29.401267	-11.23624
29.411247	-11.241315
29.421227	-11.24639
29.431207	-11.251466
29.441187	-11.256542
29.451167	-11.261618
29.461147	-11.266695
29.471127	-11.271772
29.481107	-11.276849
29.491087	-11.281927
29.501067	-11.287005
29.511047	-11.292083
29.521027	-11.297161
29.531007	-11.30224
29.540987	-11.307319
29.550967	-11.312399
29.560947	-11.317479
29.570927	-11.322559
29.580907	-11.327639
29.590887	-11.33272
29.600867	-11.337801
29.610847	-11.342882
29.620827	-11.347963
29.630807	-11.353045
29.640787	-11.358127
29.650767	-11.36321
29.660747	-11.368293
29.670727	-11.373376
29.680707	-11.378459
29.690687	-11.383543
29.700667	-11.388627
29.710647	-11.393711
29.720627	-11.398795
29.730607	-11.40388
29.740587	-11.408965
29.750567	-11.414051
29.760547	-11.419136
29.770527	-11.424222
29.780507	-11.429308
29.790487	-11.434395
29.800467	-11.439482
29.810447	-11.444569
29.820427	-11.449656
29.830407	-11.454744
29.840387	-11.459832
29.850367	-11.46492
29.860347	-11.470009
29.870327	-11.475098
29.880307	-11.480187
29.890287	-11.485276
29.900267	-11.490366
29.910247	-11.495456
29.920227	-11.500546
29.930207	-11.505636
29.940187	-11.510727
29.950167	-11.515818
29.960147	-11.520909
29.970127	-11.526001
29.980107	-11.531093
29.990087	-11.536185
30.000067	-11.541277
30.010047	-11.54637
30.020027	-11.551463
30.030007	-11.556556
30.039987	-11.56165
30.049967	-11.566744
30.059947	-11.571838
30.069927	-11.576932
30.079907	-11.582026
30.089887	-11.587121
30.099867	-11.592216
30.109847	-11.597312
30.119827	-11.602407
30.129807	-11.607503
30.139787	-11.612599
30.149767	-11.617696
30.159747	-11.622793
30.169727	-11.62789
30.179707	-11.632987
30.189687	-11.638084
30.199667	-11.643182
30.209647	-11.64828
30.219627	-11.653378
30.229607	-11.658477
30.239587	-11.663575
30.249567	-11.668674
30.259547	-11.673774
30.269527	-11.678873
30.279507	-11.683973
30.289487	-11.689073
30.299467	-11.694173
30.309447	-11.699274
30.319427	-11.704375
30.329407	-11.709476
30.339387	-11.714577
30.349367	-11.719678
30.359347	-11.72478
30.369327	-11.729882
30.379307	-11.734985
30.389287	-11.740087
30.399267	-11.74519
30.409246	-11.750293
30.419226	-11.755396
30.429206	-11.7605
30.439186	-11.765603
30.449166	-11.770707
30.459146	-11.775812
30.469126	-11.780916
30.479106	-11.786021
30.489086	-11.791126
30.499066	-11.796231
30.509046	-11.801336
30.519026	-11.806442
30.529006	-11.811548
30.538986	-11.816654
30.548966	-11.821761
30.558946	-11.826867
30.568926	-11.831974
30.578906	-11.837081
30.588886	-11.842188
30.598866	-11.847296
30.608846	-11.852404
30.618826	-11.857512
30.628806	-11.86262
30.638786	-11.867729
30.648766	-11.872837
30.658746	-11.877946
30.668726	-11.883055
30.678706	-11.888165
30.688686	-11.893274
30.698666	-11.898384
30.708646	-11.903494
30.718626	-11.908605
30.728606	-11.913715
30.738586	-11.918826
30.748566	-11.923937
30.758546	-11.929048
30.768526	-11.934159
30.778506	-11.939271
30.788486	-11.944383
30.798466	-11.949495
30.808446	-11.954607
30.818426	-11.95972
30.828406	-11.964833
30.838386	-11.969945
30.848366	-11.975059
30.858346	-11.980172
30.868326	-11.985286
30.878306	-11.990399
30.888286	-11.995513
30.898266	-12.000628
30.908246	-12.005742
30.918226	-12.010857
30.928206	-12.015972
30.938186	-12.021087
30.948166	-12.026202
30.958146	-12.031318
30.968126	-12.036433
30.978106	-12.041549
30.988086	-12.046665
30.998066	-12.051782
31.008046	-12.056898
31.018026	-12.062015
31.028006	-12.067132
31.037986	-12.072249
31.047966	-12.077367
31.057946	-12.082484
31.067926	-12.087602
31.077906	-12.09272
31.087886	-12.097838
31.097866	-12.102957
31.107846	-12.108075
31.117826	-12.113194
31.127806	-12.118313
31.137786	-12.123432
31.147766	-12.128551
31.157746	-12.133671
31.167726	-12.138791
31.177706	-12.143911
31.187686	-12.149031
31.197666	-12.154151
31.207646	-12.159272
31.217626	-12.164393
31.227606	-12.169514
31.237586	-12.174635
31.247566	-12.179756
31.257546	-12.184878
31.267526	-12.189999
31.277506	-12.195121
31.287486	-12.200243
31.297466	-12.205366
31.307446	-12.210488
31.317426	-12.215611
31.327406	-12.220734
31.337386	-12.225857
31.347366	-12.23098
31.357346	-12.236103
31.367326	-12.241227
31.377306	-12.246351
31.387286	-12.251475
31.397266	-12.256599
31.407246	-12.261723
31.417226	-12.266848
31.427206	-12.271972
31.437186	-12.277097
31.447166	-12.282222
31.457146	-12.287348
31.467126	-12.292473
31.477106	-12.297599
31.487086	-12.302724
31.497066	-12.30785
31.507046	-12.312976
31.517026	-12.318103
31.527006	-12.323229
31.536986	-12.328356
31.546966	-12.333483
31.556946	-12.33861
31.566926	-12.343737
31.576906	-12.348864
31.586886	-12.353992
31.596866	-12.35912
31.606846	-12.364247
31.616826	-12.369375
31.626806	-12.374504
31.636786	-12.379632
31.646766	-12.384761
31.656746	-12.389889
31.666726	-12.395018
31.676706	-12.400147
31.686686	-12.405276
31.696666	-12.410406
31.706646	-12.415535
31.716626	-12.420665
31.726606	-12.425795
31.736586	-12.430925
31.746566	-12.436055
31.756546	-12.441186
31.766526	-12.446316
31.776506	-12.451447
31.786486	-12.456578
31.796466	-12.461709
31.806446	-12.46684
31.816426	-12.471971
31.826406	-12.477103
31.836386	-12.482234
31.846366	-12.487366
31.856346	-12.492498
31.866326	-12.49763
31.876306	-12.502762
31.886286	-12.507895
31.896266	-12.513027
31.906246	-12.51816
31.916226	-12.523293
31.926206	-12.528426
31.936186	-12.533559
31.946166	-12.538693
31.956146	-12.543826
31.966126	-12.54896
31.976106	-12.554094
31.986086	-12.559227
31.996066	-12.564362
32.006046	-12.569496
32.016026	-12.57463
32.026006	-12.579765
32.035986	-12.584899
32.045966	-12.590034
32.055946	-12.595169
32.065926	-12.600304
32.075906	-12.60544
32.085886	-12.610575
32.095866	-12.615711
32.105846	-12.620846
32.115826	-12.625982
32.125806	-12.631118
32.135786	-12.636254
32.145766	-12.64139
32.155746	-12.646527
32.165726	-12.651663
32.175706	-12.6568
32.185686	-12.661937
32.195666	-12.667074
32.205646	-12.672211
32.215626	-12.677348
32.225606	-12.682486
32.235586	-12.687623
32.245566	-12.692761
32.255546	-12.697899
32.265526	-12.703036
32.275506	-12.708174
32.285486	-12.713313
32.295466	-12.718451
32.305446	-12.723589
32.315426	-12.728728
32.325406	-12.733867
32.335386	-12.739006
32.345366	-12.744144
32.355346	-12.749284
32.365326	-12.754423
32.375306	-12.759562
32.385286	-12.764702
32.395266	-12.769841
32.405246	-12.774981
32.415226	-12.780121
32.425206	-12.785261
32.435186	-12.790401
32.445166	-12.795541
32.455146	-12.800682
32.465126	-12.805822
32.475106	-12.810963
32.485086	-12.816103
32.495066	-12.821244
32.505046	-12.826385
32.515026	-12.831526
32.525006	-12.836667
32.534986	-12.841809
32.544966	-12.84695
32.554946	-12.852092
32.564926	-12.857234
32.574906	-12.862375
32.584886	-12.867517
32.594866	-12.872659
32.604846	-12.877801
32.614826	-12.882944
32.624806	-12.888086
32.634786	-12.893229
32.644766	-12.898371
32.654745	-12.903514
32.664725	-12.908657
32.674705	-12.9138
32.684685	-12.918943
32.694665	-12.924086
32.704645	-12.929229
32.714625	-12.934373
32.724605	-12.939516
32.734585	-12.94466
32.744565	-12.949804
32.754545	-12.954947
32.764525	-12.960091
32.774505	-12.965235
32.784485	-12.97038
32.794465	-12.975524
32.804445	-12.980668
32.814425	-12.985813
32.824405	-12.990957
32.834385	-12.996102
32.844365	-13.001247
32.854345	-13.006392
32.864325	-13.011537
32.874305	-13.016682
32.884285	-13.021827
32.894265	-13.026972
32.904245	-13.032118
32.914225	-13.037263
32.924205	-13.042409
32.934185	-13.047555
32.944165	-13.0527
32.954145	-13.057846
32.964125	-13.062992
32.974105	-13.068138
32.984085	-13.073285
32.994065	-13.078431
33.004045	-13.083577
33.014025	-13.088724
33.024005	-13.09387
33.033985	-13.099017
33.043965	-13.104164
33.053945	-13.109311
33.063925	-13.114458
33.073905	-13.119605
33.083885	-13.124752
33.093865	-13.129899
33.103845	-13.135046
33.113825	-13.140194
33.123805	-13.145341
33.133785	-13.150489
33.143765	-13.155637
33.153745	-13.160784
33.163725	-13.165932
33.173705	-13.17108
33.183685	-13.176228
33.193665	-13.181376
33.203645	-13.186525
33.213625	-13.191673
33.223605	-13.196821
33.233585	-13.20197
33.243565	-13.207118
33.253545	-13.212267
33.263525	-13.217416
33.273505	-13.222565
33.283485	-13.227713
33.293465	-13.232862
33.303445	-13.238011
33.313425	-13.243161
33.323405	-13.24831
33.333385	-13.253459
33.343365	-13.258608
33.353345	-13.263758
33.363325	-13.268907
33.373305	-13.274057
33.383285	-13.279207
33.393265	-13.284356
33.403245	-13.289506
33.413225	-13.294656
33.423205	-13.299806
33.433185	-13.304956
33.443165	-13.310106
33.453145	-13.315257
33.463125	-13.320407
33.473105	-13.325557
33.483085	-13.330708
33.493065	-13.335858
33.503045	-13.341009
33.513025	-13.346159
33.523005	-13.35131
33.532985	-13.356461
33.542965	-13.361612
33.552945	-13.366763
33.562925	-13.371914
33.572905	-13.377065
33.582885	-13.382216
33.592865	-13.387367
33.602845	-13.392518
33.612825	-13.39767
33.622805	-13.402821
33.632785	-13.407973
33.642765	-13.413124
33.652745	-13.418276
33.662725	-13.423427
33.672705	-13.428579
33.682685	-13.433731
33.692665	-13.438883
33.702645	-13.444035
33.712625	-13.449187
33.722605	-13.454339
33.732585	-13.459491
33.742565	-13.464643
33.752545	-13.469795
33.762525	-13.474948
33.772505	-13.4801
33.782485	-13.485252
33.792465	-13.490405
33.802445	-13.495557
33.812425	-13.50071
33.822405	-13.505863
33.832385	-13.511015
33.842365	-13.516168
33.852345	-13.521321
33.862325	-13.526474
33.872305	-13.531627
33.882285	-13.53678
33.892265	-13.541933
33.902245	-13.547086
33.912225	-13.552239
33.922205	-13.557392
33.932185	-13.562545
33.942165	-13.567699
33.952145	-13.572852
33.962125	-13.578005
33.972105	-13.583159
33.982085	-13.588312
33.992065	-13.593466
34.002045	-13.598619
34.012025	-13.603773
34.022005	-13.608927
34.031985	-13.61408
34.041965	-13.619234
34.051945	-13.624388
34.061925	-13.629542
34.071905	-13.634696
34.081885	-13.63985
34.091865	-13.645004
34.101845	-13.650158
34.111825	-13.655312
34.121805	-13.660466
34.131785	-13.66562
34.141765	-13.670775
34.151745	-13.675929
34.161725	-13.681083
34.171705	-13.686238
34.181685	-13.691392
34.191665	-13.696547
34.201645	-13.701701
34.211625	-13.706856
34.221605	-13.71201
34.231585	-13.717165
34.241565	-13.722319
34.251545	-13.727474
34.261525	-13.732629
34.271505	-13.737784
34.281485	-13.742938
34.291465	-13.748093
34.301445	-13.753248
34.311425	-13.758403
34.321405	-13.763558
34.331385	-13.768713
34.341365	-13.773868
34.351345	-13.779023
34.361325	-13.784178
34.371305	-13.789333
34.381285	-13.794488
34.391265	-13.799644
34.401245	-13.804799
34.411225	-13.809954
34.421205	-13.815109
34.431185	-13.820265
34.441165	-13.82542
34.451145	-13.830575
34.461125	-13.835731
34.471105	-13.840886
34.481085	-13.846042
34.491065	-13.851197
34.501045	-13.856353
34.511025	-13.861508
34.521005	-13.866664
34.530985	-13.871819
34.540965	-13.876975
34.550945	-13.882131
34.560925	-13.887286
34.570905	-13.892442
34.580885	-13.897598
34.590865	-13.902753
34.600845	-13.907909
34.610825	-13.913065
34.620805	-13.918221
34.630785	-13.923377
34.640765	-13.928532
34.650745	-13.933688
34.660725	-13.938844
34.670705	-13.944
34.680685	-13.949156
34.690665	-13.954312
34.700645	-13.959468
34.710625	-13.964624
34.720605	-13.96978
34.730585	-13.974936
34.740565	-13.980092
34.750545	-13.985248
34.760525	-13.990404
34.770505	-13.99556
34.780485	-14.000717
34.790465	-14.005873
34.800445	-14.011029
34.810425	-14.016185
34.820405	-14.021341
34.830385	-14.026497
34.840365	-14.031654
34.850345	-14.03681
34.860325	-14.041966
34.870305	-14.047122
34.880285	-14.052279
34.890265	-14.057435
34.900244	-14.062591
34.910224	-14.067748
34.920204	-14.072904
34.930184	-14.07806
34.940164	-14.083217
34.950144	-14.088373
34.960124	-14.093529
34.970104	-14.098686
34.980084	-14.103842
34.990064	-14.108998
35.000044	-14.114155
35.010024	-14.119311
35.020004	-14.124468
35.029984	-14.129624
35.039964	-14.13478
35.049944	-14.139937
35.059924	-14.145093
35.069904	-14.15025
35.079884	-14.155406
35.089864	-14.160563
35.099844	-14.165719
35.109824	-14.170875
35.119804	-14.176032
35.129784	-14.181188
35.139764	-14.186345
35.149744	-14.191501
35.159724	-14.196658
35.169704	-14.201814
35.179684	-14.206971
35.189664	-14.212127
35.199644	-14.217284
35.209624	-14.22244
35.219604	-14.227597
35.229584	-14.232753
35.239564	-14.237909
35.249544	-14.243066
35.259524	-14.248222
35.269504	-14.253379
35.279484	-14.258535
35.289464	-14.263692
35.299444	-14.268848
35.309424	-14.274005
35.319404	-14.279161
35.329384	-14.284317
35.339364	-14.289474
35.349344	-14.29463
35.359324	-14.299787
35.369304	-14.304943
35.379284	-14.3101
35.389264	-14.315256
35.399244	-14.320412
35.409224	-14.325569
35.419204	-14.330725
35.429184	-14.335881
35.439164	-14.341038
35.449144	-14.346194
35.459124	-14.35135
35.469104	-14.356507
35.479084	-14.361663
35.489064	-14.366819
35.499044	-14.371976
35.509024	-14.377132
35.519004	-14.382288
35.528984	-14.387444
35.538964	-14.392601
35.548944	-14.397757
35.558924	-14.402913
35.568904	-14.408069
35.578884	-14.413225
35.588864	-14.418382
35.598844	-14.423538
35.608824	-14.428694
35.618804	-14.43385
35.628784	-14.439006
35.638764	-14.444162
35.648744	-14.449318
35.658724	-14.454474
35.668704	-14.45963
35.678684	-14.464786
35.688664	-14.469942
35.698644	-14.475098
35.708624	-14.480254
35.718604	-14.48541
35.728584	-14.490566
35.738564	-14.495722
35.748544	-14.500878
35.758524	-14.506034
35.768504	-14.51119
35.778484	-14.516346
35.788464	-14.521501
35.798444	-14.526657
35.808424	-14.531813
35.818404	-14.536969
35.828384	-14.542124
35.838364	-14.54728
35.848344	-14.552436
35.858324	-14.557591
35.868304	-14.562747
35.878284	-14.567903
35.888264	-14.573058
35.898244	-14.578214
35.908224	-14.583369
35.918204	-14.588525
35.928184	-14.59368
35.938164	-14.598835
35.948144	-14.603991
35.958124	-14.609146
35.968104	-14.614302
35.978084	-14.619457
35.988064	-14.624612
35.998044	-14.629767
36.008024	-14.634923
36.018004	-14.640078
36.027984	-14.645233
36.037964	-14.650388
36.047944	-14.655543
36.057924	-14.660698
36.067904	-14.665853
36.077884	-14.671008
36.087864	-14.676163
36.097844	-14.681318
36.107824	-14.686473
36.117804	-14.691628
36.127784	-14.696783
36.137764	-14.701938
36.147744	-14.707093
36.157724	-14.712247
36.167704	-14.717402
36.177684	-14.722557
36.187664	-14.727711
36.197644	-14.732866
36.207624	-14.738021
36.217604	-14.743175
36.227584	-14.74833
36.237564	-14.753484
36.247544	-14.758638
36.257524	-14.763793
36.267504	-14.768947
36.277484	-14.774101
36.287464	-14.779256
36.297444	-14.78441
36.307424	-14.789564
36.317404	-14.794718
36.327384	-14.799872
36.337364	-14.805026
36.347344	-14.81018
36.357324	-14.815334
36.367304	-14.820488
36.377284	-14.825642
36.387264	-14.830796
36.397244	-14.83595
36.407224	-14.841104
36.417204	-14.846257
36.427184	-14.851411
36.437164	-14.856565
36.447144	-14.861718
36.457124	-14.866872
36.467104	-14.872025
36.477084	-14.877179
36.487064	-14.882332
36.497044	-14.887486
36.507024	-14.892639
36.517004	-14.897792
36.526984	-14.902945
36.536964	-14.908098
36.546944	-14.913252
36.556924	-14.918405
36.566904	-14.923558
36.576884	-14.928711
36.586864	-14.933864
36.596844	-14.939016
36.606824	-14.944169
36.616804	-14.949322
36.626784	-14.954475
36.636764	-14.959628
36.646744	-14.96478
36.656724	-14.969933
36.666704	-14.975085
36.676684	-14.980238
36.686664	-14.98539
36.696644	-14.990543
36.706624	-14.995695
36.716604	-15.000847
36.726584	-15.005999
36.736564	-15.011151
36.746544	-15.016304
36.756524	-15.021456
36.766504	-15.026608
36.776484	-15.03176
36.786464	-15.036911
36.796444	-15.042063
36.806424	-15.047215
36.816404	-15.052367
36.826384	-15.057518
36.836364	-15.06267
36.846344	-15.067821
36.856324	-15.072973
36.866304	-15.078124
36.876284	-15.083276
36.886264	-15.088427
36.896244	-15.093578
36.906224	-15.098729
36.916204	-15.103881
36.926184	-15.109032
36.936164	-15.114183
36.946144	-15.119334
36.956124	-15.124485
36.966104	-15.129635
36.976084	-15.134786
36.986064	-15.139937
36.996044	-15.145087
37.006024	-15.150238
37.016004	-15.155389
37.025984	-15.160539
37.035964	-15.165689
37.045944	-15.17084
37.055924	-15.17599
37.065904	-15.18114
37.075884	-15.18629
37.085864	-15.19144
37.095844	-15.19659
37.105824	-15.20174
37.115804	-15.20689
37.125784	-15.21204
37.135764	-15.21719
37.145743	-15.222339
37.155723	-15.227489
37.165703	-15.232638
37.175683	-15.237788
37.185663	-15.242937
37.195643	-15.248087
37.205623	-15.253236
37.215603	-15.258385
37.225583	-15.263534
37.235563	-15.268683
37.245543	-15.273832
37.255523	-15.278981
37.265503	-15.28413
37.275483	-15.289279
37.285463	-15.294428
37.295443	-15.299576
37.305423	-15.304725
37.315403	-15.309873
37.325383	-15.315022
37.335363	-15.32017
37.345343	-15.325318
37.355323	-15.330466
37.365303	-15.335615
37.375283	-15.340763
37.385263	-15.345911
37.395243	-15.351059
37.405223	-15.356206
37.415203	-15.361354
37.425183	-15.366502
37.435163	-15.371649
37.445143	-15.376797
37.455123	-15.381944
37.465103	-15.387092
37.475083	-15.392239
37.485063	-15.397386
37.495043	-15.402533
37.505023	-15.40768
37.515003	-15.412827
37.524983	-15.417974
37.534963	-15.423121
37.544943	-15.428268
37.554923	-15.433415
37.564903	-15.438561
37.574883	-15.443708
37.584863	-15.448854
37.594843	-15.454
37.604823	-15.459147
37.614803	-15.464293
37.624783	-15.469439
37.634763	-15.474585
37.644743	-15.479731
37.654723	-15.484877
37.664703	-15.490023
37.674683	-15.495168
37.684663	-15.500314
37.694643	-15.50546
37.704623	-15.510605
37.714603	-15.51575
37.724583	-15.520896
37.734563	-15.526041
37.744543	-15.531186
37.754523	-15.536331
37.764503	-15.541476
37.774483	-15.546621
37.784463	-15.551766
37.794443	-15.55691
37.804423	-15.562055
37.814403	-15.567199
37.824383	-15.572344
37.834363	-15.577488
37.844343	-15.582632
37.854323	-15.587777
37.864303	-15.592921
37.874283	-15.598065
37.884263	-15.603209
37.894243	-15.608352
37.904223	-15.613496
37.914203	-15.61864
37.924183	-15.623783
37.934163	-15.628927
37.944143	-15.63407
37.954123	-15.639213
37.964103	-15.644357
37.974083	-15.6495
37.984063	-15.654643
37.994043	-15.659786
38.004023	-15.664929
38.014003	-15.670071
38.023983	-15.675214
38.033963	-15.680356
38.043943	-15.685499
38.053923	-15.690641
38.063903	-15.695784
38.073883	-15.700926
38.083863	-15.706068
38.093843	-15.71121
38.103823	-15.716352
38.113803	-15.721493
38.123783	-15.726635
38.133763	-15.731777
38.143743	-15.736918
38.153723	-15.74206
38.163703	-15.747201
38.173683	-15.752342
38.183663	-15.757483
38.193643	-15.762624
38.203623	-15.767765
38.213603	-15.772906
38.223583	-15.778047
38.233563	-15.783188
38.243543	-15.788328
38.253523	-15.793469
38.263503	-15.798609
38.273483	-15.803749
38.283463	-15.808889
38.293443	-15.814029
38.303423	-15.819169
38.313403	-15.824309
38.323383	-15.829449
38.333363	-15.834589
38.343343	-15.839728
38.353323	-15.844868
38.363303	-15.850007
38.373283	-15.855146
38.383263	-15.860285
38.393243	-15.865424
38.403223	-15.870563
38.413203	-15.875702
38.423183	-15.880841
38.433163	-15.885979
38.443143	-15.891118
38.453123	-15.896256
38.463103	-15.901395
38.473083	-15.906533
38.483063	-15.911671
38.493043	-15.916809
38.503023	-15.921947
38.513003	-15.927085
38.522983	-15.932222
38.532963	-15.93736
38.542943	-15.942497
38.552923	-15.947635
38.562903	-15.952772
38.572883	-15.957909
38.582863	-15.963046
38.592843	-15.968183
38.602823	-15.97332
38.612803	-15.978457
38.622783	-15.983593
38.632763	-15.98873
38.642743	-15.993866
38.652723	-15.999002
38.662703	-16.004139
38.672683	-16.009275
38.682663	-16.014411
38.692643	-16.019547
38.702623	-16.024682
38.712603	-16.029818
38.722583	-16.034953
38.732563	-16.040089
38.742543	-16.045224
38.752523	-16.050359
38.762503	-16.055494
38.772483	-16.060629
38.782463	-16.065764
38.792443	-16.070899
38.802423	-16.076034
38.812403	-16.081168
38.822383	-16.086302
38.832363	-16.091437
38.842343	-16.096571
38.852323	-16.101705
38.862303	-16.106839
38.872283	-16.111973
38.882263	-16.117106
38.892243	-16.12224
38.902223	-16.127374
38.912203	-16.132507
38.922183	-16.13764
38.932163	-16.142773
38.942143	-16.147906
38.952123	-16.153039
38.962103	-16.158172
38.972083	-16.163305
38.982063	-16.168437
38.992043	-16.17357
39.002023	-16.178702
39.012003	-16.183834
39.021983	-16.188966
39.031963	-16.194098
39.041943	-16.19923
39.051923	-16.204362
39.061903	-16.209493
39.071883	-16.214625
39.081863	-16.219756
39.091843	-16.224887
39.101823	-16.230019
39.111803	-16.23515
39.121783	-16.24028
39.131763	-16.245411
39.141743	-16.250542
39.151723	-16.255672
39.161703	-16.260803
39.171683	-16.265933
39.181663	-16.271063
39.191643	-16.276193
39.201623	-16.281323
39.211603	-16.286453
39.221583	-16.291583
39.231563	-16.296712
39.241543	-16.301842
39.251523	-16.306971
39.261503	-16.3121
39.271483	-16.317229
39.281463	-16.322358
39.291443	-16.327487
39.301423	-16.332615
39.311403	-16.337744
39.321383	-16.342872
39.331363	-16.348001
39.341343	-16.353129
39.351323	-16.358257
39.361303	-16.363385
39.371283	-16.368513
39.381263	-16.37364
39.391242	-16.378768
39.401222	-16.383895
39.411202	-16.389022
39.421182	-16.39415
39.431162	-16.399277
39.441142	-16.404404
39.451122	-16.40953
39.461102	-16.414657
39.471082	-16.419783
39.481062	-16.42491
39.491042	-16.430036
39.501022	-16.435162
39.511002	-16.440288
39.520982	-16.445414
39.530962	-16.45054
39.540942	-16.455665
39.550922	-16.460791
39.560902	-16.465916
39.570882	-16.471041
39.580862	-16.476166
39.590842	-16.481291
39.600822	-16.486416
39.610802	-16.491541
39.620782	-16.496665
39.630762	-16.50179
39.640742	-16.506914
39.650722	-16.512038
39.660702	-16.517162
39.670682	-16.522286
39.680662	-16.52741
39.690642	-16.532533
39.700622	-16.537657
39.710602	-16.54278
39.720582	-16.547904
39.730562	-16.553027
39.740542	-16.55815
39.750522	-16.563272
39.760502	-16.568395
39.770482	-16.573518
39.780462	-16.57864
39.790442	-16.583762
39.800422	-16.588884
39.810402	-16.594006
39.820382	-16.599128
39.830362	-16.60425
39.840342	-16.609371
39.850322	-16.614493
39.860302	-16.619614
39.870282	-16.624735
39.880262	-16.629856
39.890242	-16.634977
39.900222	-16.640098
39.910202	-16.645219
39.920182	-16.650339
39.930162	-16.655459
39.940142	-16.66058
39.950122	-16.6657
39.960102	-16.670819
39.970082	-16.675939
39.980062	-16.681059
39.990042	-16.686178
40.000022	-16.691298
40.010002	-16.696417
40.019982	-16.701536
40.029962	-16.706655
40.039942	-16.711774
40.049922	-16.716892
40.059902	-16.722011
40.069882	-16.727129
40.079862	-16.732247
40.089842	-16.737365
40.099822	-16.742483
40.109802	-16.747601
40.119782	-16.752719
40.129762	-16.757836
40.139742	-16.762954
40.149722	-16.768071
40.159702	-16.773188
40.169682	-16.778305
40.179662	-16.783422
40.189642	-16.788538
40.199622	-16.793655
40.209602	-16.798771
40.219582	-16.803887
40.229562	-16.809003
40.239542	-16.814119
40.249522	-16.819235
40.259502	-16.82435
40.269482	-16.829466
40.279462	-16.834581
40.289442	-16.839696
40.299422	-16.844811
40.309402	-16.849926
40.319382	-16.855041
40.329362	-16.860155
40.339342	-16.86527
40.349322	-16.870384
40.359302	-16.875498
40.369282	-16.880612
40.379262	-16.885726
40.389242	-16.89084
40.399222	-16.895953
40.409202	-16.901067
40.419182	-16.90618
40.429162	-16.911293
40.439142	-16.916406
40.449122	-16.921519
40.459102	-16.926631
40.469082	-16.931744
40.479062	-16.936856
40.489042	-16.941968
40.499022	-16.94708
40.509002	-16.952192
40.518982	-16.957304
40.528962	-16.962415
40.538942	-16.967527
40.548922	-16.972638
40.558902	-16.977749
40.568882	-16.98286
40.578862	-16.987971
40.588842	-16.993081
40.598822	-16.998192
40.608802	-17.003302
40.618782	-17.008412
40.628762	-17.013523
40.638742	-17.018632
40.648722	-17.023742
40.658702	-17.028852
40.668682	-17.033961
40.678662	-17.03907
40.688642	-17.044179
40.698622	-17.049288
40.708602	-17.054397
40.718582	-17.059506
40.728562	-17.064614
40.738542	-17.069723
40.748522	-17.074831
40.758502	-17.079939
40.768482	-17.085047
40.778462	-17.090154
40.788442	-17.095262
40.798422	-17.100369
40.808402	-17.105476
40.818382	-17.110583
40.828362	-17.11569
40.838342	-17.120797
40.848322	-17.125904
40.858302	-17.13101
40.868282	-17.136116
40.878262	-17.141222
40.888242	-17.146328
40.898222	-17.151434
40.908202	-17.15654
40.918182	-17.161645
40.928162	-17.16675
40.938142	-17.171856
40.948122	-17.17696
40.958102	-17.182065
40.968082	-17.18717
40.978062	-17.192274
40.988042	-17.197379
40.998022	-17.202483
41.008002	-17.207587
41.017982	-17.212691
41.027962	-17.217794
41.037942	-17.222898
41.047922	-17.228001
41.057902	-17.233105
41.067882	-17.238208
41.077862	-17.24331
41.087842	-17.248413
41.097822	-17.253516
41.107802	-17.258618
41.117782	-17.26372
41.127762	-17.268822
41.137742	-17.273924
41.147722	-17.279026
41.157702	-17.284127
41.167682	-17.289229
41.177662	-17.29433
41.187642	-17.299431
41.197622	-17.304532
41.207602	-17.309633
41.217582	-17.314733
41.227562	-17.319834
41.237542	-17.324934
41.247522	-17.330034
41.257502	-17.335134
41.267482	-17.340233
41.277462	-17.345333
41.287442	-17.350432
41.297422	-17.355532
41.307402	-17.360631
41.317382	-17.36573
41.327362	-17.370828
41.337342	-17.375927
41.347322	-17.381025
41.357302	-17.386123
41.367282	-17.391221
41.377262	-17.396319
41.387242	-17.401417
41.397222	-17.406515
41.407202	-17.411612
41.417182	-17.416709
41.427162	-17.421806
41.437142	-17.426903
41.447122	-17.432
41.457102	-17.437096
41.467082	-17.442192
41.477062	-17.447289
41.487042	-17.452385
41.497022	-17.45748
41.507002	-17.462576
41.516982	-17.467672
41.526962	-17.472767
41.536942	-17.477862
41.546922	-17.482957
41.556902	-17.488052
41.566882	-17.493146
41.576862	-17.498241
41.586842	-17.503335
41.596822	-17.508429
41.606802	-17.513523
41.616782	-17.518617
41.626762	-17.52371
41.636741	-17.528804
41.646721	-17.533897
41.656701	-17.53899
41.666681	-17.544083
41.676661	-17.549176
41.686641	-17.554268
41.696621	-17.55936
41.706601	-17.564453
41.716581	-17.569545
41.726561	-17.574636
41.736541	-17.579728
41.746521	-17.58482
41.756501	-17.589911
41.766481	-17.595002
41.776461	-17.600093
41.786441	-17.605184
41.796421	-17.610274
41.806401	-17.615365
41.816381	-17.620455
41.826361	-17.625545
41.836341	-17.630635
41.846321	-17.635725
41.856301	-17.640814
41.866281	-17.645903
41.876261	-17.650993
41.886241	-17.656082
41.896221	-17.66117
41.906201	-17.666259
41.916181	-17.671347
41.926161	-17.676436
41.936141	-17.681524
41.946121	-17.686612
41.956101	-17.691699
41.966081	-17.696787
41.976061	-17.701874
41.986041	-17.706961
41.996021	-17.712048
42.006001	-17.717135
42.015981	-17.722222
42.025961	-17.727308
42.035941	-17.732395
42.045921	-17.737481
42.055901	-17.742567
42.065881	-17.747652
42.075861	-17.752738
42.085841	-17.757823
42.095821	-17.762909
42.105801	-17.767994
42.115781	-17.773078
42.125761	-17.778163
42.135741	-17.783247
42.145721	-17.788332
42.155701	-17.793416
42.165681	-17.7985
42.175661	-17.803583
42.185641	-17.808667
42.195621	-17.81375
42.205601	-17.818833
42.215581	-17.823916
42.225561	-17.828999
42.235541	-17.834082
42.245521	-17.839164
42.255501	-17.844247
42.265481	-17.849329
42.275461	-17.85441
42.285441	-17.859492
42.295421	-17.864574
42.305401	-17.869655
42.315381	-17.874736
42.325361	-17.879817
42.335341	-17.884898
42.345321	-17.889978
42.355301	-17.895059
42.365281	-17.900139
42.375261	-17.905219
42.385241	-17.910299
42.395221	-17.915378
42.405201	-17.920458
42.415181	-17.925537
42.425161	-17.930616
42.435141	-17.935695
42.445121	-17.940774
42.455101	-17.945852
42.465081	-17.95093
42.475061	-17.956008
42.485041	-17.961086
42.495021	-17.966164
42.505001	-17.971242
42.514981	-17.976319
42.524961	-17.981396
42.534941	-17.986473
42.544921	-17.99155
42.554901	-17.996627
42.564881	-18.001703
42.574861	-18.006779
42.584841	-18.011855
42.594821	-18.016931
42.604801	-18.022007
42.614781	-18.027082
42.624761	-18.032157
42.634741	-18.037232
42.644721	-18.042307
42.654701	-18.047382
42.664681	-18.052456
42.674661	-18.057531
42.684641	-18.062605
42.694621	-18.067679
42.704601	-18.072752
42.714581	-18.077826
42.724561	-18.082899
42.734541	-18.087972
42.744521	-18.093045
42.754501	-18.098118
42.764481	-18.103191
42.774461	-18.108263
42.784441	-18.113335
42.794421	-18.118407
42.804401	-18.123479
42.814381	-18.128551
42.824361	-18.133622
42.834341	-18.138693
42.844321	-18.143764
42.854301	-18.148835
42.864281	-18.153905
42.874261	-18.158976
42.884241	-18.164046
42.894221	-18.169116
42.904201	-18.174186
42.914181	-18.179256
42.924161	-18.184325
42.934141	-18.189394
42.944121	-18.194463
42.954101	-18.199532
42.964081	-18.204601
42.974061	-18.209669
42.984041	-18.214737
42.994021	-18.219805
43.004001	-18.224873
43.013981	-18.229941
43.023961	-18.235008
43.033941	-18.240076
43.043921	-18.245143
43.053901	-18.250209
43.063881	-18.255276
43.073861	-18.260343
43.083841	-18.265409
43.093821	-18.270475
43.103801	-18.275541
43.113781	-18.280606
43.123761	-18.285672
43.133741	-18.290737
43.143721	-18.295802
43.153701	-18.300867
43.163681	-18.305932
43.173661	-18.310996
43.183641	-18.31606
43.193621	-18.321124
43.203601	-18.326188
43.213581	-18.331252
43.223561	-18.336315
43.233541	-18.341378
43.243521	-18.346441
43.253501	-18.351504
43.263481	-18.356567
43.273461	-18.361629
43.283441	-18.366692
43.293421	-18.371754
43.303401	-18.376815
43.313381	-18.381877
43.323361	-18.386938
43.333341	-18.392
43.343321	-18.397061
43.353301	-18.402121
43.363281	-18.407182
43.373261	-18.412242
43.383241	-18.417303
43.393221	-18.422363
43.403201	-18.427422
43.413181	-18.432482
43.423161	-18.437541
43.433141	-18.442601
43.443121	-18.447659
43.453101	-18.452718
43.463081	-18.457777
43.473061	-18.462835
43.483041	-18.467893
43.493021	-18.472951
43.503001	-18.478009
43.512981	-18.483066
43.522961	-18.488124
43.532941	-18.493181
43.542921	-18.498238
43.552901	-18.503294
43.562881	-18.508351
43.572861	-18.513407
43.582841	-18.518463
43.592821	-18.523519
43.602801	-18.528575
43.612781	-18.53363
43.622761	-18.538685
43.632741	-18.54374
43.642721	-18.548795
43.652701	-18.55385
43.662681	-18.558904
43.672661	-18.563958
43.682641	-18.569012
43.692621	-18.574066
43.702601	-18.57912
43.712581	-18.584173
43.722561	-18.589226
43.732541	-18.594279
43.742521	-18.599332
43.752501	-18.604384
43.762481	-18.609437
43.772461	-18.614489
43.782441	-18.619541
43.792421	-18.624592
43.802401	-18.629644
43.812381	-18.634695
43.822361	-18.639746
43.832341	-18.644797
43.842321	-18.649848
43.852301	-18.654898
43.862281	-18.659948
43.872261	-18.664998
43.88224	-18.670048
43.89222	-18.675098
43.9022	-18.680147
43.91218	-18.685196
43.92216	-18.690245
43.93214	-18.695294
43.94212	-18.700342
43.9521	-18.70539
43.96208	-18.710438
43.97206	-18.715486
43.98204	-18.720534
43.99202	-18.725581
44.002	-18.730629
44.01198	-18.735676
44.02196	-18.740722
44.03194	-18.745769
44.04192	-18.750815
44.0519	-18.755861
44.06188	-18.760907
44.07186	-18.765953
44.08184	-18.770999
44.09182	-18.776044
44.1018	-18.781089
44.11178	-18.786134
44.12176	-18.791178
44.13174	-18.796223
44.14172	-18.801267
44.1517	-18.806311
44.16168	-18.811355
44.17166	-18.816398
44.18164	-18.821442
44.19162	-18.826485
44.2016	-18.831528
44.21158	-18.83657
44.22156	-18.841613
44.23154	-18.846655
44.24152	-18.851697
44.2515	-18.856739
44.26148	-18.86178
44.27146	-18.866822
44.28144	-18.871863
44.29142	-18.876904
44.3014	-18.881945
44.31138	-18.886985
44.32136	-18.892025
44.33134	-18.897066
44.34132	-18.902105
44.3513	-18.907145
44.36128	-18.912184
44.37126	-18.917224
44.38124	-18.922263
44.39122	-18.927301
44.4012	-18.93234
44.41118	-18.937378
44.42116	-18.942416
44.43114	-18.947454
44.44112	-18.952492
44.4511	-18.957529
44.46108	-18.962566
44.47106	-18.967603
44.48104	-18.97264
44.49102	-18.977677
44.501	-18.982713
44.51098	-18.987749
44.52096	-18.992785
44.53094	-18.997821
44.54092	-19.002856
44.5509	-19.007891
44.56088	-19.012926
44.57086	-19.017961
44.58084	-19.022995
44.59082	-19.02803
44.6008	-19.033064
44.61078	-19.038098
44.62076	-19.043131
44.63074	-19.048165
44.64072	-19.053198
44.6507	-19.058231
44.66068	-19.063264
44.67066	-19.068296
44.68064	-19.073329
44.69062	-19.078361
44.7006	-19.083393
44.71058	-19.088424
44.72056	-19.093456
44.73054	-19.098487
44.74052	-19.103518
44.7505	-19.108548
44.76048	-19.113579
44.77046	-19.118609
44.78044	-19.123639
44.79042	-19.128669
44.8004	-19.133699
44.81038	-19.138728
44.82036	-19.143757
44.83034	-19.148786
44.84032	-19.153815
44.8503	-19.158843
44.86028	-19.163872
44.87026	-19.1689
44.88024	-19.173927
44.89022	-19.178955
44.9002	-19.183982
44.91018	-19.189009
44.92016	-19.194036
44.93014	-19.199063
44.94012	-19.204089
44.9501	-19.209116
44.96008	-19.214142
44.97006	-19.219167
44.98004	-19.224193
44.99002	-19.229218
45	-19.234243
