Freq_GHz	Model_dBm
0.1	-3.9794939
0.10998	-3.9795135
0.11995999	-3.9795351
0.12993999	-3.9795585
0.13991998	-3.9795837
0.14989998	-3.9796108
0.15987997	-3.9796398
0.16985997	-3.9796707
0.17983996	-3.9797034
0.18981996	-3.9797381
0.19979996	-3.9797745
0.20977995	-3.9798129
0.21975995	-3.9798531
0.22973994	-3.9798952
0.23971994	-3.9799391
0.24969993	-3.9799849
0.25967993	-3.9800326
0.26965992	-3.9800822
0.27963992	-3.9801336
0.28961992	-3.9801869
0.29959991	-3.980242
0.30957991	-3.980299
0.3195599	-3.9803579
0.3295399	-3.9804187
0.33951989	-3.9804813
0.34949989	-3.9805458
0.35947988	-3.9806122
0.36945988	-3.9806805
0.37943988	-3.9807506
0.38941987	-3.9808225
0.39939987	-3.9808964
0.40937986	-3.9809721
0.41935986	-3.9810497
0.42933985	-3.9811291
0.43931985	-3.9812105
0.44929984	-3.9812937
0.45927984	-3.9813787
0.46925984	-3.9814656
0.47923983	-3.9815544
0.48921983	-3.9816451
0.49919982	-3.9817376
0.50917982	-3.981832
0.51915981	-3.9819283
0.52913981	-3.9820265
0.5391198	-3.9821265
0.5490998	-3.9822284
0.5590798	-3.9823321
0.56905979	-3.9824377
0.57903979	-3.9825452
0.58901978	-3.9826546
0.59899978	-3.9827658
0.60897977	-3.9828789
0.61895977	-3.9829939
0.62893976	-3.9831107
0.63891976	-3.9832294
0.64889976	-3.98335
0.65887975	-3.9834724
0.66885975	-3.9835968
0.67883974	-3.983723
0.68881974	-3.983851
0.69879973	-3.9839809
0.70877973	-3.9841127
0.71875972	-3.9842464
0.72873972	-3.9843819
0.73871972	-3.9845193
0.74869971	-3.9846586
0.75867971	-3.9847998
0.7686597	-3.9849428
0.7786397	-3.9850877
0.78861969	-3.9852344
0.79859969	-3.985383
0.80857968	-3.9855335
0.81855968	-3.9856859
0.82853968	-3.9858401
0.83851967	-3.9859962
0.84849967	-3.9861542
0.85847966	-3.9863141
0.86845966	-3.9864758
0.87843965	-3.9866394
0.88841965	-3.9868048
0.89839964	-3.9869722
0.90837964	-3.9871414
0.91835964	-3.9873124
0.92833963	-3.9874854
0.93831963	-3.9876602
0.94829962	-3.9878369
0.95827962	-3.9880154
0.96825961	-3.9881959
0.97823961	-3.9883782
0.9882196	-3.9885623
0.9981996	-3.9887484
1.0081796	-3.9889363
1.0181596	-3.9891261
1.0281396	-3.9893177
1.0381196	-3.9895113
1.0480996	-3.9897067
1.0580796	-3.9899039
1.0680596	-3.9901031
1.0780396	-3.9903041
1.0880196	-3.990507
1.0979996	-3.9907117
1.1079796	-3.9909184
1.1179595	-3.9911269
1.1279395	-3.9913372
1.1379195	-3.9915495
1.1478995	-3.9917636
1.1578795	-3.9919796
1.1678595	-3.9921975
1.1778395	-3.9924172
1.1878195	-3.9926388
1.1977995	-3.9928623
1.2077795	-3.9930876
1.2177595	-3.9933149
1.2277395	-3.993544
1.2377195	-3.9937749
1.2476995	-3.9940078
1.2576795	-3.9942425
1.2676595	-3.9944791
1.2776395	-3.9947175
1.2876195	-3.9949579
1.2975995	-3.9952001
1.3075795	-3.9954442
1.3175595	-3.9956901
1.3275395	-3.995938
1.3375194	-3.9961877
1.3474994	-3.9964392
1.3574794	-3.9966927
1.3674594	-3.996948
1.3774394	-3.9972052
1.3874194	-3.9974643
1.3973994	-3.9977252
1.4073794	-3.9979881
1.4173594	-3.9982527
1.4273394	-3.9985193
1.4373194	-3.9987878
1.4472994	-3.9990581
1.4572794	-3.9993303
1.4672594	-3.9996043
1.4772394	-3.9998803
1.4872194	-4.0001581
1.4971994	-4.0004378
1.5071794	-4.0007194
1.5171594	-4.0010028
1.5271394	-4.0012881
1.5371194	-4.0015753
1.5470994	-4.0018644
1.5570794	-4.0021553
1.5670593	-4.0024481
1.5770393	-4.0027428
1.5870193	-4.0030394
1.5969993	-4.0033378
1.6069793	-4.0036382
1.6169593	-4.0039404
1.6269393	-4.0042444
1.6369193	-4.0045504
1.6468993	-4.0048582
1.6568793	-4.0051679
1.6668593	-4.0054795
1.6768393	-4.0057929
1.6868193	-4.0061083
1.6967993	-4.0064255
1.7067793	-4.0067445
1.7167593	-4.0070655
1.7267393	-4.0073883
1.7367193	-4.0077131
1.7466993	-4.0080397
1.7566793	-4.0083681
1.7666593	-4.0086985
1.7766393	-4.0090307
1.7866192	-4.0093648
1.7965992	-4.0097008
1.8065792	-4.0100386
1.8165592	-4.0103784
1.8265392	-4.01072
1.8365192	-4.0110635
1.8464992	-4.0114088
1.8564792	-4.0117561
1.8664592	-4.0121052
1.8764392	-4.0124562
1.8864192	-4.0128091
1.8963992	-4.0131639
1.9063792	-4.0135205
1.9163592	-4.013879
1.9263392	-4.0142394
1.9363192	-4.0146017
1.9462992	-4.0149658
1.9562792	-4.0153319
1.9662592	-4.0156998
1.9762392	-4.0160696
1.9862192	-4.0164413
1.9961992	-4.0168148
2.0061792	-4.0171902
2.0161591	-4.0175676
2.0261391	-4.0179468
2.0361191	-4.0183278
2.0460991	-4.0187108
2.0560791	-4.0190956
2.0660591	-4.0194823
2.0760391	-4.0198709
2.0860191	-4.0202614
2.0959991	-4.0206538
2.1059791	-4.021048
2.1159591	-4.0214441
2.1259391	-4.0218421
2.1359191	-4.022242
2.1458991	-4.0226438
2.1558791	-4.0230474
2.1658591	-4.0234529
2.1758391	-4.0238604
2.1858191	-4.0242696
2.1957991	-4.0246808
2.2057791	-4.0250939
2.2157591	-4.0255088
2.2257391	-4.0259256
2.235719	-4.0263443
2.245699	-4.0267649
2.255679	-4.0271874
2.265659	-4.0276117
2.275639	-4.028038
2.285619	-4.0284661
2.295599	-4.0288961
2.305579	-4.029328
2.315559	-4.0297617
2.325539	-4.0301974
2.335519	-4.0306349
2.345499	-4.0310744
2.355479	-4.0315157
2.365459	-4.0319588
2.375439	-4.0324039
2.385419	-4.0328509
2.395399	-4.0332997
2.405379	-4.0337504
2.415359	-4.0342031
2.425339	-4.0346576
2.435319	-4.0351139
2.445299	-4.0355722
2.455279	-4.0360324
2.4652589	-4.0364944
2.4752389	-4.0369583
2.4852189	-4.0374241
2.4951989	-4.0378918
2.5051789	-4.0383614
2.5151589	-4.0388329
2.5251389	-4.0393062
2.5351189	-4.0397815
2.5450989	-4.0402586
2.5550789	-4.0407376
2.5650589	-4.0412185
2.5750389	-4.0417013
2.5850189	-4.042186
2.5949989	-4.0426725
2.6049789	-4.043161
2.6149589	-4.0436513
2.6249389	-4.0441435
2.6349189	-4.0446376
2.6448989	-4.0451336
2.6548789	-4.0456315
2.6648589	-4.0461313
2.6748389	-4.046633
2.6848188	-4.0471365
2.6947988	-4.047642
2.7047788	-4.0481493
2.7147588	-4.0486585
2.7247388	-4.0491696
2.7347188	-4.0496826
2.7446988	-4.0501975
2.7546788	-4.0507143
2.7646588	-4.051233
2.7746388	-4.0517535
2.7846188	-4.052276
2.7945988	-4.0528003
2.8045788	-4.0533265
2.8145588	-4.0538547
2.8245388	-4.0543847
2.8345188	-4.0549166
2.8444988	-4.0554504
2.8544788	-4.055986
2.8644588	-4.0565236
2.8744388	-4.0570631
2.8844188	-4.0576044
2.8943988	-4.0581477
2.9043788	-4.0586928
2.9143587	-4.0592399
2.9243387	-4.0597888
2.9343187	-4.0603396
2.9442987	-4.0608923
2.9542787	-4.0614469
2.9642587	-4.0620034
2.9742387	-4.0625618
2.9842187	-4.0631221
2.9941987	-4.0636843
3.0041787	-4.0642483
3.0141587	-4.0648143
3.0241387	-4.0653821
3.0341187	-4.0659519
3.0440987	-4.0665235
3.0540787	-4.0670971
3.0640587	-4.0676725
3.0740387	-4.0682498
3.0840187	-4.068829
3.0939987	-4.0694102
3.1039787	-4.0699932
3.1139587	-4.0705781
3.1239387	-4.0711649
3.1339186	-4.0717536
3.1438986	-4.0723442
3.1538786	-4.0729367
3.1638586	-4.073531
3.1738386	-4.0741273
3.1838186	-4.0747255
3.1937986	-4.0753256
3.2037786	-4.0759275
3.2137586	-4.0765314
3.2237386	-4.0771372
3.2337186	-4.0777448
3.2436986	-4.0783544
3.2536786	-4.0789658
3.2636586	-4.0795792
3.2736386	-4.0801944
3.2836186	-4.0808116
3.2935986	-4.0814306
3.3035786	-4.0820516
3.3135586	-4.0826744
3.3235386	-4.0832992
3.3335186	-4.0839258
3.3434986	-4.0845543
3.3534786	-4.0851848
3.3634585	-4.0858171
3.3734385	-4.0864514
3.3834185	-4.0870875
3.3933985	-4.0877255
3.4033785	-4.0883655
3.4133585	-4.0890073
3.4233385	-4.089651
3.4333185	-4.0902967
3.4432985	-4.0909442
3.4532785	-4.0915937
3.4632585	-4.092245
3.4732385	-4.0928982
3.4832185	-4.0935534
3.4931985	-4.0942104
3.5031785	-4.0948694
3.5131585	-4.0955302
3.5231385	-4.096193
3.5331185	-4.0968576
3.5430985	-4.0975242
3.5530785	-4.0981926
3.5630585	-4.098863
3.5730385	-4.0995353
3.5830184	-4.1002094
3.5929984	-4.1008855
3.6029784	-4.1015635
3.6129584	-4.1022434
3.6229384	-4.1029251
3.6329184	-4.1036088
3.6428984	-4.1042944
3.6528784	-4.1049819
3.6628584	-4.1056713
3.6728384	-4.1063626
3.6828184	-4.1070558
3.6927984	-4.1077509
3.7027784	-4.108448
3.7127584	-4.1091469
3.7227384	-4.1098477
3.7327184	-4.1105504
3.7426984	-4.1112551
3.7526784	-4.1119616
3.7626584	-4.1126701
3.7726384	-4.1133805
3.7826184	-4.1140927
3.7925984	-4.1148069
3.8025784	-4.115523
3.8125583	-4.116241
3.8225383	-4.1169609
3.8325183	-4.1176827
3.8424983	-4.1184064
3.8524783	-4.119132
3.8624583	-4.1198595
3.8724383	-4.120589
3.8824183	-4.1213203
3.8923983	-4.1220536
3.9023783	-4.1227887
3.9123583	-4.1235258
3.9223383	-4.1242648
3.9323183	-4.1250057
3.9422983	-4.1257485
3.9522783	-4.1264932
3.9622583	-4.1272398
3.9722383	-4.1279883
3.9822183	-4.1287388
3.9921983	-4.1294911
4.0021783	-4.1302454
4.0121583	-4.1310016
4.0221383	-4.1317597
4.0321182	-4.1325197
4.0420982	-4.1332816
4.0520782	-4.1340454
4.0620582	-4.1348111
4.0720382	-4.1355788
4.0820182	-4.1363483
4.0919982	-4.1371198
4.1019782	-4.1378932
4.1119582	-4.1386685
4.1219382	-4.1394457
4.1319182	-4.1402248
4.1418982	-4.1410059
4.1518782	-4.1417888
4.1618582	-4.1425737
4.1718382	-4.1433604
4.1818182	-4.1441491
4.1917982	-4.1449397
4.2017782	-4.1457323
4.2117582	-4.1465267
4.2217382	-4.1473231
4.2317182	-4.1481213
4.2416982	-4.1489215
4.2516782	-4.1497236
4.2616581	-4.1505276
4.2716381	-4.1513336
4.2816181	-4.1521414
4.2915981	-4.1529512
4.3015781	-4.1537628
4.3115581	-4.1545764
4.3215381	-4.155392
4.3315181	-4.1562094
4.3414981	-4.1570287
4.3514781	-4.15785
4.3614581	-4.1586732
4.3714381	-4.1594983
4.3814181	-4.1603253
4.3913981	-4.1611543
4.4013781	-4.1619851
4.4113581	-4.1628179
4.4213381	-4.1636526
4.4313181	-4.1644892
4.4412981	-4.1653277
4.4512781	-4.1661682
4.4612581	-4.1670106
4.4712381	-4.1678549
4.481218	-4.1687011
4.491198	-4.1695492
4.501178	-4.1703993
4.511158	-4.1712513
4.521138	-4.1721052
4.531118	-4.172961
4.541098	-4.1738187
4.551078	-4.1746784
4.561058	-4.17554
4.571038	-4.1764035
4.581018	-4.1772689
4.590998	-4.1781363
4.600978	-4.1790055
4.610958	-4.1798767
4.620938	-4.1807498
4.630918	-4.1816249
4.640898	-4.1825019
4.650878	-4.1833808
4.660858	-4.1842616
4.670838	-4.1851443
4.680818	-4.186029
4.690798	-4.1869156
4.700778	-4.1878041
4.7107579	-4.1886945
4.7207379	-4.1895869
4.7307179	-4.1904812
4.7406979	-4.1913774
4.7506779	-4.1922755
4.7606579	-4.1931756
4.7706379	-4.1940776
4.7806179	-4.1949815
4.7905979	-4.1958873
4.8005779	-4.1967951
4.8105579	-4.1977048
4.8205379	-4.1986164
4.8305179	-4.19953
4.8404979	-4.2004455
4.8504779	-4.2013629
4.8604579	-4.2022822
4.8704379	-4.2032035
4.8804179	-4.2041267
4.8903979	-4.2050518
4.9003779	-4.2059789
4.9103579	-4.2069078
4.9203379	-4.2078387
4.9303178	-4.2087716
4.9402978	-4.2097064
4.9502778	-4.2106431
4.9602578	-4.2115817
4.9702378	-4.2125222
4.9802178	-4.2134647
4.9901978	-4.2144092
5.0001778	-4.2153555
5.0101578	-4.2163038
5.0201378	-4.217254
5.0301178	-4.2182062
5.0400978	-4.2191602
5.0500778	-4.2201162
5.0600578	-4.2210742
5.0700378	-4.2220341
5.0800178	-4.2229959
5.0899978	-4.2239596
5.0999778	-4.2249253
5.1099578	-4.2258929
5.1199378	-4.2268624
5.1299178	-4.2278339
5.1398978	-4.2288073
5.1498778	-4.2297826
5.1598577	-4.2307599
5.1698377	-4.2317391
5.1798177	-4.2327203
5.1897977	-4.2337034
5.1997777	-4.2346884
5.2097577	-4.2356753
5.2197377	-4.2366642
5.2297177	-4.237655
5.2396977	-4.2386478
5.2496777	-4.2396425
5.2596577	-4.2406391
5.2696377	-4.2416377
5.2796177	-4.2426382
5.2895977	-4.2436406
5.2995777	-4.244645
5.3095577	-4.2456513
5.3195377	-4.2466596
5.3295177	-4.2476697
5.3394977	-4.2486819
5.3494777	-4.2496959
5.3594577	-4.2507119
5.3694377	-4.2517299
5.3794176	-4.2527498
5.3893976	-4.2537716
5.3993776	-4.2547954
5.4093576	-4.2558211
5.4193376	-4.2568487
5.4293176	-4.2578783
5.4392976	-4.2589098
5.4492776	-4.2599433
5.4592576	-4.2609787
5.4692376	-4.262016
5.4792176	-4.2630553
5.4891976	-4.2640965
5.4991776	-4.2651397
5.5091576	-4.2661848
5.5191376	-4.2672318
5.5291176	-4.2682808
5.5390976	-4.2693318
5.5490776	-4.2703846
5.5590576	-4.2714395
5.5690376	-4.2724962
5.5790176	-4.2735549
5.5889976	-4.2746156
5.5989776	-4.2756782
5.6089575	-4.2767427
5.6189375	-4.2778092
5.6289175	-4.2788776
5.6388975	-4.279948
5.6488775	-4.2810203
5.6588575	-4.2820945
5.6688375	-4.2831707
5.6788175	-4.2842489
5.6887975	-4.285329
5.6987775	-4.286411
5.7087575	-4.287495
5.7187375	-4.2885809
5.7287175	-4.2896688
5.7386975	-4.2907586
5.7486775	-4.2918504
5.7586575	-4.2929441
5.7686375	-4.2940398
5.7786175	-4.2951374
5.7885975	-4.296237
5.7985775	-4.2973385
5.8085575	-4.2984419
5.8185375	-4.2995473
5.8285174	-4.3006547
5.8384974	-4.301764
5.8484774	-4.3028752
5.8584574	-4.3039884
5.8684374	-4.3051036
5.8784174	-4.3062207
5.8883974	-4.3073397
5.8983774	-4.3084607
5.9083574	-4.3095837
5.9183374	-4.3107085
5.9283174	-4.3118354
5.9382974	-4.3129642
5.9482774	-4.3140949
5.9582574	-4.3152276
5.9682374	-4.3163623
5.9782174	-4.3174989
5.9881974	-4.3186374
5.9981774	-4.3197779
6.0081574	-4.3209204
6.0181374	-4.3220648
6.0281174	-4.3232112
6.0380974	-4.3243595
6.0480774	-4.3255098
6.0580573	-4.326662
6.0680373	-4.3278162
6.0780173	-4.3289723
6.0879973	-4.3301304
6.0979773	-4.3312904
6.1079573	-4.3324524
6.1179373	-4.3336163
6.1279173	-4.3347822
6.1378973	-4.3359501
6.1478773	-4.3371199
6.1578573	-4.3382917
6.1678373	-4.3394654
6.1778173	-4.340641
6.1877973	-4.3418187
6.1977773	-4.3429983
6.2077573	-4.3441798
6.2177373	-4.3453633
6.2277173	-4.3465488
6.2376973	-4.3477362
6.2476773	-4.3489255
6.2576573	-4.3501169
6.2676373	-4.3513101
6.2776172	-4.3525054
6.2875972	-4.3537026
6.2975772	-4.3549017
6.3075572	-4.3561029
6.3175372	-4.3573059
6.3275172	-4.358511
6.3374972	-4.359718
6.3474772	-4.3609269
6.3574572	-4.3621378
6.3674372	-4.3633507
6.3774172	-4.3645655
6.3873972	-4.3657823
6.3973772	-4.3670011
6.4073572	-4.3682218
6.4173372	-4.3694444
6.4273172	-4.3706691
6.4372972	-4.3718957
6.4472772	-4.3731242
6.4572572	-4.3743547
6.4672372	-4.3755872
6.4772172	-4.3768216
6.4871972	-4.378058
6.4971772	-4.3792964
6.5071571	-4.3805367
6.5171371	-4.381779
6.5271171	-4.3830233
6.5370971	-4.3842695
6.5470771	-4.3855177
6.5570571	-4.3867678
6.5670371	-4.3880199
6.5770171	-4.389274
6.5869971	-4.39053
6.5969771	-4.391788
6.6069571	-4.3930479
6.6169371	-4.3943099
6.6269171	-4.3955738
6.6368971	-4.3968396
6.6468771	-4.3981074
6.6568571	-4.3993772
6.6668371	-4.4006489
6.6768171	-4.4019227
6.6867971	-4.4031983
6.6967771	-4.404476
6.7067571	-4.4057556
6.7167371	-4.4070372
6.726717	-4.4083207
6.736697	-4.4096062
6.746677	-4.4108937
6.756657	-4.4121832
6.766637	-4.4134746
6.776617	-4.414768
6.786597	-4.4160633
6.796577	-4.4173606
6.806557	-4.4186599
6.816537	-4.4199612
6.826517	-4.4212644
6.836497	-4.4225696
6.846477	-4.4238767
6.856457	-4.4251859
6.866437	-4.426497
6.876417	-4.42781
6.886397	-4.4291251
6.896377	-4.4304421
6.906357	-4.431761
6.916337	-4.433082
6.926317	-4.4344049
6.936297	-4.4357298
6.946277	-4.4370567
6.9562569	-4.4383855
6.9662369	-4.4397163
6.9762169	-4.4410491
6.9861969	-4.4423838
6.9961769	-4.4437205
7.0061569	-4.4450592
7.0161369	-4.4463999
7.0261169	-4.4477425
7.0360969	-4.4490871
7.0460769	-4.4504337
7.0560569	-4.4517823
7.0660369	-4.4531328
7.0760169	-4.4544853
7.0859969	-4.4558397
7.0959769	-4.4571962
7.1059569	-4.4585546
7.1159369	-4.459915
7.1259169	-4.4612774
7.1358969	-4.4626417
7.1458769	-4.464008
7.1558569	-4.4653763
7.1658369	-4.4667466
7.1758168	-4.4681188
7.1857968	-4.469493
7.1957768	-4.4708692
7.2057568	-4.4722474
7.2157368	-4.4736276
7.2257168	-4.4750097
7.2356968	-4.4763938
7.2456768	-4.4777798
7.2556568	-4.4791679
7.2656368	-4.4805579
7.2756168	-4.4819499
7.2855968	-4.4833439
7.2955768	-4.4847399
7.3055568	-4.4861378
7.3155368	-4.4875377
7.3255168	-4.4889396
7.3354968	-4.4903435
7.3454768	-4.4917493
7.3554568	-4.4931571
7.3654368	-4.4945669
7.3754168	-4.4959787
7.3853968	-4.4973925
7.3953768	-4.4988082
7.4053567	-4.5002259
7.4153367	-4.5016456
7.4253167	-4.5030673
7.4352967	-4.504491
7.4452767	-4.5059166
7.4552567	-4.5073442
7.4652367	-4.5087738
7.4752167	-4.5102054
7.4851967	-4.511639
7.4951767	-4.5130745
7.5051567	-4.514512
7.5151367	-4.5159515
7.5251167	-4.517393
7.5350967	-4.5188365
7.5450767	-4.5202819
7.5550567	-4.5217293
7.5650367	-4.5231788
7.5750167	-4.5246301
7.5849967	-4.5260835
7.5949767	-4.5275389
7.6049567	-4.5289962
7.6149367	-4.5304555
7.6249166	-4.5319168
7.6348966	-4.5333801
7.6448766	-4.5348454
7.6548566	-4.5363127
7.6648366	-4.5377819
7.6748166	-4.5392531
7.6847966	-4.5407263
7.6947766	-4.5422015
7.7047566	-4.5436787
7.7147366	-4.5451579
7.7247166	-4.546639
7.7346966	-4.5481221
7.7446766	-4.5496072
7.7546566	-4.5510943
7.7646366	-4.5525834
7.7746166	-4.5540745
7.7845966	-4.5555675
7.7945766	-4.5570626
7.8045566	-4.5585596
7.8145366	-4.5600586
7.8245166	-4.5615596
7.8344966	-4.5630626
7.8444766	-4.5645676
7.8544565	-4.5660745
7.8644365	-4.5675835
7.8744165	-4.5690944
7.8843965	-4.5706073
7.8943765	-4.5721222
7.9043565	-4.5736391
7.9143365	-4.575158
7.9243165	-4.5766789
7.9342965	-4.5782017
7.9442765	-4.5797266
7.9542565	-4.5812534
7.9642365	-4.5827822
7.9742165	-4.584313
7.9841965	-4.5858458
7.9941765	-4.5873806
8.0041565	-4.5889174
8.0141365	-4.5904561
8.0241165	-4.5919969
8.0340965	-4.5935396
8.0440765	-4.5950844
8.0540565	-4.5966311
8.0640365	-4.5981798
8.0740164	-4.5997305
8.0839964	-4.6012832
8.0939764	-4.6028379
8.1039564	-4.6043945
8.1139364	-4.6059532
8.1239164	-4.6075138
8.1338964	-4.6090765
8.1438764	-4.6106411
8.1538564	-4.6122077
8.1638364	-4.6137764
8.1738164	-4.615347
8.1837964	-4.6169196
8.1937764	-4.6184941
8.2037564	-4.6200707
8.2137364	-4.6216493
8.2237164	-4.6232299
8.2336964	-4.6248124
8.2436764	-4.626397
8.2536564	-4.6279835
8.2636364	-4.629572
8.2736164	-4.6311626
8.2835964	-4.6327551
8.2935764	-4.6343496
8.3035563	-4.6359461
8.3135363	-4.6375446
8.3235163	-4.6391451
8.3334963	-4.6407476
8.3434763	-4.642352
8.3534563	-4.6439585
8.3634363	-4.645567
8.3734163	-4.6471774
8.3833963	-4.6487899
8.3933763	-4.6504043
8.4033563	-4.6520208
8.4133363	-4.6536392
8.4233163	-4.6552597
8.4332963	-4.6568821
8.4432763	-4.6585065
8.4532563	-4.6601329
8.4632363	-4.6617613
8.4732163	-4.6633917
8.4831963	-4.6650241
8.4931763	-4.6666585
8.5031563	-4.6682949
8.5131363	-4.6699333
8.5231162	-4.6715737
8.5330962	-4.6732161
8.5430762	-4.6748604
8.5530562	-4.6765068
8.5630362	-4.6781552
8.5730162	-4.6798055
8.5829962	-4.6814579
8.5929762	-4.6831122
8.6029562	-4.6847686
8.6129362	-4.6864269
8.6229162	-4.6880873
8.6328962	-4.6897496
8.6428762	-4.691414
8.6528562	-4.6930803
8.6628362	-4.6947486
8.6728162	-4.696419
8.6827962	-4.6980913
8.6927762	-4.6997656
8.7027562	-4.7014419
8.7127362	-4.7031203
8.7227162	-4.7048006
8.7326962	-4.7064829
8.7426762	-4.7081672
8.7526561	-4.7098535
8.7626361	-4.7115418
8.7726161	-4.7132322
8.7825961	-4.7149245
8.7925761	-4.7166188
8.8025561	-4.7183151
8.8125361	-4.7200134
8.8225161	-4.7217137
8.8324961	-4.723416
8.8424761	-4.7251203
8.8524561	-4.7268266
8.8624361	-4.7285349
8.8724161	-4.7302452
8.8823961	-4.7319575
8.8923761	-4.7336718
8.9023561	-4.7353881
8.9123361	-4.7371064
8.9223161	-4.7388267
8.9322961	-4.740549
8.9422761	-4.7422733
8.9522561	-4.7439996
8.9622361	-4.7457279
8.972216	-4.7474582
8.982196	-4.7491905
8.992176	-4.7509248
9.002156	-4.7526611
9.012136	-4.7543994
9.022116	-4.7561397
9.032096	-4.757882
9.042076	-4.7596263
9.052056	-4.7613726
9.062036	-4.7631209
9.072016	-4.7648712
9.081996	-4.7666235
9.091976	-4.7683778
9.101956	-4.7701341
9.111936	-4.7718924
9.121916	-4.7736528
9.131896	-4.7754151
9.141876	-4.7771794
9.151856	-4.7789457
9.161836	-4.780714
9.171816	-4.7824843
9.181796	-4.7842567
9.191776	-4.786031
9.2017559	-4.7878073
9.2117359	-4.7895857
9.2217159	-4.791366
9.2316959	-4.7931483
9.2416759	-4.7949327
9.2516559	-4.796719
9.2616359	-4.7985073
9.2716159	-4.8002977
9.2815959	-4.80209
9.2915759	-4.8038844
9.3015559	-4.8056807
9.3115359	-4.8074791
9.3215159	-4.8092794
9.3314959	-4.8110818
9.3414759	-4.8128862
9.3514559	-4.8146925
9.3614359	-4.8165009
9.3714159	-4.8183113
9.3813959	-4.8201237
9.3913759	-4.821938
9.4013559	-4.8237544
9.4113359	-4.8255728
9.4213158	-4.8273932
9.4312958	-4.8292156
9.4412758	-4.83104
9.4512558	-4.8328664
9.4612358	-4.8346948
9.4712158	-4.8365252
9.4811958	-4.8383576
9.4911758	-4.840192
9.5011558	-4.8420285
9.5111358	-4.8438669
9.5211158	-4.8457073
9.5310958	-4.8475497
9.5410758	-4.8493942
9.5510558	-4.8512406
9.5610358	-4.8530891
9.5710158	-4.8549395
9.5809958	-4.856792
9.5909758	-4.8586464
9.6009558	-4.8605029
9.6109358	-4.8623614
9.6209158	-4.8642218
9.6308958	-4.8660843
9.6408758	-4.8679488
9.6508557	-4.8698153
9.6608357	-4.8716837
9.6708157	-4.8735542
9.6807957	-4.8754267
9.6907757	-4.8773012
9.7007557	-4.8791777
9.7107357	-4.8810563
9.7207157	-4.8829368
9.7306957	-4.8848193
9.7406757	-4.8867038
9.7506557	-4.8885903
9.7606357	-4.8904789
9.7706157	-4.8923694
9.7805957	-4.894262
9.7905757	-4.8961565
9.8005557	-4.8980531
9.8105357	-4.8999516
9.8205157	-4.9018522
9.8304957	-4.9037548
9.8404757	-4.9056593
9.8504557	-4.9075659
9.8604357	-4.9094745
9.8704156	-4.9113851
9.8803956	-4.9132977
9.8903756	-4.9152123
9.9003556	-4.9171289
9.9103356	-4.9190475
9.9203156	-4.9209681
9.9302956	-4.9228907
9.9402756	-4.9248154
9.9502556	-4.926742
9.9602356	-4.9286706
9.9702156	-4.9306013
9.9801956	-4.9325339
9.9901756	-4.9344686
10.000156	-4.9364052
10.010136	-4.9383439
10.020116	-4.9402845
10.030096	-4.9422272
10.040076	-4.9441719
10.050056	-4.9461186
10.060036	-4.9480673
10.070016	-4.950018
10.079996	-4.9519707
10.089976	-4.9539254
10.099956	-4.9558821
10.109936	-4.9578408
10.119916	-4.9598015
10.129896	-4.9617642
10.139876	-4.9637289
10.149856	-4.9656957
10.159836	-4.9676644
10.169816	-4.9696352
10.179796	-4.9716079
10.189776	-4.9735827
10.199756	-4.9755594
10.209735	-4.9775382
10.219715	-4.979519
10.229695	-4.9815017
10.239675	-4.9834865
10.249655	-4.9854733
10.259635	-4.9874621
10.269615	-4.9894529
10.279595	-4.9914457
10.289575	-4.9934405
10.299555	-4.9954373
10.309535	-4.9974361
10.319515	-4.9994369
10.329495	-5.0014398
10.339475	-5.0034446
10.349455	-5.0054514
10.359435	-5.0074603
10.369415	-5.0094711
10.379395	-5.0114839
10.389375	-5.0134988
10.399355	-5.0155157
10.409335	-5.0175345
10.419315	-5.0195554
10.429295	-5.0215783
10.439275	-5.0236031
10.449255	-5.02563
10.459235	-5.0276589
10.469215	-5.0296898
10.479195	-5.0317227
10.489175	-5.0337576
10.499155	-5.0357945
10.509135	-5.0378334
10.519115	-5.0398743
10.529095	-5.0419172
10.539075	-5.0439621
10.549055	-5.046009
10.559035	-5.048058
10.569015	-5.0501089
10.578995	-5.0521618
10.588975	-5.0542168
10.598955	-5.0562737
10.608935	-5.0583327
10.618915	-5.0603936
10.628895	-5.0624566
10.638875	-5.0645215
10.648855	-5.0665885
10.658835	-5.0686574
10.668815	-5.0707284
10.678795	-5.0728014
10.688775	-5.0748764
10.698755	-5.0769533
10.708735	-5.0790323
10.718715	-5.0811133
10.728695	-5.0831963
10.738675	-5.0852813
10.748655	-5.0873683
10.758635	-5.0894573
10.768615	-5.0915483
10.778595	-5.0936413
10.788575	-5.0957363
10.798555	-5.0978333
10.808535	-5.0999323
10.818515	-5.1020333
10.828495	-5.1041363
10.838475	-5.1062413
10.848455	-5.1083483
10.858435	-5.1104574
10.868415	-5.1125684
10.878395	-5.1146814
10.888375	-5.1167964
10.898355	-5.1189135
10.908335	-5.1210325
10.918315	-5.1231535
10.928295	-5.1252766
10.938275	-5.1274016
10.948255	-5.1295286
10.958235	-5.1316577
10.968215	-5.1337887
10.978195	-5.1359217
10.988175	-5.1380568
10.998155	-5.1401938
11.008135	-5.1423329
11.018115	-5.1444739
11.028095	-5.146617
11.038075	-5.148762
11.048055	-5.150909
11.058035	-5.1530581
11.068015	-5.1552091
11.077995	-5.1573622
11.087975	-5.1595172
11.097955	-5.1616743
11.107935	-5.1638333
11.117915	-5.1659944
11.127895	-5.1681574
11.137875	-5.1703225
11.147855	-5.1724895
11.157835	-5.1746586
11.167815	-5.1768296
11.177795	-5.1790026
11.187775	-5.1811777
11.197755	-5.1833547
11.207735	-5.1855338
11.217715	-5.1877148
11.227695	-5.1898978
11.237675	-5.1920829
11.247655	-5.1942699
11.257635	-5.1964589
11.267615	-5.19865
11.277595	-5.200843
11.287575	-5.203038
11.297555	-5.205235
11.307535	-5.2074341
11.317515	-5.2096351
11.327495	-5.2118381
11.337475	-5.2140431
11.347455	-5.2162501
11.357435	-5.2184591
11.367415	-5.2206701
11.377395	-5.2228831
11.387375	-5.2250981
11.397355	-5.2273151
11.407335	-5.2295341
11.417315	-5.2317551
11.427295	-5.2339781
11.437275	-5.2362031
11.447255	-5.23843
11.457235	-5.240659
11.467215	-5.24289
11.477195	-5.2451229
11.487175	-5.2473579
11.497155	-5.2495948
11.507135	-5.2518338
11.517115	-5.2540747
11.527095	-5.2563177
11.537075	-5.2585626
11.547055	-5.2608095
11.557035	-5.2630584
11.567015	-5.2653094
11.576995	-5.2675623
11.586975	-5.2698172
11.596955	-5.2720741
11.606935	-5.2743329
11.616915	-5.2765938
11.626895	-5.2788567
11.636875	-5.2811216
11.646855	-5.2833884
11.656835	-5.2856573
11.666815	-5.2879281
11.676795	-5.290201
11.686775	-5.2924758
11.696755	-5.2947526
11.706735	-5.2970314
11.716715	-5.2993122
11.726695	-5.301595
11.736675	-5.3038798
11.746655	-5.3061666
11.756635	-5.3084554
11.766615	-5.3107461
11.776595	-5.3130389
11.786575	-5.3153336
11.796555	-5.3176303
11.806535	-5.3199291
11.816515	-5.3222298
11.826495	-5.3245325
11.836475	-5.3268372
11.846455	-5.3291439
11.856435	-5.3314525
11.866415	-5.3337632
11.876395	-5.3360758
11.886375	-5.3383905
11.896355	-5.3407071
11.906335	-5.3430257
11.916315	-5.3453463
11.926295	-5.3476689
11.936275	-5.3499935
11.946255	-5.35232
11.956235	-5.3546486
11.966215	-5.3569791
11.976195	-5.3593116
11.986175	-5.3616462
11.996155	-5.3639827
12.006135	-5.3663211
12.016115	-5.3686616
12.026095	-5.3710041
12.036075	-5.3733485
12.046055	-5.3756949
12.056035	-5.3780433
12.066015	-5.3803937
12.075995	-5.3827461
12.085975	-5.3851005
12.095955	-5.3874568
12.105935	-5.3898152
12.115915	-5.3921755
12.125895	-5.3945378
12.135875	-5.3969021
12.145855	-5.3992684
12.155835	-5.4016366
12.165815	-5.4040069
12.175795	-5.4063791
12.185775	-5.4087533
12.195755	-5.4111295
12.205735	-5.4135076
12.215715	-5.4158878
12.225695	-5.4182699
12.235675	-5.420654
12.245655	-5.4230401
12.255635	-5.4254282
12.265615	-5.4278182
12.275595	-5.4302103
12.285575	-5.4326043
12.295555	-5.4350003
12.305535	-5.4373982
12.315515	-5.4397982
12.325495	-5.4422001
12.335475	-5.444604
12.345455	-5.4470099
12.355435	-5.4494178
12.365415	-5.4518276
12.375395	-5.4542395
12.385375	-5.4566533
12.395355	-5.4590691
12.405335	-5.4614868
12.415315	-5.4639065
12.425295	-5.4663283
12.435275	-5.4687519
12.445255	-5.4711776
12.455234	-5.4736052
12.465214	-5.4760349
12.475194	-5.4784665
12.485174	-5.4809
12.495154	-5.4833356
12.505134	-5.4857731
12.515114	-5.4882126
12.525094	-5.490654
12.535074	-5.4930975
12.545054	-5.4955429
12.555034	-5.4979903
12.565014	-5.5004396
12.574994	-5.502891
12.584974	-5.5053443
12.594954	-5.5077996
12.604934	-5.5102568
12.614914	-5.512716
12.624894	-5.5151772
12.634874	-5.5176404
12.644854	-5.5201055
12.654834	-5.5225726
12.664814	-5.5250417
12.674794	-5.5275128
12.684774	-5.5299858
12.694754	-5.5324608
12.704734	-5.5349377
12.714714	-5.5374166
12.724694	-5.5398975
12.734674	-5.5423804
12.744654	-5.5448652
12.754634	-5.547352
12.764614	-5.5498408
12.774594	-5.5523315
12.784574	-5.5548242
12.794554	-5.5573189
12.804534	-5.5598155
12.814514	-5.5623141
12.824494	-5.5648147
12.834474	-5.5673172
12.844454	-5.5698217
12.854434	-5.5723282
12.864414	-5.5748366
12.874394	-5.577347
12.884374	-5.5798594
12.894354	-5.5823737
12.904334	-5.58489
12.914314	-5.5874082
12.924294	-5.5899284
12.934274	-5.5924506
12.944254	-5.5949747
12.954234	-5.5975008
12.964214	-5.6000289
12.974194	-5.6025589
12.984174	-5.6050909
12.994154	-5.6076248
13.004134	-5.6101607
13.014114	-5.6126986
13.024094	-5.6152384
13.034074	-5.6177802
13.044054	-5.6203239
13.054034	-5.6228696
13.064014	-5.6254172
13.073994	-5.6279669
13.083974	-5.6305184
13.093954	-5.633072
13.103934	-5.6356274
13.113914	-5.6381849
13.123894	-5.6407443
13.133874	-5.6433056
13.143854	-5.645869
13.153834	-5.6484342
13.163814	-5.6510014
13.173794	-5.6535706
13.183774	-5.6561417
13.193754	-5.6587148
13.203734	-5.6612899
13.213714	-5.6638669
13.223694	-5.6664458
13.233674	-5.6690267
13.243654	-5.6716095
13.253634	-5.6741944
13.263614	-5.6767811
13.273594	-5.6793698
13.283574	-5.6819605
13.293554	-5.6845531
13.303534	-5.6871476
13.313514	-5.6897441
13.323494	-5.6923426
13.333474	-5.694943
13.343454	-5.6975453
13.353434	-5.7001496
13.363414	-5.7027559
13.373394	-5.7053641
13.383374	-5.7079742
13.393354	-5.7105863
13.403334	-5.7132004
13.413314	-5.7158164
13.423294	-5.7184343
13.433274	-5.7210542
13.443254	-5.723676
13.453234	-5.7262998
13.463214	-5.7289255
13.473194	-5.7315531
13.483174	-5.7341827
13.493154	-5.7368143
13.503134	-5.7394477
13.513114	-5.7420832
13.523094	-5.7447205
13.533074	-5.7473599
13.543054	-5.7500011
13.553034	-5.7526443
13.563014	-5.7552894
13.572994	-5.7579365
13.582974	-5.7605855
13.592954	-5.7632365
13.602934	-5.7658894
13.612914	-5.7685442
13.622894	-5.771201
13.632874	-5.7738597
13.642854	-5.7765203
13.652834	-5.7791829
13.662814	-5.7818474
13.672794	-5.7845139
13.682774	-5.7871823
13.692754	-5.7898526
13.702734	-5.7925249
13.712714	-5.7951991
13.722694	-5.7978752
13.732674	-5.8005533
13.742654	-5.8032333
13.752634	-5.8059152
13.762614	-5.808599
13.772594	-5.8112848
13.782574	-5.8139726
13.792554	-5.8166622
13.802534	-5.8193538
13.812514	-5.8220473
13.822494	-5.8247428
13.832474	-5.8274402
13.842454	-5.8301395
13.852434	-5.8328407
13.862414	-5.8355439
13.872394	-5.838249
13.882374	-5.840956
13.892354	-5.843665
13.902334	-5.8463758
13.912314	-5.8490886
13.922294	-5.8518034
13.932274	-5.85452
13.942254	-5.8572386
13.952234	-5.8599591
13.962214	-5.8626815
13.972194	-5.8654059
13.982174	-5.8681322
13.992154	-5.8708604
14.002134	-5.8735905
14.012114	-5.8763225
14.022094	-5.8790565
14.032074	-5.8817924
14.042054	-5.8845302
14.052034	-5.8872699
14.062014	-5.8900116
14.071994	-5.8927551
14.081974	-5.8955006
14.091954	-5.898248
14.101934	-5.9009974
14.111914	-5.9037486
14.121894	-5.9065017
14.131874	-5.9092568
14.141854	-5.9120138
14.151834	-5.9147727
14.161814	-5.9175335
14.171794	-5.9202963
14.181774	-5.9230609
14.191754	-5.9258275
14.201734	-5.928596
14.211714	-5.9313664
14.221694	-5.9341387
14.231674	-5.9369129
14.241654	-5.939689
14.251634	-5.942467
14.261614	-5.945247
14.271594	-5.9480288
14.281574	-5.9508126
14.291554	-5.9535983
14.301534	-5.9563859
14.311514	-5.9591754
14.321494	-5.9619668
14.331474	-5.9647601
14.341454	-5.9675553
14.351434	-5.9703524
14.361414	-5.9731515
14.371394	-5.9759524
14.381374	-5.9787552
14.391354	-5.98156
14.401334	-5.9843666
14.411314	-5.9871752
14.421294	-5.9899856
14.431274	-5.992798
14.441254	-5.9956122
14.451234	-5.9984284
14.461214	-6.0012465
14.471194	-6.0040664
14.481174	-6.0068883
14.491154	-6.009712
14.501134	-6.0125377
14.511114	-6.0153653
14.521094	-6.0181947
14.531074	-6.0210261
14.541054	-6.0238593
14.551034	-6.0266945
14.561014	-6.0295315
14.570994	-6.0323705
14.580974	-6.0352113
14.590954	-6.038054
14.600934	-6.0408986
14.610914	-6.0437452
14.620894	-6.0465936
14.630874	-6.0494439
14.640854	-6.0522961
14.650834	-6.0551501
14.660814	-6.0580061
14.670794	-6.060864
14.680774	-6.0637237
14.690754	-6.0665854
14.700733	-6.0694489
14.710713	-6.0723143
14.720693	-6.0751817
14.730673	-6.0780509
14.740653	-6.0809219
14.750633	-6.0837949
14.760613	-6.0866698
14.770593	-6.0895465
14.780573	-6.0924251
14.790553	-6.0953056
14.800533	-6.098188
14.810513	-6.1010723
14.820493	-6.1039585
14.830473	-6.1068465
14.840453	-6.1097364
14.850433	-6.1126282
14.860413	-6.1155219
14.870393	-6.1184175
14.880373	-6.1213149
14.890353	-6.1242142
14.900333	-6.1271154
14.910313	-6.1300185
14.920293	-6.1329235
14.930273	-6.1358303
14.940253	-6.138739
14.950233	-6.1416496
14.960213	-6.144562
14.970193	-6.1474764
14.980173	-6.1503926
14.990153	-6.1533107
15.000133	-6.1562306
15.010113	-6.1591524
15.020093	-6.1620761
15.030073	-6.1650017
15.040053	-6.1679291
15.050033	-6.1708584
15.060013	-6.1737896
15.069993	-6.1767226
15.079973	-6.1796576
15.089953	-6.1825943
15.099933	-6.185533
15.109913	-6.1884735
15.119893	-6.1914159
15.129873	-6.1943601
15.139853	-6.1973062
15.149833	-6.2002542
15.159813	-6.203204
15.169793	-6.2061557
15.179773	-6.2091093
15.189753	-6.2120647
15.199733	-6.215022
15.209713	-6.2179811
15.219693	-6.2209421
15.229673	-6.223905
15.239653	-6.2268697
15.249633	-6.2298363
15.259613	-6.2328047
15.269593	-6.235775
15.279573	-6.2387472
15.289553	-6.2417212
15.299533	-6.244697
15.309513	-6.2476748
15.319493	-6.2506543
15.329473	-6.2536358
15.339453	-6.256619
15.349433	-6.2596042
15.359413	-6.2625911
15.369393	-6.26558
15.379373	-6.2685707
15.389353	-6.2715632
15.399333	-6.2745576
15.409313	-6.2775538
15.419293	-6.2805519
15.429273	-6.2835518
15.439253	-6.2865536
15.449233	-6.2895572
15.459213	-6.2925627
15.469193	-6.29557
15.479173	-6.2985792
15.489153	-6.3015902
15.499133	-6.304603
15.509113	-6.3076177
15.519093	-6.3106342
15.529073	-6.3136526
15.539053	-6.3166728
15.549033	-6.3196948
15.559013	-6.3227187
15.568993	-6.3257445
15.578973	-6.328772
15.588953	-6.3318014
15.598933	-6.3348327
15.608913	-6.3378658
15.618893	-6.3409007
15.628873	-6.3439374
15.638853	-6.346976
15.648833	-6.3500164
15.658813	-6.3530587
15.668793	-6.3561028
15.678773	-6.3591487
15.688753	-6.3621964
15.698733	-6.365246
15.708713	-6.3682974
15.718693	-6.3713506
15.728673	-6.3744057
15.738653	-6.3774626
15.748633	-6.3805213
15.758613	-6.3835819
15.768593	-6.3866442
15.778573	-6.3897084
15.788553	-6.3927745
15.798533	-6.3958423
15.808513	-6.398912
15.818493	-6.4019835
15.828473	-6.4050568
15.838453	-6.4081319
15.848433	-6.4112089
15.858413	-6.4142877
15.868393	-6.4173683
15.878373	-6.4204507
15.888353	-6.4235349
15.898333	-6.426621
15.908313	-6.4297089
15.918293	-6.4327986
15.928273	-6.4358901
15.938253	-6.4389834
15.948233	-6.4420785
15.958213	-6.4451755
15.968193	-6.4482742
15.978173	-6.4513748
15.988153	-6.4544772
15.998133	-6.4575814
16.008113	-6.4606874
16.018093	-6.4637952
16.028073	-6.4669049
16.038053	-6.4700163
16.048033	-6.4731295
16.058013	-6.4762446
16.067993	-6.4793614
16.077973	-6.4824801
16.087953	-6.4856006
16.097933	-6.4887228
16.107913	-6.4918469
16.117893	-6.4949728
16.127873	-6.4981005
16.137853	-6.50123
16.147833	-6.5043612
16.157813	-6.5074943
16.167793	-6.5106292
16.177773	-6.5137659
16.187753	-6.5169044
16.197733	-6.5200446
16.207713	-6.5231867
16.217693	-6.5263306
16.227673	-6.5294763
16.237653	-6.5326237
16.247633	-6.535773
16.257613	-6.538924
16.267593	-6.5420769
16.277573	-6.5452315
16.287553	-6.5483879
16.297533	-6.5515461
16.307513	-6.5547061
16.317493	-6.5578679
16.327473	-6.5610315
16.337453	-6.5641969
16.347433	-6.567364
16.357413	-6.570533
16.367393	-6.5737037
16.377373	-6.5768762
16.387353	-6.5800505
16.397333	-6.5832266
16.407313	-6.5864044
16.417293	-6.5895841
16.427273	-6.5927655
16.437253	-6.5959487
16.447233	-6.5991337
16.457213	-6.6023205
16.467193	-6.605509
16.477173	-6.6086993
16.487153	-6.6118914
16.497133	-6.6150853
16.507113	-6.618281
16.517093	-6.6214784
16.527073	-6.6246776
16.537053	-6.6278786
16.547033	-6.6310813
16.557013	-6.6342858
16.566993	-6.6374921
16.576973	-6.6407002
16.586953	-6.64391
16.596933	-6.6471216
16.606913	-6.650335
16.616893	-6.6535501
16.626873	-6.656767
16.636853	-6.6599857
16.646833	-6.6632061
16.656813	-6.6664283
16.666793	-6.6696522
16.676773	-6.672878
16.686753	-6.6761054
16.696733	-6.6793347
16.706713	-6.6825657
16.716693	-6.6857985
16.726673	-6.689033
16.736653	-6.6922693
16.746633	-6.6955073
16.756613	-6.6987471
16.766593	-6.7019887
16.776573	-6.705232
16.786553	-6.708477
16.796533	-6.7117239
16.806513	-6.7149724
16.816493	-6.7182228
16.826473	-6.7214748
16.836453	-6.7247287
16.846433	-6.7279843
16.856413	-6.7312416
16.866393	-6.7345007
16.876373	-6.7377615
16.886353	-6.7410241
16.896333	-6.7442884
16.906313	-6.7475544
16.916293	-6.7508223
16.926273	-6.7540918
16.936253	-6.7573631
16.946232	-6.7606362
16.956212	-6.7639109
16.966192	-6.7671875
16.976172	-6.7704657
16.986152	-6.7737457
16.996132	-6.7770275
17.006112	-6.7803109
17.016092	-6.7835962
17.026072	-6.7868831
17.036052	-6.7901718
17.046032	-6.7934622
17.056012	-6.7967544
17.065992	-6.8000483
17.075972	-6.8033439
17.085952	-6.8066413
17.095932	-6.8099404
17.105912	-6.8132412
17.115892	-6.8165437
17.125872	-6.819848
17.135852	-6.823154
17.145832	-6.8264617
17.155812	-6.8297712
17.165792	-6.8330824
17.175772	-6.8363953
17.185752	-6.8397099
17.195732	-6.8430263
17.205712	-6.8463443
17.215692	-6.8496641
17.225672	-6.8529857
17.235652	-6.8563089
17.245632	-6.8596339
17.255612	-6.8629605
17.265592	-6.8662889
17.275572	-6.869619
17.285552	-6.8729509
17.295532	-6.8762844
17.305512	-6.8796197
17.315492	-6.8829566
17.325472	-6.8862953
17.335452	-6.8896357
17.345432	-6.8929778
17.355412	-6.8963217
17.365392	-6.8996672
17.375372	-6.9030144
17.385352	-6.9063634
17.395332	-6.909714
17.405312	-6.9130664
17.415292	-6.9164204
17.425272	-6.9197762
17.435252	-6.9231337
17.445232	-6.9264928
17.455212	-6.9298537
17.465192	-6.9332163
17.475172	-6.9365806
17.485152	-6.9399466
17.495132	-6.9433142
17.505112	-6.9466836
17.515092	-6.9500547
17.525072	-6.9534275
17.535052	-6.9568019
17.545032	-6.9601781
17.555012	-6.9635559
17.564992	-6.9669355
17.574972	-6.9703167
17.584952	-6.9736997
17.594932	-6.9770843
17.604912	-6.9804706
17.614892	-6.9838586
17.624872	-6.9872483
17.634852	-6.9906397
17.644832	-6.9940327
17.654812	-6.9974275
17.664792	-7.0008239
17.674772	-7.004222
17.684752	-7.0076218
17.694732	-7.0110233
17.704712	-7.0144265
17.714692	-7.0178313
17.724672	-7.0212378
17.734652	-7.0246461
17.744632	-7.0280559
17.754612	-7.0314675
17.764592	-7.0348807
17.774572	-7.0382956
17.784552	-7.0417122
17.794532	-7.0451305
17.804512	-7.0485504
17.814492	-7.051972
17.824472	-7.0553953
17.834452	-7.0588203
17.844432	-7.0622469
17.854412	-7.0656752
17.864392	-7.0691051
17.874372	-7.0725368
17.884352	-7.0759701
17.894332	-7.079405
17.904312	-7.0828416
17.914292	-7.0862799
17.924272	-7.0897199
17.934252	-7.0931615
17.944232	-7.0966047
17.954212	-7.1000497
17.964192	-7.1034963
17.974172	-7.1069445
17.984152	-7.1103944
17.994132	-7.113846
18.004112	-7.1172992
18.014092	-7.1207541
18.024072	-7.1242106
18.034052	-7.1276688
18.044032	-7.1311286
18.054012	-7.1345901
18.063992	-7.1380533
18.073972	-7.1415181
18.083952	-7.1449845
18.093932	-7.1484526
18.103912	-7.1519223
18.113892	-7.1553937
18.123872	-7.1588667
18.133852	-7.1623414
18.143832	-7.1658177
18.153812	-7.1692957
18.163792	-7.1727753
18.173772	-7.1762565
18.183752	-7.1797394
18.193732	-7.1832239
18.203712	-7.1867101
18.213692	-7.1901979
18.223672	-7.1936873
18.233652	-7.1971784
18.243632	-7.2006711
18.253612	-7.2041654
18.263592	-7.2076614
18.273572	-7.211159
18.283552	-7.2146582
18.293532	-7.2181591
18.303512	-7.2216616
18.313492	-7.2251657
18.323472	-7.2286715
18.333452	-7.2321789
18.343432	-7.2356879
18.353412	-7.2391985
18.363392	-7.2427108
18.373372	-7.2462247
18.383352	-7.2497402
18.393332	-7.2532573
18.403312	-7.2567761
18.413292	-7.2602964
18.423272	-7.2638184
18.433252	-7.267342
18.443232	-7.2708673
18.453212	-7.2743941
18.463192	-7.2779225
18.473172	-7.2814526
18.483152	-7.2849843
18.493132	-7.2885176
18.503112	-7.2920525
18.513092	-7.295589
18.523072	-7.2991272
18.533052	-7.3026669
18.543032	-7.3062083
18.553012	-7.3097512
18.562992	-7.3132958
18.572972	-7.3168419
18.582952	-7.3203897
18.592932	-7.3239391
18.602912	-7.3274901
18.612892	-7.3310427
18.622872	-7.3345968
18.632852	-7.3381526
18.642832	-7.34171
18.652812	-7.345269
18.662792	-7.3488296
18.672772	-7.3523918
18.682752	-7.3559555
18.692732	-7.3595209
18.702712	-7.3630878
18.712692	-7.3666564
18.722672	-7.3702265
18.732652	-7.3737983
18.742632	-7.3773716
18.752612	-7.3809465
18.762592	-7.384523
18.772572	-7.3881011
18.782552	-7.3916808
18.792532	-7.3952621
18.802512	-7.3988449
18.812492	-7.4024293
18.822472	-7.4060154
18.832452	-7.409603
18.842432	-7.4131921
18.852412	-7.4167829
18.862392	-7.4203752
18.872372	-7.4239692
18.882352	-7.4275646
18.892332	-7.4311617
18.902312	-7.4347604
18.912292	-7.4383606
18.922272	-7.4419624
18.932252	-7.4455657
18.942232	-7.4491707
18.952212	-7.4527772
18.962192	-7.4563853
18.972172	-7.4599949
18.982152	-7.4636061
18.992132	-7.4672189
19.002112	-7.4708333
19.012092	-7.4744492
19.022072	-7.4780666
19.032052	-7.4816857
19.042032	-7.4853063
19.052012	-7.4889285
19.061992	-7.4925522
19.071972	-7.4961775
19.081952	-7.4998043
19.091932	-7.5034327
19.101912	-7.5070627
19.111892	-7.5106942
19.121872	-7.5143273
19.131852	-7.5179619
19.141832	-7.5215981
19.151812	-7.5252358
19.161792	-7.5288751
19.171772	-7.5325159
19.181752	-7.5361583
19.191731	-7.5398022
19.201711	-7.5434477
19.211691	-7.5470947
19.221671	-7.5507433
19.231651	-7.5543934
19.241631	-7.558045
19.251611	-7.5616982
19.261591	-7.565353
19.271571	-7.5690092
19.281551	-7.5726671
19.291531	-7.5763264
19.301511	-7.5799873
19.311491	-7.5836497
19.321471	-7.5873137
19.331451	-7.5909792
19.341431	-7.5946463
19.351411	-7.5983148
19.361391	-7.6019849
19.371371	-7.6056566
19.381351	-7.6093297
19.391331	-7.6130044
19.401311	-7.6166806
19.411291	-7.6203584
19.421271	-7.6240377
19.431251	-7.6277185
19.441231	-7.6314008
19.451211	-7.6350846
19.461191	-7.63877
19.471171	-7.6424569
19.481151	-7.6461453
19.491131	-7.6498352
19.501111	-7.6535267
19.511091	-7.6572197
19.521071	-7.6609141
19.531051	-7.6646101
19.541031	-7.6683077
19.551011	-7.6720067
19.560991	-7.6757072
19.570971	-7.6794093
19.580951	-7.6831129
19.590931	-7.6868179
19.600911	-7.6905245
19.610891	-7.6942326
19.620871	-7.6979422
19.630851	-7.7016533
19.640831	-7.7053659
19.650811	-7.70908
19.660791	-7.7127957
19.670771	-7.7165128
19.680751	-7.7202314
19.690731	-7.7239515
19.700711	-7.7276732
19.710691	-7.7313963
19.720671	-7.7351209
19.730651	-7.738847
19.740631	-7.7425746
19.750611	-7.7463037
19.760591	-7.7500343
19.770571	-7.7537664
19.780551	-7.7575
19.790531	-7.7612351
19.800511	-7.7649716
19.810491	-7.7687097
19.820471	-7.7724492
19.830451	-7.7761902
19.840431	-7.7799327
19.850411	-7.7836767
19.860391	-7.7874222
19.870371	-7.7911692
19.880351	-7.7949176
19.890331	-7.7986675
19.900311	-7.8024189
19.910291	-7.8061718
19.920271	-7.8099262
19.930251	-7.813682
19.940231	-7.8174393
19.950211	-7.8211981
19.960191	-7.8249584
19.970171	-7.8287201
19.980151	-7.8324833
19.990131	-7.836248
20.000111	-7.8400141
20.010091	-7.8437817
20.020071	-7.8475508
20.030051	-7.8513214
20.040031	-7.8550934
20.050011	-7.8588669
20.059991	-7.8626418
20.069971	-7.8664182
20.079951	-7.8701961
20.089931	-7.8739754
20.099911	-7.8777562
20.109891	-7.8815384
20.119871	-7.8853221
20.129851	-7.8891073
20.139831	-7.8928939
20.149811	-7.896682
20.159791	-7.9004715
20.169771	-7.9042625
20.179751	-7.9080549
20.189731	-7.9118488
20.199711	-7.9156442
20.209691	-7.9194409
20.219671	-7.9232392
20.229651	-7.9270389
20.239631	-7.93084
20.249611	-7.9346425
20.259591	-7.9384466
20.269571	-7.942252
20.279551	-7.9460589
20.289531	-7.9498673
20.299511	-7.953677
20.309491	-7.9574882
20.319471	-7.9613009
20.329451	-7.965115
20.339431	-7.9689305
20.349411	-7.9727475
20.359391	-7.9765659
20.369371	-7.9803857
20.379351	-7.984207
20.389331	-7.9880297
20.399311	-7.9918538
20.409291	-7.9956793
20.419271	-7.9995063
20.429251	-8.0033347
20.439231	-8.0071646
20.449211	-8.0109958
20.459191	-8.0148285
20.469171	-8.0186626
20.479151	-8.0224981
20.489131	-8.0263351
20.499111	-8.0301735
20.509091	-8.0340132
20.519071	-8.0378544
20.529051	-8.0416971
20.539031	-8.0455411
20.549011	-8.0493866
20.558991	-8.0532334
20.568971	-8.0570817
20.578951	-8.0609314
20.588931	-8.0647825
20.598911	-8.068635
20.608891	-8.0724889
20.618871	-8.0763442
20.628851	-8.080201
20.638831	-8.0840591
20.648811	-8.0879187
20.658791	-8.0917796
20.668771	-8.095642
20.678751	-8.0995057
20.688731	-8.1033709
20.698711	-8.1072374
20.708691	-8.1111054
20.718671	-8.1149747
20.728651	-8.1188455
20.738631	-8.1227176
20.748611	-8.1265911
20.758591	-8.1304661
20.768571	-8.1343424
20.778551	-8.1382201
20.788531	-8.1420992
20.798511	-8.1459797
20.808491	-8.1498616
20.818471	-8.1537449
20.828451	-8.1576295
20.838431	-8.1615156
20.848411	-8.165403
20.858391	-8.1692918
20.868371	-8.173182
20.878351	-8.1770736
20.888331	-8.1809665
20.898311	-8.1848608
20.908291	-8.1887565
20.918271	-8.1926536
20.928251	-8.1965521
20.938231	-8.2004519
20.948211	-8.2043531
20.958191	-8.2082557
20.968171	-8.2121597
20.978151	-8.216065
20.988131	-8.2199717
20.998111	-8.2238798
21.008091	-8.2277892
21.018071	-8.2317
21.028051	-8.2356122
21.038031	-8.2395257
21.048011	-8.2434406
21.057991	-8.2473569
21.067971	-8.2512745
21.077951	-8.2551935
21.087931	-8.2591138
21.097911	-8.2630355
21.107891	-8.2669586
21.117871	-8.270883
21.127851	-8.2748088
21.137831	-8.2787359
21.147811	-8.2826644
21.157791	-8.2865942
21.167771	-8.2905254
21.177751	-8.2944579
21.187731	-8.2983918
21.197711	-8.3023271
21.207691	-8.3062636
21.217671	-8.3102016
21.227651	-8.3141408
21.237631	-8.3180815
21.247611	-8.3220234
21.257591	-8.3259667
21.267571	-8.3299114
21.277551	-8.3338573
21.287531	-8.3378047
21.297511	-8.3417533
21.307491	-8.3457033
21.317471	-8.3496547
21.327451	-8.3536073
21.337431	-8.3575613
21.347411	-8.3615167
21.357391	-8.3654733
21.367371	-8.3694313
21.377351	-8.3733907
21.387331	-8.3773513
21.397311	-8.3813133
21.407291	-8.3852766
21.417271	-8.3892413
21.427251	-8.3932072
21.43723	-8.3971745
21.44721	-8.4011431
21.45719	-8.405113
21.46717	-8.4090843
21.47715	-8.4130569
21.48713	-8.4170308
21.49711	-8.421006
21.50709	-8.4249825
21.51707	-8.4289603
21.52705	-8.4329395
21.53703	-8.4369199
21.54701	-8.4409017
21.55699	-8.4448848
21.56697	-8.4488692
21.57695	-8.4528549
21.58693	-8.4568419
21.59691	-8.4608303
21.60689	-8.4648199
21.61687	-8.4688108
21.62685	-8.4728031
21.63683	-8.4767966
21.64681	-8.4807914
21.65679	-8.4847876
21.66677	-8.488785
21.67675	-8.4927838
21.68673	-8.4967838
21.69671	-8.5007852
21.70669	-8.5047878
21.71667	-8.5087917
21.72665	-8.5127969
21.73663	-8.5168035
21.74661	-8.5208113
21.75659	-8.5248204
21.76657	-8.5288307
21.77655	-8.5328424
21.78653	-8.5368554
21.79651	-8.5408696
21.80649	-8.5448852
21.81647	-8.548902
21.82645	-8.5529201
21.83643	-8.5569395
21.84641	-8.5609601
21.85639	-8.5649821
21.86637	-8.5690053
21.87635	-8.5730298
21.88633	-8.5770556
21.89631	-8.5810826
21.90629	-8.585111
21.91627	-8.5891406
21.92625	-8.5931714
21.93623	-8.5972036
21.94621	-8.601237
21.95619	-8.6052717
21.96617	-8.6093076
21.97615	-8.6133449
21.98613	-8.6173833
21.99611	-8.6214231
22.00609	-8.6254641
22.01607	-8.6295064
22.02605	-8.6335499
22.03603	-8.6375948
22.04601	-8.6416408
22.05599	-8.6456881
22.06597	-8.6497367
22.07595	-8.6537866
22.08593	-8.6578377
22.09591	-8.66189
22.10589	-8.6659436
22.11587	-8.6699985
22.12585	-8.6740546
22.13583	-8.678112
22.14581	-8.6821706
22.15579	-8.6862304
22.16577	-8.6902915
22.17575	-8.6943539
22.18573	-8.6984175
22.19571	-8.7024823
22.20569	-8.7065484
22.21567	-8.7106158
22.22565	-8.7146843
22.23563	-8.7187541
22.24561	-8.7228252
22.25559	-8.7268975
22.26557	-8.730971
22.27555	-8.7350458
22.28553	-8.7391218
22.29551	-8.743199
22.30549	-8.7472775
22.31547	-8.7513572
22.32545	-8.7554381
22.33543	-8.7595203
22.34541	-8.7636036
22.35539	-8.7676883
22.36537	-8.7717741
22.37535	-8.7758612
22.38533	-8.7799495
22.39531	-8.784039
22.40529	-8.7881297
22.41527	-8.7922217
22.42525	-8.7963149
22.43523	-8.8004093
22.44521	-8.8045049
22.45519	-8.8086017
22.46517	-8.8126998
22.47515	-8.816799
22.48513	-8.8208995
22.49511	-8.8250012
22.50509	-8.8291041
22.51507	-8.8332082
22.52505	-8.8373136
22.53503	-8.8414201
22.54501	-8.8455278
22.55499	-8.8496368
22.56497	-8.853747
22.57495	-8.8578583
22.58493	-8.8619709
22.59491	-8.8660846
22.60489	-8.8701996
22.61487	-8.8743158
22.62485	-8.8784332
22.63483	-8.8825517
22.64481	-8.8866715
22.65479	-8.8907925
22.66477	-8.8949146
22.67475	-8.899038
22.68473	-8.9031625
22.69471	-8.9072883
22.70469	-8.9114152
22.71467	-8.9155433
22.72465	-8.9196726
22.73463	-8.9238031
22.74461	-8.9279348
22.75459	-8.9320677
22.76457	-8.9362017
22.77455	-8.940337
22.78453	-8.9444734
22.79451	-8.948611
22.80449	-8.9527498
22.81447	-8.9568897
22.82445	-8.9610309
22.83443	-8.9651732
22.84441	-8.9693167
22.85439	-8.9734614
22.86437	-8.9776072
22.87435	-8.9817542
22.88433	-8.9859024
22.89431	-8.9900518
22.90429	-8.9942023
22.91427	-8.998354
22.92425	-9.0025069
22.93423	-9.0066609
22.94421	-9.0108161
22.95419	-9.0149725
22.96417	-9.01913
22.97415	-9.0232887
22.98413	-9.0274486
22.99411	-9.0316096
23.00409	-9.0357718
23.01407	-9.0399351
23.02405	-9.0440996
23.03403	-9.0482653
23.04401	-9.0524321
23.05399	-9.0566001
23.06397	-9.0607692
23.07395	-9.0649394
23.08393	-9.0691109
23.09391	-9.0732834
23.10389	-9.0774571
23.11387	-9.081632
23.12385	-9.085808
23.13383	-9.0899852
23.14381	-9.0941635
23.15379	-9.0983429
23.16377	-9.1025235
23.17375	-9.1067053
23.18373	-9.1108882
23.19371	-9.1150722
23.20369	-9.1192573
23.21367	-9.1234436
23.22365	-9.1276311
23.23363	-9.1318196
23.24361	-9.1360093
23.25359	-9.1402002
23.26357	-9.1443921
23.27355	-9.1485852
23.28353	-9.1527794
23.29351	-9.1569748
23.30349	-9.1611713
23.31347	-9.1653689
23.32345	-9.1695676
23.33343	-9.1737675
23.34341	-9.1779685
23.35339	-9.1821706
23.36337	-9.1863739
23.37335	-9.1905782
23.38333	-9.1947837
23.39331	-9.1989903
23.40329	-9.203198
23.41327	-9.2074068
23.42325	-9.2116168
23.43323	-9.2158278
23.44321	-9.22004
23.45319	-9.2242533
23.46317	-9.2284677
23.47315	-9.2326832
23.48313	-9.2368998
23.49311	-9.2411176
23.50309	-9.2453364
23.51307	-9.2495564
23.52305	-9.2537774
23.53303	-9.2579996
23.54301	-9.2622228
23.55299	-9.2664472
23.56297	-9.2706726
23.57295	-9.2748992
23.58293	-9.2791269
23.59291	-9.2833556
23.60289	-9.2875855
23.61287	-9.2918164
23.62285	-9.2960485
23.63283	-9.3002816
23.64281	-9.3045158
23.65279	-9.3087512
23.66277	-9.3129876
23.672749	-9.3172251
23.682729	-9.3214637
23.692709	-9.3257034
23.702689	-9.3299442
23.712669	-9.334186
23.722649	-9.338429
23.732629	-9.342673
23.742609	-9.3469181
23.752589	-9.3511643
23.762569	-9.3554115
23.772549	-9.3596599
23.782529	-9.3639093
23.792509	-9.3681598
23.802489	-9.3724114
23.812469	-9.3766641
23.822449	-9.3809178
23.832429	-9.3851726
23.842409	-9.3894285
23.852389	-9.3936854
23.862369	-9.3979435
23.872349	-9.4022025
23.882329	-9.4064627
23.892309	-9.4107239
23.902289	-9.4149862
23.912269	-9.4192496
23.922249	-9.423514
23.932229	-9.4277795
23.942209	-9.432046
23.952189	-9.4363136
23.962169	-9.4405823
23.972149	-9.444852
23.982129	-9.4491228
23.992109	-9.4533946
24.002089	-9.4576675
24.012069	-9.4619415
24.022049	-9.4662165
24.032029	-9.4704925
24.042009	-9.4747696
24.051989	-9.4790478
24.061969	-9.483327
24.071949	-9.4876073
24.081929	-9.4918886
24.091909	-9.4961709
24.101889	-9.5004543
24.111869	-9.5047387
24.121849	-9.5090242
24.131829	-9.5133107
24.141809	-9.5175983
24.151789	-9.5218869
24.161769	-9.5261766
24.171749	-9.5304672
24.181729	-9.534759
24.191709	-9.5390517
24.201689	-9.5433455
24.211669	-9.5476403
24.221649	-9.5519362
24.231629	-9.5562331
24.241609	-9.560531
24.251589	-9.56483
24.261569	-9.5691299
24.271549	-9.573431
24.281529	-9.577733
24.291509	-9.5820361
24.301489	-9.5863401
24.311469	-9.5906453
24.321449	-9.5949514
24.331429	-9.5992585
24.341409	-9.6035667
24.351389	-9.6078759
24.361369	-9.6121861
24.371349	-9.6164974
24.381329	-9.6208096
24.391309	-9.6251229
24.401289	-9.6294372
24.411269	-9.6337524
24.421249	-9.6380687
24.431229	-9.6423861
24.441209	-9.6467044
24.451189	-9.6510237
24.461169	-9.6553441
24.471149	-9.6596654
24.481129	-9.6639878
24.491109	-9.6683111
24.501089	-9.6726355
24.511069	-9.6769609
24.521049	-9.6812873
24.531029	-9.6856146
24.541009	-9.689943
24.550989	-9.6942724
24.560969	-9.6986028
24.570949	-9.7029341
24.580929	-9.7072665
24.590909	-9.7115999
24.600889	-9.7159342
24.610869	-9.7202696
24.620849	-9.7246059
24.630829	-9.7289432
24.640809	-9.7332816
24.650789	-9.7376209
24.660769	-9.7419612
24.670749	-9.7463025
24.680729	-9.7506447
24.690709	-9.754988
24.700689	-9.7593322
24.710669	-9.7636775
24.720649	-9.7680237
24.730629	-9.7723708
24.740609	-9.776719
24.750589	-9.7810682
24.760569	-9.7854183
24.770549	-9.7897694
24.780529	-9.7941215
24.790509	-9.7984745
24.800489	-9.8028285
24.810469	-9.8071835
24.820449	-9.8115395
24.830429	-9.8158964
24.840409	-9.8202544
24.850389	-9.8246132
24.860369	-9.8289731
24.870349	-9.8333339
24.880329	-9.8376957
24.890309	-9.8420584
24.900289	-9.8464221
24.910269	-9.8507868
24.920249	-9.8551524
24.930229	-9.859519
24.940209	-9.8638866
24.950189	-9.8682551
24.960169	-9.8726246
24.970149	-9.876995
24.980129	-9.8813664
24.990109	-9.8857387
25.000089	-9.890112
25.010069	-9.8944862
25.020049	-9.8988614
25.030029	-9.9032376
25.040009	-9.9076147
25.049989	-9.9119927
25.059969	-9.9163717
25.069949	-9.9207516
25.079929	-9.9251325
25.089909	-9.9295143
25.099889	-9.9338971
25.109869	-9.9382808
25.119849	-9.9426655
25.129829	-9.9470511
25.139809	-9.9514376
25.149789	-9.9558251
25.159769	-9.9602135
25.169749	-9.9646028
25.179729	-9.9689931
25.189709	-9.9733843
25.199689	-9.9777765
25.209669	-9.9821696
25.219649	-9.9865636
25.229629	-9.9909585
25.239609	-9.9953544
25.249589	-9.9997512
25.259569	-10.004149
25.269549	-10.008548
25.279529	-10.012947
25.289509	-10.017348
25.299489	-10.021749
25.309469	-10.026151
25.319449	-10.030555
25.329429	-10.034959
25.339409	-10.039364
25.349389	-10.04377
25.359369	-10.048177
25.369349	-10.052585
25.379329	-10.056994
25.389309	-10.061403
25.399289	-10.065814
25.409269	-10.070225
25.419249	-10.074638
25.429229	-10.079051
25.439209	-10.083466
25.449189	-10.087881
25.459169	-10.092297
25.469149	-10.096714
25.479129	-10.101132
25.489109	-10.10555
25.499089	-10.10997
25.509069	-10.114391
25.519049	-10.118812
25.529029	-10.123235
25.539009	-10.127658
25.548989	-10.132082
25.558969	-10.136507
25.568949	-10.140933
25.578929	-10.14536
25.588909	-10.149788
25.598889	-10.154216
25.608869	-10.158646
25.618849	-10.163077
25.628829	-10.167508
25.638809	-10.17194
25.648789	-10.176373
25.658769	-10.180807
25.668749	-10.185242
25.678729	-10.189678
25.688709	-10.194115
25.698689	-10.198552
25.708669	-10.202991
25.718649	-10.20743
25.728629	-10.21187
25.738609	-10.216311
25.748589	-10.220753
25.758569	-10.225196
25.768549	-10.22964
25.778529	-10.234084
25.788509	-10.23853
25.798489	-10.242976
25.808469	-10.247423
25.818449	-10.251871
25.828429	-10.25632
25.838409	-10.26077
25.848389	-10.265221
25.858369	-10.269672
25.868349	-10.274125
25.878329	-10.278578
25.888309	-10.283032
25.898289	-10.287487
25.908269	-10.291943
25.918248	-10.2964
25.928228	-10.300858
25.938208	-10.305316
25.948188	-10.309775
25.958168	-10.314236
25.968148	-10.318697
25.978128	-10.323159
25.988108	-10.327621
25.998088	-10.332085
26.008068	-10.336549
26.018048	-10.341015
26.028028	-10.345481
26.038008	-10.349948
26.047988	-10.354416
26.057968	-10.358885
26.067948	-10.363354
26.077928	-10.367825
26.087908	-10.372296
26.097888	-10.376768
26.107868	-10.381241
26.117848	-10.385715
26.127828	-10.390189
26.137808	-10.394665
26.147788	-10.399141
26.157768	-10.403618
26.167748	-10.408096
26.177728	-10.412575
26.187708	-10.417055
26.197688	-10.421535
26.207668	-10.426017
26.217648	-10.430499
26.227628	-10.434982
26.237608	-10.439466
26.247588	-10.44395
26.257568	-10.448436
26.267548	-10.452922
26.277528	-10.457409
26.287508	-10.461897
26.297488	-10.466386
26.307468	-10.470876
26.317448	-10.475366
26.327428	-10.479857
26.337408	-10.484349
26.347388	-10.488842
26.357368	-10.493336
26.367348	-10.497831
26.377328	-10.502326
26.387308	-10.506822
26.397288	-10.511319
26.407268	-10.515817
26.417248	-10.520316
26.427228	-10.524815
26.437208	-10.529315
26.447188	-10.533816
26.457168	-10.538318
26.467148	-10.542821
26.477128	-10.547324
26.487108	-10.551829
26.497088	-10.556334
26.507068	-10.56084
26.517048	-10.565346
26.527028	-10.569854
26.537008	-10.574362
26.546988	-10.578871
26.556968	-10.583381
26.566948	-10.587892
26.576928	-10.592404
26.586908	-10.596916
26.596888	-10.601429
26.606868	-10.605943
26.616848	-10.610458
26.626828	-10.614973
26.636808	-10.61949
26.646788	-10.624007
26.656768	-10.628524
26.666748	-10.633043
26.676728	-10.637563
26.686708	-10.642083
26.696688	-10.646604
26.706668	-10.651126
26.716648	-10.655648
26.726628	-10.660172
26.736608	-10.664696
26.746588	-10.669221
26.756568	-10.673747
26.766548	-10.678273
26.776528	-10.6828
26.786508	-10.687329
26.796488	-10.691857
26.806468	-10.696387
26.816448	-10.700917
26.826428	-10.705449
26.836408	-10.709981
26.846388	-10.714513
26.856368	-10.719047
26.866348	-10.723581
26.876328	-10.728116
26.886308	-10.732652
26.896288	-10.737189
26.906268	-10.741726
26.916248	-10.746264
26.926228	-10.750803
26.936208	-10.755343
26.946188	-10.759883
26.956168	-10.764424
26.966148	-10.768966
26.976128	-10.773509
26.986108	-10.778052
26.996088	-10.782597
27.006068	-10.787142
27.016048	-10.791687
27.026028	-10.796234
27.036008	-10.800781
27.045988	-10.805329
27.055968	-10.809878
27.065948	-10.814427
27.075928	-10.818978
27.085908	-10.823529
27.095888	-10.82808
27.105868	-10.832633
27.115848	-10.837186
27.125828	-10.84174
27.135808	-10.846295
27.145788	-10.85085
27.155768	-10.855407
27.165748	-10.859964
27.175728	-10.864521
27.185708	-10.86908
27.195688	-10.873639
27.205668	-10.878199
27.215648	-10.88276
27.225628	-10.887321
27.235608	-10.891883
27.245588	-10.896446
27.255568	-10.90101
27.265548	-10.905574
27.275528	-10.910139
27.285508	-10.914705
27.295488	-10.919272
27.305468	-10.923839
27.315448	-10.928407
27.325428	-10.932976
27.335408	-10.937546
27.345388	-10.942116
27.355368	-10.946687
27.365348	-10.951258
27.375328	-10.955831
27.385308	-10.960404
27.395288	-10.964978
27.405268	-10.969552
27.415248	-10.974128
27.425228	-10.978704
27.435208	-10.98328
27.445188	-10.987858
27.455168	-10.992436
27.465148	-10.997015
27.475128	-11.001594
27.485108	-11.006175
27.495088	-11.010756
27.505068	-11.015337
27.515048	-11.01992
27.525028	-11.024503
27.535008	-11.029087
27.544988	-11.033672
27.554968	-11.038257
27.564948	-11.042843
27.574928	-11.04743
27.584908	-11.052017
27.594888	-11.056605
27.604868	-11.061194
27.614848	-11.065783
27.624828	-11.070374
27.634808	-11.074964
27.644788	-11.079556
27.654768	-11.084148
27.664748	-11.088741
27.674728	-11.093335
27.684708	-11.09793
27.694688	-11.102525
27.704668	-11.10712
27.714648	-11.111717
27.724628	-11.116314
27.734608	-11.120912
27.744588	-11.125511
27.754568	-11.13011
27.764548	-11.13471
27.774528	-11.13931
27.784508	-11.143912
27.794488	-11.148514
27.804468	-11.153116
27.814448	-11.15772
27.824428	-11.162324
27.834408	-11.166929
27.844388	-11.171534
27.854368	-11.17614
27.864348	-11.180747
27.874328	-11.185354
27.884308	-11.189963
27.894288	-11.194571
27.904268	-11.199181
27.914248	-11.203791
27.924228	-11.208402
27.934208	-11.213014
27.944188	-11.217626
27.954168	-11.222239
27.964148	-11.226852
27.974128	-11.231466
27.984108	-11.236081
27.994088	-11.240697
28.004068	-11.245313
28.014048	-11.24993
28.024028	-11.254547
28.034008	-11.259166
28.043988	-11.263785
28.053968	-11.268404
28.063948	-11.273024
28.073928	-11.277645
28.083908	-11.282267
28.093888	-11.286889
28.103868	-11.291512
28.113848	-11.296135
28.123828	-11.30076
28.133808	-11.305384
28.143788	-11.31001
28.153768	-11.314636
28.163747	-11.319263
28.173727	-11.32389
28.183707	-11.328518
28.193687	-11.333147
28.203667	-11.337776
28.213647	-11.342407
28.223627	-11.347037
28.233607	-11.351669
28.243587	-11.356301
28.253567	-11.360933
28.263547	-11.365567
28.273527	-11.3702
28.283507	-11.374835
28.293487	-11.37947
28.303467	-11.384106
28.313447	-11.388743
28.323427	-11.39338
28.333407	-11.398018
28.343387	-11.402656
28.353367	-11.407295
28.363347	-11.411935
28.373327	-11.416575
28.383307	-11.421216
28.393287	-11.425858
28.403267	-11.4305
28.413247	-11.435143
28.423227	-11.439786
28.433207	-11.44443
28.443187	-11.449075
28.453167	-11.45372
28.463147	-11.458367
28.473127	-11.463013
28.483107	-11.46766
28.493087	-11.472308
28.503067	-11.476957
28.513047	-11.481606
28.523027	-11.486256
28.533007	-11.490906
28.542987	-11.495557
28.552967	-11.500209
28.562947	-11.504861
28.572927	-11.509514
28.582907	-11.514167
28.592887	-11.518821
28.602867	-11.523476
28.612847	-11.528132
28.622827	-11.532787
28.632807	-11.537444
28.642787	-11.542101
28.652767	-11.546759
28.662747	-11.551417
28.672727	-11.556076
28.682707	-11.560736
28.692687	-11.565396
28.702667	-11.570057
28.712647	-11.574719
28.722627	-11.579381
28.732607	-11.584043
28.742587	-11.588707
28.752567	-11.59337
28.762547	-11.598035
28.772527	-11.6027
28.782507	-11.607366
28.792487	-11.612032
28.802467	-11.616699
28.812447	-11.621366
28.822427	-11.626034
28.832407	-11.630703
28.842387	-11.635372
28.852367	-11.640042
28.862347	-11.644713
28.872327	-11.649384
28.882307	-11.654055
28.892287	-11.658727
28.902267	-11.6634
28.912247	-11.668074
28.922227	-11.672748
28.932207	-11.677422
28.942187	-11.682097
28.952167	-11.686773
28.962147	-11.69145
28.972127	-11.696126
28.982107	-11.700804
28.992087	-11.705482
29.002067	-11.710161
29.012047	-11.71484
29.022027	-11.71952
29.032007	-11.7242
29.041987	-11.728881
29.051967	-11.733563
29.061947	-11.738245
29.071927	-11.742928
29.081907	-11.747611
29.091887	-11.752295
29.101867	-11.756979
29.111847	-11.761664
29.121827	-11.76635
29.131807	-11.771036
29.141787	-11.775723
29.151767	-11.78041
29.161747	-11.785098
29.171727	-11.789787
29.181707	-11.794476
29.191687	-11.799165
29.201667	-11.803856
29.211647	-11.808546
29.221627	-11.813238
29.231607	-11.817929
29.241587	-11.822622
29.251567	-11.827315
29.261547	-11.832008
29.271527	-11.836703
29.281507	-11.841397
29.291487	-11.846092
29.301467	-11.850788
29.311447	-11.855485
29.321427	-11.860181
29.331407	-11.864879
29.341387	-11.869577
29.351367	-11.874275
29.361347	-11.878975
29.371327	-11.883674
29.381307	-11.888374
29.391287	-11.893075
29.401267	-11.897777
29.411247	-11.902478
29.421227	-11.907181
29.431207	-11.911884
29.441187	-11.916587
29.451167	-11.921291
29.461147	-11.925996
29.471127	-11.930701
29.481107	-11.935407
29.491087	-11.940113
29.501067	-11.94482
29.511047	-11.949527
29.521027	-11.954235
29.531007	-11.958944
29.540987	-11.963652
29.550967	-11.968362
29.560947	-11.973072
29.570927	-11.977783
29.580907	-11.982494
29.590887	-11.987205
29.600867	-11.991917
29.610847	-11.99663
29.620827	-12.001343
29.630807	-12.006057
29.640787	-12.010771
29.650767	-12.015486
29.660747	-12.020202
29.670727	-12.024917
29.680707	-12.029634
29.690687	-12.034351
29.700667	-12.039068
29.710647	-12.043786
29.720627	-12.048505
29.730607	-12.053224
29.740587	-12.057943
29.750567	-12.062663
29.760547	-12.067384
29.770527	-12.072105
29.780507	-12.076827
29.790487	-12.081549
29.800467	-12.086272
29.810447	-12.090995
29.820427	-12.095719
29.830407	-12.100443
29.840387	-12.105168
29.850367	-12.109893
29.860347	-12.114619
29.870327	-12.119345
29.880307	-12.124072
29.890287	-12.128799
29.900267	-12.133527
29.910247	-12.138255
29.920227	-12.142984
29.930207	-12.147713
29.940187	-12.152443
29.950167	-12.157174
29.960147	-12.161905
29.970127	-12.166636
29.980107	-12.171368
29.990087	-12.1761
30.000067	-12.180833
30.010047	-12.185566
30.020027	-12.1903
30.030007	-12.195035
30.039987	-12.19977
30.049967	-12.204505
30.059947	-12.209241
30.069927	-12.213977
30.079907	-12.218714
30.089887	-12.223452
30.099867	-12.22819
30.109847	-12.232928
30.119827	-12.237667
30.129807	-12.242406
30.139787	-12.247146
30.149767	-12.251886
30.159747	-12.256627
30.169727	-12.261368
30.179707	-12.26611
30.189687	-12.270853
30.199667	-12.275595
30.209647	-12.280339
30.219627	-12.285082
30.229607	-12.289827
30.239587	-12.294571
30.249567	-12.299317
30.259547	-12.304062
30.269527	-12.308809
30.279507	-12.313555
30.289487	-12.318302
30.299467	-12.32305
30.309447	-12.327798
30.319427	-12.332547
30.329407	-12.337296
30.339387	-12.342045
30.349367	-12.346795
30.359347	-12.351546
30.369327	-12.356297
30.379307	-12.361048
30.389287	-12.3658
30.399267	-12.370552
30.409246	-12.375305
30.419226	-12.380059
30.429206	-12.384812
30.439186	-12.389567
30.449166	-12.394322
30.459146	-12.399077
30.469126	-12.403832
30.479106	-12.408589
30.489086	-12.413345
30.499066	-12.418102
30.509046	-12.42286
30.519026	-12.427618
30.529006	-12.432376
30.538986	-12.437135
30.548966	-12.441895
30.558946	-12.446654
30.568926	-12.451415
30.578906	-12.456175
30.588886	-12.460937
30.598866	-12.465698
30.608846	-12.470461
30.618826	-12.475223
30.628806	-12.479986
30.638786	-12.48475
30.648766	-12.489514
30.658746	-12.494278
30.668726	-12.499043
30.678706	-12.503808
30.688686	-12.508574
30.698666	-12.51334
30.708646	-12.518107
30.718626	-12.522874
30.728606	-12.527642
30.738586	-12.53241
30.748566	-12.537178
30.758546	-12.541947
30.768526	-12.546716
30.778506	-12.551486
30.788486	-12.556256
30.798466	-12.561027
30.808446	-12.565798
30.818426	-12.57057
30.828406	-12.575342
30.838386	-12.580114
30.848366	-12.584887
30.858346	-12.589661
30.868326	-12.594434
30.878306	-12.599209
30.888286	-12.603983
30.898266	-12.608758
30.908246	-12.613534
30.918226	-12.61831
30.928206	-12.623086
30.938186	-12.627863
30.948166	-12.63264
30.958146	-12.637418
30.968126	-12.642196
30.978106	-12.646975
30.988086	-12.651754
30.998066	-12.656533
31.008046	-12.661313
31.018026	-12.666093
31.028006	-12.670874
31.037986	-12.675655
31.047966	-12.680436
31.057946	-12.685218
31.067926	-12.690001
31.077906	-12.694784
31.087886	-12.699567
31.097866	-12.70435
31.107846	-12.709134
31.117826	-12.713919
31.127806	-12.718704
31.137786	-12.723489
31.147766	-12.728275
31.157746	-12.733061
31.167726	-12.737848
31.177706	-12.742635
31.187686	-12.747422
31.197666	-12.75221
31.207646	-12.756998
31.217626	-12.761787
31.227606	-12.766576
31.237586	-12.771365
31.247566	-12.776155
31.257546	-12.780946
31.267526	-12.785736
31.277506	-12.790527
31.287486	-12.795319
31.297466	-12.800111
31.307446	-12.804903
31.317426	-12.809696
31.327406	-12.814489
31.337386	-12.819283
31.347366	-12.824077
31.357346	-12.828871
31.367326	-12.833666
31.377306	-12.838461
31.387286	-12.843257
31.397266	-12.848053
31.407246	-12.852849
31.417226	-12.857646
31.427206	-12.862443
31.437186	-12.867241
31.447166	-12.872038
31.457146	-12.876837
31.467126	-12.881636
31.477106	-12.886435
31.487086	-12.891234
31.497066	-12.896034
31.507046	-12.900835
31.517026	-12.905635
31.527006	-12.910436
31.536986	-12.915238
31.546966	-12.92004
31.556946	-12.924842
31.566926	-12.929645
31.576906	-12.934448
31.586886	-12.939251
31.596866	-12.944055
31.606846	-12.94886
31.616826	-12.953664
31.626806	-12.958469
31.636786	-12.963275
31.646766	-12.96808
31.656746	-12.972886
31.666726	-12.977693
31.676706	-12.9825
31.686686	-12.987307
31.696666	-12.992115
31.706646	-12.996923
31.716626	-13.001731
31.726606	-13.00654
31.736586	-13.011349
31.746566	-13.016159
31.756546	-13.020969
31.766526	-13.025779
31.776506	-13.03059
31.786486	-13.035401
31.796466	-13.040212
31.806446	-13.045024
31.816426	-13.049836
31.826406	-13.054649
31.836386	-13.059462
31.846366	-13.064275
31.856346	-13.069089
31.866326	-13.073903
31.876306	-13.078717
31.886286	-13.083532
31.896266	-13.088347
31.906246	-13.093163
31.916226	-13.097979
31.926206	-13.102795
31.936186	-13.107612
31.946166	-13.112429
31.956146	-13.117246
31.966126	-13.122064
31.976106	-13.126882
31.986086	-13.1317
31.996066	-13.136519
32.006046	-13.141338
32.016026	-13.146157
32.026006	-13.150977
32.035986	-13.155798
32.045966	-13.160618
32.055946	-13.165439
32.065926	-13.17026
32.075906	-13.175082
32.085886	-13.179904
32.095866	-13.184726
32.105846	-13.189549
32.115826	-13.194372
32.125806	-13.199195
32.135786	-13.204019
32.145766	-13.208843
32.155746	-13.213668
32.165726	-13.218493
32.175706	-13.223318
32.185686	-13.228143
32.195666	-13.232969
32.205646	-13.237795
32.215626	-13.242622
32.225606	-13.247449
32.235586	-13.252276
32.245566	-13.257103
32.255546	-13.261931
32.265526	-13.26676
32.275506	-13.271588
32.285486	-13.276417
32.295466	-13.281246
32.305446	-13.286076
32.315426	-13.290906
32.325406	-13.295736
32.335386	-13.300567
32.345366	-13.305398
32.355346	-13.310229
32.365326	-13.315061
32.375306	-13.319893
32.385286	-13.324725
32.395266	-13.329558
32.405246	-13.334391
32.415226	-13.339224
32.425206	-13.344058
32.435186	-13.348892
32.445166	-13.353726
32.455146	-13.358561
32.465126	-13.363396
32.475106	-13.368231
32.485086	-13.373067
32.495066	-13.377903
32.505046	-13.382739
32.515026	-13.387576
32.525006	-13.392412
32.534986	-13.39725
32.544966	-13.402087
32.554946	-13.406925
32.564926	-13.411764
32.574906	-13.416602
32.584886	-13.421441
32.594866	-13.42628
32.604846	-13.43112
32.614826	-13.43596
32.624806	-13.4408
32.634786	-13.44564
32.644766	-13.450481
32.654745	-13.455322
32.664725	-13.460164
32.674705	-13.465005
32.684685	-13.469847
32.694665	-13.47469
32.704645	-13.479532
32.714625	-13.484376
32.724605	-13.489219
32.734585	-13.494062
32.744565	-13.498906
32.754545	-13.503751
32.764525	-13.508595
32.774505	-13.51344
32.784485	-13.518285
32.794465	-13.523131
32.804445	-13.527977
32.814425	-13.532823
32.824405	-13.537669
32.834385	-13.542516
32.844365	-13.547363
32.854345	-13.55221
32.864325	-13.557058
32.874305	-13.561906
32.884285	-13.566754
32.894265	-13.571603
32.904245	-13.576452
32.914225	-13.581301
32.924205	-13.58615
32.934185	-13.591
32.944165	-13.59585
32.954145	-13.600701
32.964125	-13.605551
32.974105	-13.610402
32.984085	-13.615254
32.994065	-13.620105
33.004045	-13.624957
33.014025	-13.629809
33.024005	-13.634662
33.033985	-13.639514
33.043965	-13.644367
33.053945	-13.649221
33.063925	-13.654074
33.073905	-13.658928
33.083885	-13.663783
33.093865	-13.668637
33.103845	-13.673492
33.113825	-13.678347
33.123805	-13.683202
33.133785	-13.688058
33.143765	-13.692914
33.153745	-13.69777
33.163725	-13.702627
33.173705	-13.707483
33.183685	-13.712341
33.193665	-13.717198
33.203645	-13.722056
33.213625	-13.726914
33.223605	-13.731772
33.233585	-13.73663
33.243565	-13.741489
33.253545	-13.746348
33.263525	-13.751208
33.273505	-13.756067
33.283485	-13.760927
33.293465	-13.765787
33.303445	-13.770648
33.313425	-13.775509
33.323405	-13.78037
33.333385	-13.785231
33.343365	-13.790093
33.353345	-13.794954
33.363325	-13.799817
33.373305	-13.804679
33.383285	-13.809542
33.393265	-13.814405
33.403245	-13.819268
33.413225	-13.824131
33.423205	-13.828995
33.433185	-13.833859
33.443165	-13.838723
33.453145	-13.843588
33.463125	-13.848453
33.473105	-13.853318
33.483085	-13.858183
33.493065	-13.863049
33.503045	-13.867915
33.513025	-13.872781
33.523005	-13.877648
33.532985	-13.882514
33.542965	-13.887381
33.552945	-13.892249
33.562925	-13.897116
33.572905	-13.901984
33.582885	-13.906852
33.592865	-13.91172
33.602845	-13.916589
33.612825	-13.921458
33.622805	-13.926327
33.632785	-13.931196
33.642765	-13.936066
33.652745	-13.940936
33.662725	-13.945806
33.672705	-13.950676
33.682685	-13.955547
33.692665	-13.960418
33.702645	-13.965289
33.712625	-13.97016
33.722605	-13.975032
33.732585	-13.979904
33.742565	-13.984776
33.752545	-13.989648
33.762525	-13.994521
33.772505	-13.999394
33.782485	-14.004267
33.792465	-14.009141
33.802445	-14.014014
33.812425	-14.018888
33.822405	-14.023762
33.832385	-14.028637
33.842365	-14.033511
33.852345	-14.038386
33.862325	-14.043261
33.872305	-14.048137
33.882285	-14.053013
33.892265	-14.057888
33.902245	-14.062765
33.912225	-14.067641
33.922205	-14.072518
33.932185	-14.077394
33.942165	-14.082272
33.952145	-14.087149
33.962125	-14.092026
33.972105	-14.096904
33.982085	-14.101782
33.992065	-14.106661
34.002045	-14.111539
34.012025	-14.116418
34.022005	-14.121297
34.031985	-14.126176
34.041965	-14.131056
34.051945	-14.135936
34.061925	-14.140816
34.071905	-14.145696
34.081885	-14.150576
34.091865	-14.155457
34.101845	-14.160338
34.111825	-14.165219
34.121805	-14.1701
34.131785	-14.174982
34.141765	-14.179864
34.151745	-14.184746
34.161725	-14.189628
34.171705	-14.194511
34.181685	-14.199393
34.191665	-14.204276
34.201645	-14.20916
34.211625	-14.214043
34.221605	-14.218927
34.231585	-14.22381
34.241565	-14.228695
34.251545	-14.233579
34.261525	-14.238464
34.271505	-14.243348
34.281485	-14.248233
34.291465	-14.253119
34.301445	-14.258004
34.311425	-14.26289
34.321405	-14.267776
34.331385	-14.272662
34.341365	-14.277548
34.351345	-14.282435
34.361325	-14.287321
34.371305	-14.292208
34.381285	-14.297096
34.391265	-14.301983
34.401245	-14.306871
34.411225	-14.311759
34.421205	-14.316647
34.431185	-14.321535
34.441165	-14.326423
34.451145	-14.331312
34.461125	-14.336201
34.471105	-14.34109
34.481085	-14.34598
34.491065	-14.350869
34.501045	-14.355759
34.511025	-14.360649
34.521005	-14.365539
34.530985	-14.37043
34.540965	-14.37532
34.550945	-14.380211
34.560925	-14.385102
34.570905	-14.389993
34.580885	-14.394885
34.590865	-14.399777
34.600845	-14.404668
34.610825	-14.40956
34.620805	-14.414453
34.630785	-14.419345
34.640765	-14.424238
34.650745	-14.429131
34.660725	-14.434024
34.670705	-14.438917
34.680685	-14.443811
34.690665	-14.448704
34.700645	-14.453598
34.710625	-14.458492
34.720605	-14.463387
34.730585	-14.468281
34.740565	-14.473176
34.750545	-14.478071
34.760525	-14.482966
34.770505	-14.487861
34.780485	-14.492757
34.790465	-14.497653
34.800445	-14.502548
34.810425	-14.507445
34.820405	-14.512341
34.830385	-14.517237
34.840365	-14.522134
34.850345	-14.527031
34.860325	-14.531928
34.870305	-14.536825
34.880285	-14.541723
34.890265	-14.54662
34.900244	-14.551518
34.910224	-14.556416
34.920204	-14.561314
34.930184	-14.566213
34.940164	-14.571111
34.950144	-14.57601
34.960124	-14.580909
34.970104	-14.585808
34.980084	-14.590707
34.990064	-14.595607
35.000044	-14.600507
35.010024	-14.605407
35.020004	-14.610307
35.029984	-14.615207
35.039964	-14.620107
35.049944	-14.625008
35.059924	-14.629909
35.069904	-14.63481
35.079884	-14.639711
35.089864	-14.644612
35.099844	-14.649514
35.109824	-14.654416
35.119804	-14.659318
35.129784	-14.66422
35.139764	-14.669122
35.149744	-14.674024
35.159724	-14.678927
35.169704	-14.68383
35.179684	-14.688733
35.189664	-14.693636
35.199644	-14.698539
35.209624	-14.703443
35.219604	-14.708346
35.229584	-14.71325
35.239564	-14.718154
35.249544	-14.723058
35.259524	-14.727963
35.269504	-14.732867
35.279484	-14.737772
35.289464	-14.742677
35.299444	-14.747582
35.309424	-14.752487
35.319404	-14.757392
35.329384	-14.762298
35.339364	-14.767204
35.349344	-14.77211
35.359324	-14.777016
35.369304	-14.781922
35.379284	-14.786828
35.389264	-14.791735
35.399244	-14.796642
35.409224	-14.801549
35.419204	-14.806456
35.429184	-14.811363
35.439164	-14.81627
35.449144	-14.821178
35.459124	-14.826086
35.469104	-14.830993
35.479084	-14.835901
35.489064	-14.84081
35.499044	-14.845718
35.509024	-14.850627
35.519004	-14.855535
35.528984	-14.860444
35.538964	-14.865353
35.548944	-14.870262
35.558924	-14.875172
35.568904	-14.880081
35.578884	-14.884991
35.588864	-14.8899
35.598844	-14.89481
35.608824	-14.899721
35.618804	-14.904631
35.628784	-14.909541
35.638764	-14.914452
35.648744	-14.919363
35.658724	-14.924273
35.668704	-14.929184
35.678684	-14.934096
35.688664	-14.939007
35.698644	-14.943918
35.708624	-14.94883
35.718604	-14.953742
35.728584	-14.958654
35.738564	-14.963566
35.748544	-14.968478
35.758524	-14.973391
35.768504	-14.978303
35.778484	-14.983216
35.788464	-14.988129
35.798444	-14.993042
35.808424	-14.997955
35.818404	-15.002868
35.828384	-15.007781
35.838364	-15.012695
35.848344	-15.017609
35.858324	-15.022523
35.868304	-15.027437
35.878284	-15.032351
35.888264	-15.037265
35.898244	-15.042179
35.908224	-15.047094
35.918204	-15.052009
35.928184	-15.056923
35.938164	-15.061838
35.948144	-15.066754
35.958124	-15.071669
35.968104	-15.076584
35.978084	-15.0815
35.988064	-15.086415
35.998044	-15.091331
36.008024	-15.096247
36.018004	-15.101163
36.027984	-15.10608
36.037964	-15.110996
36.047944	-15.115912
36.057924	-15.120829
36.067904	-15.125746
36.077884	-15.130663
36.087864	-15.13558
36.097844	-15.140497
36.107824	-15.145414
36.117804	-15.150332
36.127784	-15.155249
36.137764	-15.160167
36.147744	-15.165085
36.157724	-15.170003
36.167704	-15.174921
36.177684	-15.179839
36.187664	-15.184757
36.197644	-15.189676
36.207624	-15.194595
36.217604	-15.199513
36.227584	-15.204432
36.237564	-15.209351
36.247544	-15.21427
36.257524	-15.21919
36.267504	-15.224109
36.277484	-15.229028
36.287464	-15.233948
36.297444	-15.238868
36.307424	-15.243788
36.317404	-15.248708
36.327384	-15.253628
36.337364	-15.258548
36.347344	-15.263468
36.357324	-15.268389
36.367304	-15.273309
36.377284	-15.27823
36.387264	-15.283151
36.397244	-15.288072
36.407224	-15.292993
36.417204	-15.297914
36.427184	-15.302835
36.437164	-15.307757
36.447144	-15.312678
36.457124	-15.3176
36.467104	-15.322522
36.477084	-15.327444
36.487064	-15.332366
36.497044	-15.337288
36.507024	-15.34221
36.517004	-15.347133
36.526984	-15.352055
36.536964	-15.356978
36.546944	-15.3619
36.556924	-15.366823
36.566904	-15.371746
36.576884	-15.376669
36.586864	-15.381592
36.596844	-15.386515
36.606824	-15.391439
36.616804	-15.396362
36.626784	-15.401286
36.636764	-15.40621
36.646744	-15.411133
36.656724	-15.416057
36.666704	-15.420981
36.676684	-15.425905
36.686664	-15.43083
36.696644	-15.435754
36.706624	-15.440678
36.716604	-15.445603
36.726584	-15.450528
36.736564	-15.455452
36.746544	-15.460377
36.756524	-15.465302
36.766504	-15.470227
36.776484	-15.475153
36.786464	-15.480078
36.796444	-15.485003
36.806424	-15.489929
36.816404	-15.494854
36.826384	-15.49978
36.836364	-15.504706
36.846344	-15.509632
36.856324	-15.514558
36.866304	-15.519484
36.876284	-15.52441
36.886264	-15.529336
36.896244	-15.534263
36.906224	-15.539189
36.916204	-15.544116
36.926184	-15.549042
36.936164	-15.553969
36.946144	-15.558896
36.956124	-15.563823
36.966104	-15.56875
36.976084	-15.573677
36.986064	-15.578604
36.996044	-15.583532
37.006024	-15.588459
37.016004	-15.593387
37.025984	-15.598314
37.035964	-15.603242
37.045944	-15.60817
37.055924	-15.613098
37.065904	-15.618026
37.075884	-15.622954
37.085864	-15.627882
37.095844	-15.63281
37.105824	-15.637739
37.115804	-15.642667
37.125784	-15.647596
37.135764	-15.652524
37.145743	-15.657453
37.155723	-15.662382
37.165703	-15.667311
37.175683	-15.67224
37.185663	-15.677169
37.195643	-15.682098
37.205623	-15.687027
37.215603	-15.691956
37.225583	-15.696886
37.235563	-15.701815
37.245543	-15.706745
37.255523	-15.711674
37.265503	-15.716604
37.275483	-15.721534
37.285463	-15.726464
37.295443	-15.731394
37.305423	-15.736324
37.315403	-15.741254
37.325383	-15.746184
37.335363	-15.751114
37.345343	-15.756045
37.355323	-15.760975
37.365303	-15.765906
37.375283	-15.770836
37.385263	-15.775767
37.395243	-15.780698
37.405223	-15.785629
37.415203	-15.790559
37.425183	-15.79549
37.435163	-15.800422
37.445143	-15.805353
37.455123	-15.810284
37.465103	-15.815215
37.475083	-15.820147
37.485063	-15.825078
37.495043	-15.83001
37.505023	-15.834941
37.515003	-15.839873
37.524983	-15.844805
37.534963	-15.849736
37.544943	-15.854668
37.554923	-15.8596
37.564903	-15.864532
37.574883	-15.869464
37.584863	-15.874396
37.594843	-15.879329
37.604823	-15.884261
37.614803	-15.889193
37.624783	-15.894126
37.634763	-15.899058
37.644743	-15.903991
37.654723	-15.908923
37.664703	-15.913856
37.674683	-15.918789
37.684663	-15.923722
37.694643	-15.928655
37.704623	-15.933588
37.714603	-15.938521
37.724583	-15.943454
37.734563	-15.948387
37.744543	-15.95332
37.754523	-15.958253
37.764503	-15.963187
37.774483	-15.96812
37.784463	-15.973054
37.794443	-15.977987
37.804423	-15.982921
37.814403	-15.987854
37.824383	-15.992788
37.834363	-15.997722
37.844343	-16.002656
37.854323	-16.00759
37.864303	-16.012524
37.874283	-16.017458
37.884263	-16.022392
37.894243	-16.027326
37.904223	-16.03226
37.914203	-16.037194
37.924183	-16.042129
37.934163	-16.047063
37.944143	-16.051997
37.954123	-16.056932
37.964103	-16.061866
37.974083	-16.066801
37.984063	-16.071736
37.994043	-16.07667
38.004023	-16.081605
38.014003	-16.08654
38.023983	-16.091475
38.033963	-16.09641
38.043943	-16.101344
38.053923	-16.106279
38.063903	-16.111215
38.073883	-16.11615
38.083863	-16.121085
38.093843	-16.12602
38.103823	-16.130955
38.113803	-16.135891
38.123783	-16.140826
38.133763	-16.145761
38.143743	-16.150697
38.153723	-16.155632
38.163703	-16.160568
38.173683	-16.165503
38.183663	-16.170439
38.193643	-16.175375
38.203623	-16.180311
38.213603	-16.185246
38.223583	-16.190182
38.233563	-16.195118
38.243543	-16.200054
38.253523	-16.20499
38.263503	-16.209926
38.273483	-16.214862
38.283463	-16.219798
38.293443	-16.224734
38.303423	-16.22967
38.313403	-16.234607
38.323383	-16.239543
38.333363	-16.244479
38.343343	-16.249416
38.353323	-16.254352
38.363303	-16.259288
38.373283	-16.264225
38.383263	-16.269161
38.393243	-16.274098
38.403223	-16.279034
38.413203	-16.283971
38.423183	-16.288908
38.433163	-16.293844
38.443143	-16.298781
38.453123	-16.303718
38.463103	-16.308655
38.473083	-16.313592
38.483063	-16.318528
38.493043	-16.323465
38.503023	-16.328402
38.513003	-16.333339
38.522983	-16.338276
38.532963	-16.343213
38.542943	-16.34815
38.552923	-16.353088
38.562903	-16.358025
38.572883	-16.362962
38.582863	-16.367899
38.592843	-16.372836
38.602823	-16.377774
38.612803	-16.382711
38.622783	-16.387648
38.632763	-16.392586
38.642743	-16.397523
38.652723	-16.402461
38.662703	-16.407398
38.672683	-16.412336
38.682663	-16.417273
38.692643	-16.422211
38.702623	-16.427148
38.712603	-16.432086
38.722583	-16.437023
38.732563	-16.441961
38.742543	-16.446899
38.752523	-16.451837
38.762503	-16.456774
38.772483	-16.461712
38.782463	-16.46665
38.792443	-16.471588
38.802423	-16.476526
38.812403	-16.481463
38.822383	-16.486401
38.832363	-16.491339
38.842343	-16.496277
38.852323	-16.501215
38.862303	-16.506153
38.872283	-16.511091
38.882263	-16.516029
38.892243	-16.520967
38.902223	-16.525905
38.912203	-16.530843
38.922183	-16.535781
38.932163	-16.54072
38.942143	-16.545658
38.952123	-16.550596
38.962103	-16.555534
38.972083	-16.560472
38.982063	-16.56541
38.992043	-16.570349
39.002023	-16.575287
39.012003	-16.580225
39.021983	-16.585164
39.031963	-16.590102
39.041943	-16.59504
39.051923	-16.599978
39.061903	-16.604917
39.071883	-16.609855
39.081863	-16.614794
39.091843	-16.619732
39.101823	-16.62467
39.111803	-16.629609
39.121783	-16.634547
39.131763	-16.639486
39.141743	-16.644424
39.151723	-16.649363
39.161703	-16.654301
39.171683	-16.65924
39.181663	-16.664178
39.191643	-16.669117
39.201623	-16.674055
39.211603	-16.678994
39.221583	-16.683932
39.231563	-16.688871
39.241543	-16.69381
39.251523	-16.698748
39.261503	-16.703687
39.271483	-16.708625
39.281463	-16.713564
39.291443	-16.718503
39.301423	-16.723441
39.311403	-16.72838
39.321383	-16.733318
39.331363	-16.738257
39.341343	-16.743196
39.351323	-16.748134
39.361303	-16.753073
39.371283	-16.758012
39.381263	-16.76295
39.391242	-16.767889
39.401222	-16.772828
39.411202	-16.777766
39.421182	-16.782705
39.431162	-16.787644
39.441142	-16.792583
39.451122	-16.797521
39.461102	-16.80246
39.471082	-16.807399
39.481062	-16.812337
39.491042	-16.817276
39.501022	-16.822215
39.511002	-16.827153
39.520982	-16.832092
39.530962	-16.837031
39.540942	-16.84197
39.550922	-16.846908
39.560902	-16.851847
39.570882	-16.856786
39.580862	-16.861724
39.590842	-16.866663
39.600822	-16.871602
39.610802	-16.87654
39.620782	-16.881479
39.630762	-16.886418
39.640742	-16.891356
39.650722	-16.896295
39.660702	-16.901234
39.670682	-16.906172
39.680662	-16.911111
39.690642	-16.91605
39.700622	-16.920988
39.710602	-16.925927
39.720582	-16.930866
39.730562	-16.935804
39.740542	-16.940743
39.750522	-16.945682
39.760502	-16.95062
39.770482	-16.955559
39.780462	-16.960497
39.790442	-16.965436
39.800422	-16.970375
39.810402	-16.975313
39.820382	-16.980252
39.830362	-16.98519
39.840342	-16.990129
39.850322	-16.995067
39.860302	-17.000006
39.870282	-17.004944
39.880262	-17.009883
39.890242	-17.014821
39.900222	-17.01976
39.910202	-17.024698
39.920182	-17.029637
39.930162	-17.034575
39.940142	-17.039513
39.950122	-17.044452
39.960102	-17.04939
39.970082	-17.054329
39.980062	-17.059267
39.990042	-17.064205
40.000022	-17.069144
40.010002	-17.074082
40.019982	-17.07902
40.029962	-17.083959
40.039942	-17.088897
40.049922	-17.093835
40.059902	-17.098773
40.069882	-17.103711
40.079862	-17.10865
40.089842	-17.113588
40.099822	-17.118526
40.109802	-17.123464
40.119782	-17.128402
40.129762	-17.13334
40.139742	-17.138278
40.149722	-17.143217
40.159702	-17.148155
40.169682	-17.153093
40.179662	-17.158031
40.189642	-17.162969
40.199622	-17.167906
40.209602	-17.172844
40.219582	-17.177782
40.229562	-17.18272
40.239542	-17.187658
40.249522	-17.192596
40.259502	-17.197534
40.269482	-17.202472
40.279462	-17.207409
40.289442	-17.212347
40.299422	-17.217285
40.309402	-17.222222
40.319382	-17.22716
40.329362	-17.232098
40.339342	-17.237035
40.349322	-17.241973
40.359302	-17.246911
40.369282	-17.251848
40.379262	-17.256786
40.389242	-17.261723
40.399222	-17.266661
40.409202	-17.271598
40.419182	-17.276535
40.429162	-17.281473
40.439142	-17.28641
40.449122	-17.291347
40.459102	-17.296285
40.469082	-17.301222
40.479062	-17.306159
40.489042	-17.311096
40.499022	-17.316034
40.509002	-17.320971
40.518982	-17.325908
40.528962	-17.330845
40.538942	-17.335782
40.548922	-17.340719
40.558902	-17.345656
40.568882	-17.350593
40.578862	-17.35553
40.588842	-17.360467
40.598822	-17.365403
40.608802	-17.37034
40.618782	-17.375277
40.628762	-17.380214
40.638742	-17.385151
40.648722	-17.390087
40.658702	-17.395024
40.668682	-17.39996
40.678662	-17.404897
40.688642	-17.409833
40.698622	-17.41477
40.708602	-17.419706
40.718582	-17.424643
40.728562	-17.429579
40.738542	-17.434516
40.748522	-17.439452
40.758502	-17.444388
40.768482	-17.449324
40.778462	-17.454261
40.788442	-17.459197
40.798422	-17.464133
40.808402	-17.469069
40.818382	-17.474005
40.828362	-17.478941
40.838342	-17.483877
40.848322	-17.488813
40.858302	-17.493749
40.868282	-17.498684
40.878262	-17.50362
40.888242	-17.508556
40.898222	-17.513492
40.908202	-17.518427
40.918182	-17.523363
40.928162	-17.528298
40.938142	-17.533234
40.948122	-17.538169
40.958102	-17.543105
40.968082	-17.54804
40.978062	-17.552976
40.988042	-17.557911
40.998022	-17.562846
41.008002	-17.567781
41.017982	-17.572717
41.027962	-17.577652
41.037942	-17.582587
41.047922	-17.587522
41.057902	-17.592457
41.067882	-17.597392
41.077862	-17.602327
41.087842	-17.607261
41.097822	-17.612196
41.107802	-17.617131
41.117782	-17.622066
41.127762	-17.627
41.137742	-17.631935
41.147722	-17.636869
41.157702	-17.641804
41.167682	-17.646738
41.177662	-17.651673
41.187642	-17.656607
41.197622	-17.661541
41.207602	-17.666476
41.217582	-17.67141
41.227562	-17.676344
41.237542	-17.681278
41.247522	-17.686212
41.257502	-17.691146
41.267482	-17.69608
41.277462	-17.701014
41.287442	-17.705948
41.297422	-17.710881
41.307402	-17.715815
41.317382	-17.720749
41.327362	-17.725682
41.337342	-17.730616
41.347322	-17.735549
41.357302	-17.740483
41.367282	-17.745416
41.377262	-17.750349
41.387242	-17.755283
41.397222	-17.760216
41.407202	-17.765149
41.417182	-17.770082
41.427162	-17.775015
41.437142	-17.779948
41.447122	-17.784881
41.457102	-17.789814
41.467082	-17.794747
41.477062	-17.79968
41.487042	-17.804612
41.497022	-17.809545
41.507002	-17.814477
41.516982	-17.81941
41.526962	-17.824342
41.536942	-17.829275
41.546922	-17.834207
41.556902	-17.839139
41.566882	-17.844072
41.576862	-17.849004
41.586842	-17.853936
41.596822	-17.858868
41.606802	-17.8638
41.616782	-17.868732
41.626762	-17.873664
41.636741	-17.878595
41.646721	-17.883527
41.656701	-17.888459
41.666681	-17.89339
41.676661	-17.898322
41.686641	-17.903253
41.696621	-17.908185
41.706601	-17.913116
41.716581	-17.918047
41.726561	-17.922978
41.736541	-17.927909
41.746521	-17.932841
41.756501	-17.937772
41.766481	-17.942702
41.776461	-17.947633
41.786441	-17.952564
41.796421	-17.957495
41.806401	-17.962425
41.816381	-17.967356
41.826361	-17.972287
41.836341	-17.977217
41.846321	-17.982147
41.856301	-17.987078
41.866281	-17.992008
41.876261	-17.996938
41.886241	-18.001868
41.896221	-18.006798
41.906201	-18.011728
41.916181	-18.016658
41.926161	-18.021588
41.936141	-18.026518
41.946121	-18.031447
41.956101	-18.036377
41.966081	-18.041306
41.976061	-18.046236
41.986041	-18.051165
41.996021	-18.056095
42.006001	-18.061024
42.015981	-18.065953
42.025961	-18.070882
42.035941	-18.075811
42.045921	-18.08074
42.055901	-18.085669
42.065881	-18.090598
42.075861	-18.095527
42.085841	-18.100455
42.095821	-18.105384
42.105801	-18.110312
42.115781	-18.115241
42.125761	-18.120169
42.135741	-18.125097
42.145721	-18.130025
42.155701	-18.134954
42.165681	-18.139882
42.175661	-18.14481
42.185641	-18.149737
42.195621	-18.154665
42.205601	-18.159593
42.215581	-18.164521
42.225561	-18.169448
42.235541	-18.174376
42.245521	-18.179303
42.255501	-18.18423
42.265481	-18.189158
42.275461	-18.194085
42.285441	-18.199012
42.295421	-18.203939
42.305401	-18.208866
42.315381	-18.213793
42.325361	-18.21872
42.335341	-18.223646
42.345321	-18.228573
42.355301	-18.233499
42.365281	-18.238426
42.375261	-18.243352
42.385241	-18.248278
42.395221	-18.253205
42.405201	-18.258131
42.415181	-18.263057
42.425161	-18.267983
42.435141	-18.272909
42.445121	-18.277834
42.455101	-18.28276
42.465081	-18.287686
42.475061	-18.292611
42.485041	-18.297537
42.495021	-18.302462
42.505001	-18.307387
42.514981	-18.312312
42.524961	-18.317237
42.534941	-18.322162
42.544921	-18.327087
42.554901	-18.332012
42.564881	-18.336937
42.574861	-18.341862
42.584841	-18.346786
42.594821	-18.351711
42.604801	-18.356635
42.614781	-18.361559
42.624761	-18.366484
42.634741	-18.371408
42.644721	-18.376332
42.654701	-18.381256
42.664681	-18.38618
42.674661	-18.391103
42.684641	-18.396027
42.694621	-18.400951
42.704601	-18.405874
42.714581	-18.410797
42.724561	-18.415721
42.734541	-18.420644
42.744521	-18.425567
42.754501	-18.43049
42.764481	-18.435413
42.774461	-18.440336
42.784441	-18.445259
42.794421	-18.450181
42.804401	-18.455104
42.814381	-18.460026
42.824361	-18.464949
42.834341	-18.469871
42.844321	-18.474793
42.854301	-18.479715
42.864281	-18.484637
42.874261	-18.489559
42.884241	-18.494481
42.894221	-18.499403
42.904201	-18.504324
42.914181	-18.509246
42.924161	-18.514167
42.934141	-18.519089
42.944121	-18.52401
42.954101	-18.528931
42.964081	-18.533852
42.974061	-18.538773
42.984041	-18.543694
42.994021	-18.548615
43.004001	-18.553535
43.013981	-18.558456
43.023961	-18.563376
43.033941	-18.568297
43.043921	-18.573217
43.053901	-18.578137
43.063881	-18.583057
43.073861	-18.587977
43.083841	-18.592897
43.093821	-18.597817
43.103801	-18.602736
43.113781	-18.607656
43.123761	-18.612575
43.133741	-18.617495
43.143721	-18.622414
43.153701	-18.627333
43.163681	-18.632252
43.173661	-18.637171
43.183641	-18.64209
43.193621	-18.647009
43.203601	-18.651927
43.213581	-18.656846
43.223561	-18.661764
43.233541	-18.666683
43.243521	-18.671601
43.253501	-18.676519
43.263481	-18.681437
43.273461	-18.686355
43.283441	-18.691273
43.293421	-18.69619
43.303401	-18.701108
43.313381	-18.706025
43.323361	-18.710943
43.333341	-18.71586
43.343321	-18.720777
43.353301	-18.725694
43.363281	-18.730611
43.373261	-18.735528
43.383241	-18.740445
43.393221	-18.745362
43.403201	-18.750278
43.413181	-18.755194
43.423161	-18.760111
43.433141	-18.765027
43.443121	-18.769943
43.453101	-18.774859
43.463081	-18.779775
43.473061	-18.784691
43.483041	-18.789606
43.493021	-18.794522
43.503001	-18.799437
43.512981	-18.804353
43.522961	-18.809268
43.532941	-18.814183
43.542921	-18.819098
43.552901	-18.824013
43.562881	-18.828928
43.572861	-18.833842
43.582841	-18.838757
43.592821	-18.843671
43.602801	-18.848586
43.612781	-18.8535
43.622761	-18.858414
43.632741	-18.863328
43.642721	-18.868242
43.652701	-18.873156
43.662681	-18.878069
43.672661	-18.882983
43.682641	-18.887896
43.692621	-18.892809
43.702601	-18.897723
43.712581	-18.902636
43.722561	-18.907549
43.732541	-18.912461
43.742521	-18.917374
43.752501	-18.922287
43.762481	-18.927199
43.772461	-18.932112
43.782441	-18.937024
43.792421	-18.941936
43.802401	-18.946848
43.812381	-18.95176
43.822361	-18.956672
43.832341	-18.961583
43.842321	-18.966495
43.852301	-18.971406
43.862281	-18.976318
43.872261	-18.981229
43.88224	-18.98614
43.89222	-18.991051
43.9022	-18.995962
43.91218	-19.000873
43.92216	-19.005783
43.93214	-19.010694
43.94212	-19.015604
43.9521	-19.020514
43.96208	-19.025424
43.97206	-19.030334
43.98204	-19.035244
43.99202	-19.040154
44.002	-19.045064
44.01198	-19.049973
44.02196	-19.054883
44.03194	-19.059792
44.04192	-19.064701
44.0519	-19.06961
44.06188	-19.074519
44.07186	-19.079428
44.08184	-19.084336
44.09182	-19.089245
44.1018	-19.094153
44.11178	-19.099062
44.12176	-19.10397
44.13174	-19.108878
44.14172	-19.113786
44.1517	-19.118694
44.16168	-19.123601
44.17166	-19.128509
44.18164	-19.133416
44.19162	-19.138323
44.2016	-19.143231
44.21158	-19.148138
44.22156	-19.153045
44.23154	-19.157951
44.24152	-19.162858
44.2515	-19.167765
44.26148	-19.172671
44.27146	-19.177577
44.28144	-19.182483
44.29142	-19.187389
44.3014	-19.192295
44.31138	-19.197201
44.32136	-19.202107
44.33134	-19.207012
44.34132	-19.211918
44.3513	-19.216823
44.36128	-19.221728
44.37126	-19.226633
44.38124	-19.231538
44.39122	-19.236443
44.4012	-19.241347
44.41118	-19.246252
44.42116	-19.251156
44.43114	-19.25606
44.44112	-19.260964
44.4511	-19.265868
44.46108	-19.270772
44.47106	-19.275676
44.48104	-19.280579
44.49102	-19.285483
44.501	-19.290386
44.51098	-19.295289
44.52096	-19.300192
44.53094	-19.305095
44.54092	-19.309998
44.5509	-19.3149
44.56088	-19.319803
44.57086	-19.324705
44.58084	-19.329607
44.59082	-19.334509
44.6008	-19.339411
44.61078	-19.344313
44.62076	-19.349215
44.63074	-19.354116
44.64072	-19.359018
44.6507	-19.363919
44.66068	-19.36882
44.67066	-19.373721
44.68064	-19.378622
44.69062	-19.383523
44.7006	-19.388423
44.71058	-19.393324
44.72056	-19.398224
44.73054	-19.403124
44.74052	-19.408024
44.7505	-19.412924
44.76048	-19.417824
44.77046	-19.422724
44.78044	-19.427623
44.79042	-19.432522
44.8004	-19.437422
44.81038	-19.442321
44.82036	-19.44722
44.83034	-19.452118
44.84032	-19.457017
44.8503	-19.461916
44.86028	-19.466814
44.87026	-19.471712
44.88024	-19.47661
44.89022	-19.481508
44.9002	-19.486406
44.91018	-19.491304
44.92016	-19.496201
44.93014	-19.501099
44.94012	-19.505996
44.9501	-19.510893
44.96008	-19.51579
44.97006	-19.520687
44.98004	-19.525583
44.99002	-19.53048
45	-19.535376
