Freq_GHz	Model_dBohm
0.1	28.714528
0.10998	28.714519
0.11995999	28.714509
0.12993999	28.714498
0.13991998	28.714487
0.14989998	28.714474
0.15987997	28.714461
0.16985997	28.714447
0.17983996	28.714432
0.18981996	28.714416
0.19979996	28.714399
0.20977995	28.714381
0.21975995	28.714363
0.22973994	28.714343
0.23971994	28.714323
0.24969993	28.714302
0.25967993	28.71428
0.26965992	28.714257
0.27963992	28.714234
0.28961992	28.714209
0.29959991	28.714184
0.30957991	28.714158
0.3195599	28.71413
0.3295399	28.714102
0.33951989	28.714074
0.34949989	28.714044
0.35947988	28.714013
0.36945988	28.713982
0.37943988	28.71395
0.38941987	28.713917
0.39939987	28.713883
0.40937986	28.713848
0.41935986	28.713812
0.42933985	28.713775
0.43931985	28.713738
0.44929984	28.7137
0.45927984	28.713661
0.46925984	28.713621
0.47923983	28.71358
0.48921983	28.713538
0.49919982	28.713495
0.50917982	28.713452
0.51915981	28.713407
0.52913981	28.713362
0.5391198	28.713316
0.5490998	28.713269
0.5590798	28.713222
0.56905979	28.713173
0.57903979	28.713123
0.58901978	28.713073
0.59899978	28.713022
0.60897977	28.71297
0.61895977	28.712917
0.62893976	28.712863
0.63891976	28.712808
0.64889976	28.712753
0.65887975	28.712697
0.66885975	28.712639
0.67883974	28.712581
0.68881974	28.712522
0.69879973	28.712462
0.70877973	28.712402
0.71875972	28.71234
0.72873972	28.712278
0.73871972	28.712215
0.74869971	28.71215
0.75867971	28.712085
0.7686597	28.71202
0.7786397	28.711953
0.78861969	28.711885
0.79859969	28.711817
0.80857968	28.711748
0.81855968	28.711677
0.82853968	28.711606
0.83851967	28.711535
0.84849967	28.711462
0.85847966	28.711388
0.86845966	28.711314
0.87843965	28.711238
0.88841965	28.711162
0.89839964	28.711085
0.90837964	28.711007
0.91835964	28.710928
0.92833963	28.710849
0.93831963	28.710768
0.94829962	28.710687
0.95827962	28.710605
0.96825961	28.710522
0.97823961	28.710438
0.9882196	28.710353
0.9981996	28.710267
1.0081796	28.710181
1.0181596	28.710093
1.0281396	28.710005
1.0381196	28.709916
1.0480996	28.709826
1.0580796	28.709735
1.0680596	28.709643
1.0780396	28.709551
1.0880196	28.709457
1.0979996	28.709363
1.1079796	28.709268
1.1179595	28.709172
1.1279395	28.709075
1.1379195	28.708977
1.1478995	28.708879
1.1578795	28.708779
1.1678595	28.708679
1.1778395	28.708578
1.1878195	28.708475
1.1977995	28.708372
1.2077795	28.708269
1.2177595	28.708164
1.2277395	28.708059
1.2377195	28.707952
1.2476995	28.707845
1.2576795	28.707737
1.2676595	28.707628
1.2776395	28.707518
1.2876195	28.707407
1.2975995	28.707296
1.3075795	28.707183
1.3175595	28.70707
1.3275395	28.706956
1.3375194	28.706841
1.3474994	28.706725
1.3574794	28.706608
1.3674594	28.70649
1.3774394	28.706372
1.3874194	28.706253
1.3973994	28.706132
1.4073794	28.706011
1.4173594	28.705889
1.4273394	28.705767
1.4373194	28.705643
1.4472994	28.705518
1.4572794	28.705393
1.4672594	28.705267
1.4772394	28.70514
1.4872194	28.705012
1.4971994	28.704883
1.5071794	28.704753
1.5171594	28.704622
1.5271394	28.704491
1.5371194	28.704359
1.5470994	28.704225
1.5570794	28.704091
1.5670593	28.703956
1.5770393	28.703821
1.5870193	28.703684
1.5969993	28.703546
1.6069793	28.703408
1.6169593	28.703269
1.6269393	28.703129
1.6369193	28.702988
1.6468993	28.702846
1.6568793	28.702703
1.6668593	28.702559
1.6768393	28.702415
1.6868193	28.70227
1.6967993	28.702123
1.7067793	28.701976
1.7167593	28.701828
1.7267393	28.70168
1.7367193	28.70153
1.7466993	28.701379
1.7566793	28.701228
1.7666593	28.701076
1.7766393	28.700923
1.7866192	28.700769
1.7965992	28.700614
1.8065792	28.700458
1.8165592	28.700301
1.8265392	28.700144
1.8365192	28.699986
1.8464992	28.699826
1.8564792	28.699666
1.8664592	28.699505
1.8764392	28.699344
1.8864192	28.699181
1.8963992	28.699017
1.9063792	28.698853
1.9163592	28.698688
1.9263392	28.698522
1.9363192	28.698355
1.9462992	28.698187
1.9562792	28.698018
1.9662592	28.697848
1.9762392	28.697678
1.9862192	28.697506
1.9961992	28.697334
2.0061792	28.697161
2.0161591	28.696987
2.0261391	28.696812
2.0361191	28.696637
2.0460991	28.69646
2.0560791	28.696282
2.0660591	28.696104
2.0760391	28.695925
2.0860191	28.695745
2.0959991	28.695564
2.1059791	28.695382
2.1159591	28.695199
2.1259391	28.695016
2.1359191	28.694831
2.1458991	28.694646
2.1558791	28.69446
2.1658591	28.694273
2.1758391	28.694085
2.1858191	28.693896
2.1957991	28.693707
2.2057791	28.693516
2.2157591	28.693325
2.2257391	28.693132
2.235719	28.692939
2.245699	28.692745
2.255679	28.69255
2.265659	28.692355
2.275639	28.692158
2.285619	28.691961
2.295599	28.691762
2.305579	28.691563
2.315559	28.691363
2.325539	28.691162
2.335519	28.69096
2.345499	28.690757
2.355479	28.690554
2.365459	28.690349
2.375439	28.690144
2.385419	28.689938
2.395399	28.689731
2.405379	28.689523
2.415359	28.689314
2.425339	28.689104
2.435319	28.688893
2.445299	28.688682
2.455279	28.68847
2.4652589	28.688256
2.4752389	28.688042
2.4852189	28.687827
2.4951989	28.687611
2.5051789	28.687395
2.5151589	28.687177
2.5251389	28.686959
2.5351189	28.686739
2.5450989	28.686519
2.5550789	28.686298
2.5650589	28.686076
2.5750389	28.685853
2.5850189	28.685629
2.5949989	28.685405
2.6049789	28.685179
2.6149589	28.684953
2.6249389	28.684726
2.6349189	28.684498
2.6448989	28.684269
2.6548789	28.684039
2.6648589	28.683808
2.6748389	28.683576
2.6848188	28.683344
2.6947988	28.683111
2.7047788	28.682876
2.7147588	28.682641
2.7247388	28.682405
2.7347188	28.682168
2.7446988	28.681931
2.7546788	28.681692
2.7646588	28.681452
2.7746388	28.681212
2.7846188	28.680971
2.7945988	28.680729
2.8045788	28.680486
2.8145588	28.680242
2.8245388	28.679997
2.8345188	28.679751
2.8444988	28.679505
2.8544788	28.679257
2.8644588	28.679009
2.8744388	28.67876
2.8844188	28.67851
2.8943988	28.678259
2.9043788	28.678007
2.9143587	28.677754
2.9243387	28.677501
2.9343187	28.677246
2.9442987	28.676991
2.9542787	28.676735
2.9642587	28.676478
2.9742387	28.67622
2.9842187	28.675961
2.9941987	28.675701
3.0041787	28.67544
3.0141587	28.675179
3.0241387	28.674917
3.0341187	28.674653
3.0440987	28.674389
3.0540787	28.674124
3.0640587	28.673858
3.0740387	28.673591
3.0840187	28.673324
3.0939987	28.673055
3.1039787	28.672786
3.1139587	28.672515
3.1239387	28.672244
3.1339186	28.671972
3.1438986	28.671699
3.1538786	28.671425
3.1638586	28.67115
3.1738386	28.670875
3.1838186	28.670598
3.1937986	28.670321
3.2037786	28.670043
3.2137586	28.669763
3.2237386	28.669483
3.2337186	28.669202
3.2436986	28.668921
3.2536786	28.668638
3.2636586	28.668354
3.2736386	28.66807
3.2836186	28.667784
3.2935986	28.667498
3.3035786	28.667211
3.3135586	28.666923
3.3235386	28.666634
3.3335186	28.666344
3.3434986	28.666054
3.3534786	28.665762
3.3634585	28.66547
3.3734385	28.665176
3.3834185	28.664882
3.3933985	28.664587
3.4033785	28.664291
3.4133585	28.663994
3.4233385	28.663696
3.4333185	28.663398
3.4432985	28.663098
3.4532785	28.662798
3.4632585	28.662496
3.4732385	28.662194
3.4832185	28.661891
3.4931985	28.661587
3.5031785	28.661282
3.5131585	28.660976
3.5231385	28.66067
3.5331185	28.660362
3.5430985	28.660054
3.5530785	28.659744
3.5630585	28.659434
3.5730385	28.659123
3.5830184	28.658811
3.5929984	28.658498
3.6029784	28.658184
3.6129584	28.65787
3.6229384	28.657554
3.6329184	28.657238
3.6428984	28.65692
3.6528784	28.656602
3.6628584	28.656283
3.6728384	28.655963
3.6828184	28.655642
3.6927984	28.65532
3.7027784	28.654997
3.7127584	28.654674
3.7227384	28.654349
3.7327184	28.654024
3.7426984	28.653698
3.7526784	28.653371
3.7626584	28.653043
3.7726384	28.652714
3.7826184	28.652384
3.7925984	28.652053
3.8025784	28.651721
3.8125583	28.651389
3.8225383	28.651055
3.8325183	28.650721
3.8424983	28.650386
3.8524783	28.65005
3.8624583	28.649713
3.8724383	28.649375
3.8824183	28.649036
3.8923983	28.648696
3.9023783	28.648356
3.9123583	28.648014
3.9223383	28.647672
3.9323183	28.647329
3.9422983	28.646985
3.9522783	28.646639
3.9622583	28.646293
3.9722383	28.645947
3.9822183	28.645599
3.9921983	28.64525
4.0021783	28.644901
4.0121583	28.64455
4.0221383	28.644199
4.0321182	28.643847
4.0420982	28.643493
4.0520782	28.643139
4.0620582	28.642785
4.0720382	28.642429
4.0820182	28.642072
4.0919982	28.641714
4.1019782	28.641356
4.1119582	28.640996
4.1219382	28.640636
4.1319182	28.640275
4.1418982	28.639913
4.1518782	28.63955
4.1618582	28.639186
4.1718382	28.638821
4.1818182	28.638455
4.1917982	28.638088
4.2017782	28.637721
4.2117582	28.637352
4.2217382	28.636983
4.2317182	28.636613
4.2416982	28.636242
4.2516782	28.63587
4.2616581	28.635497
4.2716381	28.635123
4.2816181	28.634748
4.2915981	28.634372
4.3015781	28.633996
4.3115581	28.633618
4.3215381	28.63324
4.3315181	28.632861
4.3414981	28.632481
4.3514781	28.632099
4.3614581	28.631717
4.3714381	28.631335
4.3814181	28.630951
4.3913981	28.630566
4.4013781	28.63018
4.4113581	28.629794
4.4213381	28.629406
4.4313181	28.629018
4.4412981	28.628629
4.4512781	28.628239
4.4612581	28.627848
4.4712381	28.627456
4.481218	28.627063
4.491198	28.626669
4.501178	28.626274
4.511158	28.625879
4.521138	28.625482
4.531118	28.625085
4.541098	28.624687
4.551078	28.624287
4.561058	28.623887
4.571038	28.623486
4.581018	28.623084
4.590998	28.622681
4.600978	28.622278
4.610958	28.621873
4.620938	28.621467
4.630918	28.621061
4.640898	28.620654
4.650878	28.620245
4.660858	28.619836
4.670838	28.619426
4.680818	28.619015
4.690798	28.618603
4.700778	28.61819
4.7107579	28.617776
4.7207379	28.617362
4.7307179	28.616946
4.7406979	28.616529
4.7506779	28.616112
4.7606579	28.615694
4.7706379	28.615274
4.7806179	28.614854
4.7905979	28.614433
4.8005779	28.614011
4.8105579	28.613588
4.8205379	28.613164
4.8305179	28.61274
4.8404979	28.612314
4.8504779	28.611888
4.8604579	28.61146
4.8704379	28.611032
4.8804179	28.610602
4.8903979	28.610172
4.9003779	28.609741
4.9103579	28.609309
4.9203379	28.608876
4.9303178	28.608442
4.9402978	28.608007
4.9502778	28.607571
4.9602578	28.607135
4.9702378	28.606697
4.9802178	28.606259
4.9901978	28.605819
5.0001778	28.605379
5.0101578	28.604938
5.0201378	28.604496
5.0301178	28.604053
5.0400978	28.603609
5.0500778	28.603164
5.0600578	28.602718
5.0700378	28.602271
5.0800178	28.601823
5.0899978	28.601375
5.0999778	28.600925
5.1099578	28.600475
5.1199378	28.600024
5.1299178	28.599571
5.1398978	28.599118
5.1498778	28.598664
5.1598577	28.598209
5.1698377	28.597753
5.1798177	28.597296
5.1897977	28.596838
5.1997777	28.59638
5.2097577	28.59592
5.2197377	28.595459
5.2297177	28.594998
5.2396977	28.594535
5.2496777	28.594072
5.2596577	28.593608
5.2696377	28.593143
5.2796177	28.592677
5.2895977	28.59221
5.2995777	28.591742
5.3095577	28.591273
5.3195377	28.590803
5.3295177	28.590332
5.3394977	28.58986
5.3494777	28.589388
5.3594577	28.588914
5.3694377	28.58844
5.3794176	28.587965
5.3893976	28.587488
5.3993776	28.587011
5.4093576	28.586533
5.4193376	28.586054
5.4293176	28.585574
5.4392976	28.585093
5.4492776	28.584611
5.4592576	28.584128
5.4692376	28.583644
5.4792176	28.58316
5.4891976	28.582674
5.4991776	28.582188
5.5091576	28.5817
5.5191376	28.581212
5.5291176	28.580723
5.5390976	28.580232
5.5490776	28.579741
5.5590576	28.579249
5.5690376	28.578756
5.5790176	28.578262
5.5889976	28.577767
5.5989776	28.577271
5.6089575	28.576775
5.6189375	28.576277
5.6289175	28.575778
5.6388975	28.575279
5.6488775	28.574778
5.6588575	28.574277
5.6688375	28.573774
5.6788175	28.573271
5.6887975	28.572767
5.6987775	28.572262
5.7087575	28.571756
5.7187375	28.571249
5.7287175	28.570741
5.7386975	28.570232
5.7486775	28.569722
5.7586575	28.569211
5.7686375	28.568699
5.7786175	28.568187
5.7885975	28.567673
5.7985775	28.567159
5.8085575	28.566643
5.8185375	28.566127
5.8285174	28.565609
5.8384974	28.565091
5.8484774	28.564572
5.8584574	28.564052
5.8684374	28.563531
5.8784174	28.563009
5.8883974	28.562486
5.8983774	28.561962
5.9083574	28.561437
5.9183374	28.560911
5.9283174	28.560384
5.9382974	28.559857
5.9482774	28.559328
5.9582574	28.558799
5.9682374	28.558268
5.9782174	28.557737
5.9881974	28.557204
5.9981774	28.556671
6.0081574	28.556137
6.0181374	28.555601
6.0281174	28.555065
6.0380974	28.554528
6.0480774	28.55399
6.0580573	28.553451
6.0680373	28.552911
6.0780173	28.55237
6.0879973	28.551829
6.0979773	28.551286
6.1079573	28.550742
6.1179373	28.550197
6.1279173	28.549652
6.1378973	28.549105
6.1478773	28.548558
6.1578573	28.548009
6.1678373	28.54746
6.1778173	28.54691
6.1877973	28.546358
6.1977773	28.545806
6.2077573	28.545253
6.2177373	28.544699
6.2277173	28.544144
6.2376973	28.543588
6.2476773	28.543031
6.2576573	28.542473
6.2676373	28.541914
6.2776172	28.541354
6.2875972	28.540793
6.2975772	28.540232
6.3075572	28.539669
6.3175372	28.539105
6.3275172	28.538541
6.3374972	28.537975
6.3474772	28.537409
6.3574572	28.536841
6.3674372	28.536273
6.3774172	28.535704
6.3873972	28.535133
6.3973772	28.534562
6.4073572	28.53399
6.4173372	28.533417
6.4273172	28.532843
6.4372972	28.532268
6.4472772	28.531692
6.4572572	28.531115
6.4672372	28.530537
6.4772172	28.529958
6.4871972	28.529378
6.4971772	28.528797
6.5071571	28.528215
6.5171371	28.527633
6.5271171	28.527049
6.5370971	28.526464
6.5470771	28.525879
6.5570571	28.525292
6.5670371	28.524705
6.5770171	28.524116
6.5869971	28.523527
6.5969771	28.522937
6.6069571	28.522345
6.6169371	28.521753
6.6269171	28.52116
6.6368971	28.520566
6.6468771	28.51997
6.6568571	28.519374
6.6668371	28.518777
6.6768171	28.518179
6.6867971	28.51758
6.6967771	28.51698
6.7067571	28.516379
6.7167371	28.515777
6.726717	28.515175
6.736697	28.514571
6.746677	28.513966
6.756657	28.51336
6.766637	28.512753
6.776617	28.512146
6.786597	28.511537
6.796577	28.510928
6.806557	28.510317
6.816537	28.509705
6.826517	28.509093
6.836497	28.50848
6.846477	28.507865
6.856457	28.50725
6.866437	28.506633
6.876417	28.506016
6.886397	28.505398
6.896377	28.504778
6.906357	28.504158
6.916337	28.503537
6.926317	28.502915
6.936297	28.502292
6.946277	28.501668
6.9562569	28.501043
6.9662369	28.500417
6.9762169	28.49979
6.9861969	28.499162
6.9961769	28.498533
7.0061569	28.497903
7.0161369	28.497272
7.0261169	28.49664
7.0360969	28.496007
7.0460769	28.495373
7.0560569	28.494739
7.0660369	28.494103
7.0760169	28.493466
7.0859969	28.492828
7.0959769	28.49219
7.1059569	28.49155
7.1159369	28.490909
7.1259169	28.490268
7.1358969	28.489625
7.1458769	28.488982
7.1558569	28.488337
7.1658369	28.487692
7.1758168	28.487045
7.1857968	28.486398
7.1957768	28.485749
7.2057568	28.4851
7.2157368	28.48445
7.2257168	28.483798
7.2356968	28.483146
7.2456768	28.482493
7.2556568	28.481838
7.2656368	28.481183
7.2756168	28.480527
7.2855968	28.47987
7.2955768	28.479212
7.3055568	28.478552
7.3155368	28.477892
7.3255168	28.477231
7.3354968	28.476569
7.3454768	28.475906
7.3554568	28.475242
7.3654368	28.474577
7.3754168	28.473911
7.3853968	28.473244
7.3953768	28.472576
7.4053567	28.471907
7.4153367	28.471237
7.4253167	28.470566
7.4352967	28.469894
7.4452767	28.469221
7.4552567	28.468547
7.4652367	28.467872
7.4752167	28.467196
7.4851967	28.466519
7.4951767	28.465842
7.5051567	28.465163
7.5151367	28.464483
7.5251167	28.463802
7.5350967	28.46312
7.5450767	28.462438
7.5550567	28.461754
7.5650367	28.461069
7.5750167	28.460383
7.5849967	28.459697
7.5949767	28.459009
7.6049567	28.45832
7.6149367	28.457631
7.6249166	28.45694
7.6348966	28.456248
7.6448766	28.455556
7.6548566	28.454862
7.6648366	28.454167
7.6748166	28.453472
7.6847966	28.452775
7.6947766	28.452077
7.7047566	28.451379
7.7147366	28.450679
7.7247166	28.449979
7.7346966	28.449277
7.7446766	28.448574
7.7546566	28.447871
7.7646366	28.447166
7.7746166	28.446461
7.7845966	28.445754
7.7945766	28.445047
7.8045566	28.444338
7.8145366	28.443629
7.8245166	28.442918
7.8344966	28.442207
7.8444766	28.441494
7.8544565	28.44078
7.8644365	28.440066
7.8744165	28.43935
7.8843965	28.438634
7.8943765	28.437916
7.9043565	28.437198
7.9143365	28.436478
7.9243165	28.435758
7.9342965	28.435036
7.9442765	28.434314
7.9542565	28.43359
7.9642365	28.432866
7.9742165	28.43214
7.9841965	28.431414
7.9941765	28.430686
8.0041565	28.429958
8.0141365	28.429228
8.0241165	28.428498
8.0340965	28.427766
8.0440765	28.427034
8.0540565	28.4263
8.0640365	28.425566
8.0740164	28.42483
8.0839964	28.424094
8.0939764	28.423356
8.1039564	28.422618
8.1139364	28.421878
8.1239164	28.421138
8.1338964	28.420396
8.1438764	28.419654
8.1538564	28.41891
8.1638364	28.418165
8.1738164	28.41742
8.1837964	28.416673
8.1937764	28.415926
8.2037564	28.415177
8.2137364	28.414427
8.2237164	28.413677
8.2336964	28.412925
8.2436764	28.412173
8.2536564	28.411419
8.2636364	28.410664
8.2736164	28.409909
8.2835964	28.409152
8.2935764	28.408394
8.3035563	28.407636
8.3135363	28.406876
8.3235163	28.406115
8.3334963	28.405353
8.3434763	28.404591
8.3534563	28.403827
8.3634363	28.403062
8.3734163	28.402296
8.3833963	28.40153
8.3933763	28.400762
8.4033563	28.399993
8.4133363	28.399223
8.4233163	28.398452
8.4332963	28.39768
8.4432763	28.396907
8.4532563	28.396134
8.4632363	28.395359
8.4732163	28.394583
8.4831963	28.393806
8.4931763	28.393028
8.5031563	28.392249
8.5131363	28.391469
8.5231162	28.390688
8.5330962	28.389906
8.5430762	28.389123
8.5530562	28.388339
8.5630362	28.387554
8.5730162	28.386767
8.5829962	28.38598
8.5929762	28.385192
8.6029562	28.384403
8.6129362	28.383613
8.6229162	28.382822
8.6328962	28.382029
8.6428762	28.381236
8.6528562	28.380442
8.6628362	28.379646
8.6728162	28.37885
8.6827962	28.378053
8.6927762	28.377254
8.7027562	28.376455
8.7127362	28.375654
8.7227162	28.374853
8.7326962	28.374051
8.7426762	28.373247
8.7526561	28.372443
8.7626361	28.371637
8.7726161	28.37083
8.7825961	28.370023
8.7925761	28.369214
8.8025561	28.368404
8.8125361	28.367594
8.8225161	28.366782
8.8324961	28.365969
8.8424761	28.365156
8.8524561	28.364341
8.8624361	28.363525
8.8724161	28.362708
8.8823961	28.36189
8.8923761	28.361071
8.9023561	28.360251
8.9123361	28.35943
8.9223161	28.358608
8.9322961	28.357785
8.9422761	28.356961
8.9522561	28.356136
8.9622361	28.35531
8.972216	28.354483
8.982196	28.353654
8.992176	28.352825
9.002156	28.351995
9.012136	28.351163
9.022116	28.350331
9.032096	28.349498
9.042076	28.348663
9.052056	28.347828
9.062036	28.346991
9.072016	28.346154
9.081996	28.345315
9.091976	28.344476
9.101956	28.343635
9.111936	28.342793
9.121916	28.341951
9.131896	28.341107
9.141876	28.340262
9.151856	28.339416
9.161836	28.338569
9.171816	28.337721
9.181796	28.336872
9.191776	28.336022
9.2017559	28.335171
9.2117359	28.334319
9.2217159	28.333466
9.2316959	28.332612
9.2416759	28.331757
9.2516559	28.3309
9.2616359	28.330043
9.2716159	28.329185
9.2815959	28.328325
9.2915759	28.327465
9.3015559	28.326603
9.3115359	28.325741
9.3215159	28.324877
9.3314959	28.324013
9.3414759	28.323147
9.3514559	28.32228
9.3614359	28.321413
9.3714159	28.320544
9.3813959	28.319674
9.3913759	28.318803
9.4013559	28.317931
9.4113359	28.317058
9.4213158	28.316184
9.4312958	28.315309
9.4412758	28.314433
9.4512558	28.313556
9.4612358	28.312677
9.4712158	28.311798
9.4811958	28.310918
9.4911758	28.310036
9.5011558	28.309154
9.5111358	28.30827
9.5211158	28.307386
9.5310958	28.3065
9.5410758	28.305614
9.5510558	28.304726
9.5610358	28.303837
9.5710158	28.302947
9.5809958	28.302056
9.5909758	28.301164
9.6009558	28.300272
9.6109358	28.299377
9.6209158	28.298482
9.6308958	28.297586
9.6408758	28.296689
9.6508557	28.295791
9.6608357	28.294891
9.6708157	28.293991
9.6807957	28.29309
9.6907757	28.292187
9.7007557	28.291284
9.7107357	28.290379
9.7207157	28.289473
9.7306957	28.288567
9.7406757	28.287659
9.7506557	28.28675
9.7606357	28.28584
9.7706157	28.284929
9.7805957	28.284017
9.7905757	28.283104
9.8005557	28.28219
9.8105357	28.281275
9.8205157	28.280358
9.8304957	28.279441
9.8404757	28.278523
9.8504557	28.277603
9.8604357	28.276683
9.8704156	28.275761
9.8803956	28.274838
9.8903756	28.273915
9.9003556	28.27299
9.9103356	28.272064
9.9203156	28.271137
9.9302956	28.270209
9.9402756	28.26928
9.9502556	28.26835
9.9602356	28.267419
9.9702156	28.266486
9.9801956	28.265553
9.9901756	28.264619
10.000156	28.263683
10.010136	28.262747
10.020116	28.261809
10.030096	28.26087
10.040076	28.259931
10.050056	28.25899
10.060036	28.258048
10.070016	28.257105
10.079996	28.256161
10.089976	28.255216
10.099956	28.25427
10.109936	28.253322
10.119916	28.252374
10.129896	28.251425
10.139876	28.250474
10.149856	28.249523
10.159836	28.24857
10.169816	28.247616
10.179796	28.246662
10.189776	28.245706
10.199756	28.244749
10.209735	28.243791
10.219715	28.242832
10.229695	28.241872
10.239675	28.24091
10.249655	28.239948
10.259635	28.238985
10.269615	28.23802
10.279595	28.237055
10.289575	28.236088
10.299555	28.23512
10.309535	28.234151
10.319515	28.233182
10.329495	28.232211
10.339475	28.231239
10.349455	28.230266
10.359435	28.229291
10.369415	28.228316
10.379395	28.22734
10.389375	28.226362
10.399355	28.225384
10.409335	28.224404
10.419315	28.223423
10.429295	28.222442
10.439275	28.221459
10.449255	28.220475
10.459235	28.21949
10.469215	28.218504
10.479195	28.217517
10.489175	28.216528
10.499155	28.215539
10.509135	28.214548
10.519115	28.213557
10.529095	28.212564
10.539075	28.211571
10.549055	28.210576
10.559035	28.20958
10.569015	28.208583
10.578995	28.207585
10.588975	28.206586
10.598955	28.205585
10.608935	28.204584
10.618915	28.203582
10.628895	28.202578
10.638875	28.201573
10.648855	28.200568
10.658835	28.199561
10.668815	28.198553
10.678795	28.197544
10.688775	28.196534
10.698755	28.195523
10.708735	28.19451
10.718715	28.193497
10.728695	28.192483
10.738675	28.191467
10.748655	28.19045
10.758635	28.189433
10.768615	28.188414
10.778595	28.187394
10.788575	28.186373
10.798555	28.185351
10.808535	28.184328
10.818515	28.183303
10.828495	28.182278
10.838475	28.181251
10.848455	28.180224
10.858435	28.179195
10.868415	28.178165
10.878395	28.177134
10.888375	28.176102
10.898355	28.175069
10.908335	28.174035
10.918315	28.172999
10.928295	28.171963
10.938275	28.170925
10.948255	28.169887
10.958235	28.168847
10.968215	28.167806
10.978195	28.166764
10.988175	28.165721
10.998155	28.164677
11.008135	28.163632
11.018115	28.162585
11.028095	28.161538
11.038075	28.160489
11.048055	28.15944
11.058035	28.158389
11.068015	28.157337
11.077995	28.156284
11.087975	28.15523
11.097955	28.154175
11.107935	28.153118
11.117915	28.152061
11.127895	28.151002
11.137875	28.149943
11.147855	28.148882
11.157835	28.14782
11.167815	28.146757
11.177795	28.145693
11.187775	28.144628
11.197755	28.143561
11.207735	28.142494
11.217715	28.141425
11.227695	28.140356
11.237675	28.139285
11.247655	28.138213
11.257635	28.13714
11.267615	28.136066
11.277595	28.134991
11.287575	28.133914
11.297555	28.132837
11.307535	28.131758
11.317515	28.130679
11.327495	28.129598
11.337475	28.128516
11.347455	28.127433
11.357435	28.126349
11.367415	28.125264
11.377395	28.124177
11.387375	28.12309
11.397355	28.122001
11.407335	28.120911
11.417315	28.11982
11.427295	28.118728
11.437275	28.117635
11.447255	28.116541
11.457235	28.115446
11.467215	28.114349
11.477195	28.113252
11.487175	28.112153
11.497155	28.111053
11.507135	28.109952
11.517115	28.10885
11.527095	28.107747
11.537075	28.106643
11.547055	28.105537
11.557035	28.104431
11.567015	28.103323
11.576995	28.102214
11.586975	28.101104
11.596955	28.099993
11.606935	28.098881
11.616915	28.097768
11.626895	28.096653
11.636875	28.095538
11.646855	28.094421
11.656835	28.093303
11.666815	28.092184
11.676795	28.091064
11.686775	28.089943
11.696755	28.08882
11.706735	28.087697
11.716715	28.086572
11.726695	28.085447
11.736675	28.08432
11.746655	28.083192
11.756635	28.082063
11.766615	28.080932
11.776595	28.079801
11.786575	28.078668
11.796555	28.077535
11.806535	28.0764
11.816515	28.075264
11.826495	28.074127
11.836475	28.072989
11.846455	28.071849
11.856435	28.070709
11.866415	28.069567
11.876395	28.068425
11.886375	28.067281
11.896355	28.066136
11.906335	28.06499
11.916315	28.063842
11.926295	28.062694
11.936275	28.061544
11.946255	28.060394
11.956235	28.059242
11.966215	28.058089
11.976195	28.056935
11.986175	28.05578
11.996155	28.054623
12.006135	28.053466
12.016115	28.052307
12.026095	28.051147
12.036075	28.049986
12.046055	28.048824
12.056035	28.047661
12.066015	28.046497
12.075995	28.045331
12.085975	28.044164
12.095955	28.042997
12.105935	28.041828
12.115915	28.040658
12.125895	28.039486
12.135875	28.038314
12.145855	28.03714
12.155835	28.035966
12.165815	28.03479
12.175795	28.033613
12.185775	28.032435
12.195755	28.031256
12.205735	28.030075
12.215715	28.028894
12.225695	28.027711
12.235675	28.026527
12.245655	28.025342
12.255635	28.024156
12.265615	28.022969
12.275595	28.02178
12.285575	28.020591
12.295555	28.0194
12.305535	28.018208
12.315515	28.017015
12.325495	28.015821
12.335475	28.014625
12.345455	28.013429
12.355435	28.012231
12.365415	28.011033
12.375395	28.009833
12.385375	28.008632
12.395355	28.007429
12.405335	28.006226
12.415315	28.005021
12.425295	28.003816
12.435275	28.002609
12.445255	28.001401
12.455234	28.000191
12.465214	27.998981
12.475194	27.99777
12.485174	27.996557
12.495154	27.995343
12.505134	27.994128
12.515114	27.992912
12.525094	27.991695
12.535074	27.990476
12.545054	27.989257
12.555034	27.988036
12.565014	27.986814
12.574994	27.985591
12.584974	27.984367
12.594954	27.983141
12.604934	27.981915
12.614914	27.980687
12.624894	27.979458
12.634874	27.978228
12.644854	27.976997
12.654834	27.975765
12.664814	27.974531
12.674794	27.973296
12.684774	27.97206
12.694754	27.970823
12.704734	27.969585
12.714714	27.968346
12.724694	27.967105
12.734674	27.965864
12.744654	27.964621
12.754634	27.963377
12.764614	27.962132
12.774594	27.960885
12.784574	27.959638
12.794554	27.958389
12.804534	27.957139
12.814514	27.955888
12.824494	27.954636
12.834474	27.953383
12.844454	27.952128
12.854434	27.950873
12.864414	27.949616
12.874394	27.948358
12.884374	27.947099
12.894354	27.945838
12.904334	27.944577
12.914314	27.943314
12.924294	27.94205
12.934274	27.940785
12.944254	27.939519
12.954234	27.938251
12.964214	27.936983
12.974194	27.935713
12.984174	27.934442
12.994154	27.93317
13.004134	27.931897
13.014114	27.930622
13.024094	27.929347
13.034074	27.92807
13.044054	27.926792
13.054034	27.925513
13.064014	27.924233
13.073994	27.922951
13.083974	27.921668
13.093954	27.920385
13.103934	27.9191
13.113914	27.917813
13.123894	27.916526
13.133874	27.915237
13.143854	27.913948
13.153834	27.912657
13.163814	27.911365
13.173794	27.910071
13.183774	27.908777
13.193754	27.907481
13.203734	27.906184
13.213714	27.904887
13.223694	27.903587
13.233674	27.902287
13.243654	27.900985
13.253634	27.899683
13.263614	27.898379
13.273594	27.897074
13.283574	27.895767
13.293554	27.89446
13.303534	27.893151
13.313514	27.891842
13.323494	27.890531
13.333474	27.889218
13.343454	27.887905
13.353434	27.88659
13.363414	27.885275
13.373394	27.883958
13.383374	27.88264
13.393354	27.88132
13.403334	27.88
13.413314	27.878678
13.423294	27.877355
13.433274	27.876031
13.443254	27.874706
13.453234	27.873379
13.463214	27.872052
13.473194	27.870723
13.483174	27.869393
13.493154	27.868062
13.503134	27.866729
13.513114	27.865396
13.523094	27.864061
13.533074	27.862725
13.543054	27.861388
13.553034	27.86005
13.563014	27.85871
13.572994	27.857369
13.582974	27.856028
13.592954	27.854684
13.602934	27.85334
13.612914	27.851995
13.622894	27.850648
13.632874	27.8493
13.642854	27.847951
13.652834	27.846601
13.662814	27.845249
13.672794	27.843897
13.682774	27.842543
13.692754	27.841188
13.702734	27.839831
13.712714	27.838474
13.722694	27.837115
13.732674	27.835755
13.742654	27.834394
13.752634	27.833032
13.762614	27.831669
13.772594	27.830304
13.782574	27.828938
13.792554	27.827571
13.802534	27.826203
13.812514	27.824833
13.822494	27.823463
13.832474	27.822091
13.842454	27.820718
13.852434	27.819344
13.862414	27.817968
13.872394	27.816592
13.882374	27.815214
13.892354	27.813835
13.902334	27.812454
13.912314	27.811073
13.922294	27.80969
13.932274	27.808306
13.942254	27.806921
13.952234	27.805535
13.962214	27.804148
13.972194	27.802759
13.982174	27.801369
13.992154	27.799978
14.002134	27.798586
14.012114	27.797192
14.022094	27.795797
14.032074	27.794401
14.042054	27.793004
14.052034	27.791606
14.062014	27.790206
14.071994	27.788806
14.081974	27.787404
14.091954	27.786001
14.101934	27.784596
14.111914	27.783191
14.121894	27.781784
14.131874	27.780376
14.141854	27.778967
14.151834	27.777556
14.161814	27.776144
14.171794	27.774732
14.181774	27.773318
14.191754	27.771902
14.201734	27.770486
14.211714	27.769068
14.221694	27.767649
14.231674	27.766229
14.241654	27.764808
14.251634	27.763385
14.261614	27.761961
14.271594	27.760536
14.281574	27.75911
14.291554	27.757683
14.301534	27.756254
14.311514	27.754824
14.321494	27.753393
14.331474	27.751961
14.341454	27.750528
14.351434	27.749093
14.361414	27.747657
14.371394	27.74622
14.381374	27.744781
14.391354	27.743342
14.401334	27.741901
14.411314	27.740459
14.421294	27.739016
14.431274	27.737571
14.441254	27.736126
14.451234	27.734679
14.461214	27.733231
14.471194	27.731782
14.481174	27.730331
14.491154	27.728879
14.501134	27.727426
14.511114	27.725972
14.521094	27.724517
14.531074	27.72306
14.541054	27.721602
14.551034	27.720143
14.561014	27.718683
14.570994	27.717221
14.580974	27.715758
14.590954	27.714294
14.600934	27.712829
14.610914	27.711363
14.620894	27.709895
14.630874	27.708426
14.640854	27.706956
14.650834	27.705485
14.660814	27.704012
14.670794	27.702539
14.680774	27.701064
14.690754	27.699587
14.700733	27.69811
14.710713	27.696631
14.720693	27.695151
14.730673	27.69367
14.740653	27.692188
14.750633	27.690704
14.760613	27.689219
14.770593	27.687733
14.780573	27.686246
14.790553	27.684758
14.800533	27.683268
14.810513	27.681777
14.820493	27.680285
14.830473	27.678791
14.840453	27.677297
14.850433	27.675801
14.860413	27.674304
14.870393	27.672805
14.880373	27.671306
14.890353	27.669805
14.900333	27.668303
14.910313	27.6668
14.920293	27.665295
14.930273	27.663789
14.940253	27.662282
14.950233	27.660774
14.960213	27.659265
14.970193	27.657754
14.980173	27.656242
14.990153	27.654729
15.000133	27.653215
15.010113	27.651699
15.020093	27.650182
15.030073	27.648664
15.040053	27.647145
15.050033	27.645624
15.060013	27.644102
15.069993	27.642579
15.079973	27.641055
15.089953	27.63953
15.099933	27.638003
15.109913	27.636475
15.119893	27.634946
15.129873	27.633415
15.139853	27.631884
15.149833	27.630351
15.159813	27.628817
15.169793	27.627281
15.179773	27.625745
15.189753	27.624207
15.199733	27.622668
15.209713	27.621127
15.219693	27.619586
15.229673	27.618043
15.239653	27.616499
15.249633	27.614953
15.259613	27.613407
15.269593	27.611859
15.279573	27.61031
15.289553	27.60876
15.299533	27.607208
15.309513	27.605655
15.319493	27.604101
15.329473	27.602546
15.339453	27.60099
15.349433	27.599432
15.359413	27.597873
15.369393	27.596313
15.379373	27.594751
15.389353	27.593188
15.399333	27.591624
15.409313	27.590059
15.419293	27.588493
15.429273	27.586925
15.439253	27.585356
15.449233	27.583786
15.459213	27.582214
15.469193	27.580642
15.479173	27.579068
15.489153	27.577493
15.499133	27.575916
15.509113	27.574339
15.519093	27.57276
15.529073	27.571179
15.539053	27.569598
15.549033	27.568015
15.559013	27.566431
15.568993	27.564846
15.578973	27.56326
15.588953	27.561672
15.598933	27.560083
15.608913	27.558493
15.618893	27.556902
15.628873	27.555309
15.638853	27.553715
15.648833	27.55212
15.658813	27.550524
15.668793	27.548926
15.678773	27.547327
15.688753	27.545727
15.698733	27.544125
15.708713	27.542523
15.718693	27.540919
15.728673	27.539314
15.738653	27.537707
15.748633	27.5361
15.758613	27.534491
15.768593	27.53288
15.778573	27.531269
15.788553	27.529656
15.798533	27.528042
15.808513	27.526427
15.818493	27.524811
15.828473	27.523193
15.838453	27.521574
15.848433	27.519954
15.858413	27.518332
15.868393	27.516709
15.878373	27.515085
15.888353	27.51346
15.898333	27.511834
15.908313	27.510206
15.918293	27.508577
15.928273	27.506947
15.938253	27.505315
15.948233	27.503682
15.958213	27.502048
15.968193	27.500413
15.978173	27.498776
15.988153	27.497139
15.998133	27.495499
16.008113	27.493859
16.018093	27.492217
16.028073	27.490575
16.038053	27.48893
16.048033	27.487285
16.058013	27.485638
16.067993	27.483991
16.077973	27.482341
16.087953	27.480691
16.097933	27.479039
16.107913	27.477386
16.117893	27.475732
16.127873	27.474077
16.137853	27.47242
16.147833	27.470762
16.157813	27.469103
16.167793	27.467442
16.177773	27.46578
16.187753	27.464117
16.197733	27.462453
16.207713	27.460787
16.217693	27.459121
16.227673	27.457453
16.237653	27.455783
16.247633	27.454113
16.257613	27.452441
16.267593	27.450767
16.277573	27.449093
16.287553	27.447417
16.297533	27.44574
16.307513	27.444062
16.317493	27.442383
16.327473	27.440702
16.337453	27.43902
16.347433	27.437337
16.357413	27.435652
16.367393	27.433966
16.377373	27.432279
16.387353	27.430591
16.397333	27.428901
16.407313	27.42721
16.417293	27.425518
16.427273	27.423825
16.437253	27.42213
16.447233	27.420434
16.457213	27.418737
16.467193	27.417039
16.477173	27.415339
16.487153	27.413638
16.497133	27.411936
16.507113	27.410232
16.517093	27.408527
16.527073	27.406821
16.537053	27.405114
16.547033	27.403405
16.557013	27.401695
16.566993	27.399984
16.576973	27.398272
16.586953	27.396558
16.596933	27.394843
16.606913	27.393127
16.616893	27.391409
16.626873	27.38969
16.636853	27.38797
16.646833	27.386249
16.656813	27.384526
16.666793	27.382802
16.676773	27.381077
16.686753	27.379351
16.696733	27.377623
16.706713	27.375894
16.716693	27.374164
16.726673	27.372432
16.736653	27.370699
16.746633	27.368965
16.756613	27.36723
16.766593	27.365493
16.776573	27.363756
16.786553	27.362016
16.796533	27.360276
16.806513	27.358534
16.816493	27.356791
16.826473	27.355047
16.836453	27.353301
16.846433	27.351555
16.856413	27.349806
16.866393	27.348057
16.876373	27.346306
16.886353	27.344555
16.896333	27.342801
16.906313	27.341047
16.916293	27.339291
16.926273	27.337534
16.936253	27.335776
16.946232	27.334016
16.956212	27.332255
16.966192	27.330493
16.976172	27.32873
16.986152	27.326965
16.996132	27.325199
17.006112	27.323432
17.016092	27.321663
17.026072	27.319894
17.036052	27.318123
17.046032	27.31635
17.056012	27.314577
17.065992	27.312802
17.075972	27.311026
17.085952	27.309248
17.095932	27.307469
17.105912	27.305689
17.115892	27.303908
17.125872	27.302125
17.135852	27.300342
17.145832	27.298556
17.155812	27.29677
17.165792	27.294982
17.175772	27.293193
17.185752	27.291403
17.195732	27.289611
17.205712	27.287819
17.215692	27.286025
17.225672	27.284229
17.235652	27.282432
17.245632	27.280634
17.255612	27.278835
17.265592	27.277035
17.275572	27.275233
17.285552	27.27343
17.295532	27.271626
17.305512	27.26982
17.315492	27.268013
17.325472	27.266205
17.335452	27.264395
17.345432	27.262584
17.355412	27.260772
17.365392	27.258959
17.375372	27.257144
17.385352	27.255329
17.395332	27.253511
17.405312	27.251693
17.415292	27.249873
17.425272	27.248052
17.435252	27.24623
17.445232	27.244406
17.455212	27.242581
17.465192	27.240755
17.475172	27.238928
17.485152	27.237099
17.495132	27.235269
17.505112	27.233438
17.515092	27.231605
17.525072	27.229771
17.535052	27.227936
17.545032	27.226099
17.555012	27.224262
17.564992	27.222423
17.574972	27.220582
17.584952	27.218741
17.594932	27.216898
17.604912	27.215054
17.614892	27.213208
17.624872	27.211361
17.634852	27.209513
17.644832	27.207664
17.654812	27.205814
17.664792	27.203962
17.674772	27.202108
17.684752	27.200254
17.694732	27.198398
17.704712	27.196541
17.714692	27.194683
17.724672	27.192823
17.734652	27.190962
17.744632	27.1891
17.754612	27.187237
17.764592	27.185372
17.774572	27.183506
17.784552	27.181639
17.794532	27.17977
17.804512	27.1779
17.814492	27.176029
17.824472	27.174156
17.834452	27.172283
17.844432	27.170407
17.854412	27.168531
17.864392	27.166653
17.874372	27.164775
17.884352	27.162894
17.894332	27.161013
17.904312	27.15913
17.914292	27.157246
17.924272	27.155361
17.934252	27.153474
17.944232	27.151586
17.954212	27.149697
17.964192	27.147806
17.974172	27.145914
17.984152	27.144021
17.994132	27.142127
18.004112	27.140231
18.014092	27.138334
18.024072	27.136436
18.034052	27.134536
18.044032	27.132635
18.054012	27.130733
18.063992	27.12883
18.073972	27.126925
18.083952	27.125019
18.093932	27.123112
18.103912	27.121203
18.113892	27.119293
18.123872	27.117382
18.133852	27.115469
18.143832	27.113556
18.153812	27.111641
18.163792	27.109724
18.173772	27.107807
18.183752	27.105888
18.193732	27.103967
18.203712	27.102046
18.213692	27.100123
18.223672	27.098199
18.233652	27.096274
18.243632	27.094347
18.253612	27.092419
18.263592	27.09049
18.273572	27.088559
18.283552	27.086627
18.293532	27.084694
18.303512	27.08276
18.313492	27.080824
18.323472	27.078887
18.333452	27.076948
18.343432	27.075009
18.353412	27.073068
18.363392	27.071126
18.373372	27.069182
18.383352	27.067237
18.393332	27.065291
18.403312	27.063344
18.413292	27.061395
18.423272	27.059445
18.433252	27.057494
18.443232	27.055542
18.453212	27.053588
18.463192	27.051633
18.473172	27.049676
18.483152	27.047718
18.493132	27.045759
18.503112	27.043799
18.513092	27.041837
18.523072	27.039875
18.533052	27.03791
18.543032	27.035945
18.553012	27.033978
18.562992	27.03201
18.572972	27.030041
18.582952	27.02807
18.592932	27.026098
18.602912	27.024125
18.612892	27.02215
18.622872	27.020174
18.632852	27.018197
18.642832	27.016219
18.652812	27.014239
18.662792	27.012258
18.672772	27.010276
18.682752	27.008292
18.692732	27.006307
18.702712	27.004321
18.712692	27.002333
18.722672	27.000345
18.732652	26.998355
18.742632	26.996363
18.752612	26.99437
18.762592	26.992377
18.772572	26.990381
18.782552	26.988385
18.792532	26.986387
18.802512	26.984388
18.812492	26.982387
18.822472	26.980385
18.832452	26.978382
18.842432	26.976378
18.852412	26.974372
18.862392	26.972366
18.872372	26.970357
18.882352	26.968348
18.892332	26.966337
18.902312	26.964325
18.912292	26.962311
18.922272	26.960297
18.932252	26.958281
18.942232	26.956264
18.952212	26.954245
18.962192	26.952225
18.972172	26.950204
18.982152	26.948181
18.992132	26.946158
19.002112	26.944133
19.012092	26.942106
19.022072	26.940079
19.032052	26.93805
19.042032	26.936019
19.052012	26.933988
19.061992	26.931955
19.071972	26.929921
19.081952	26.927885
19.091932	26.925849
19.101912	26.923811
19.111892	26.921771
19.121872	26.919731
19.131852	26.917689
19.141832	26.915646
19.151812	26.913601
19.161792	26.911555
19.171772	26.909508
19.181752	26.90746
19.191731	26.90541
19.201711	26.903359
19.211691	26.901307
19.221671	26.899253
19.231651	26.897198
19.241631	26.895142
19.251611	26.893085
19.261591	26.891026
19.271571	26.888966
19.281551	26.886905
19.291531	26.884842
19.301511	26.882778
19.311491	26.880713
19.321471	26.878646
19.331451	26.876579
19.341431	26.874509
19.351411	26.872439
19.361391	26.870367
19.371371	26.868294
19.381351	26.86622
19.391331	26.864144
19.401311	26.862068
19.411291	26.859989
19.421271	26.85791
19.431251	26.855829
19.441231	26.853747
19.451211	26.851664
19.461191	26.849579
19.471171	26.847493
19.481151	26.845406
19.491131	26.843317
19.501111	26.841227
19.511091	26.839136
19.521071	26.837044
19.531051	26.83495
19.541031	26.832855
19.551011	26.830759
19.560991	26.828661
19.570971	26.826562
19.580951	26.824462
19.590931	26.82236
19.600911	26.820258
19.610891	26.818153
19.620871	26.816048
19.630851	26.813941
19.640831	26.811833
19.650811	26.809724
19.660791	26.807614
19.670771	26.805502
19.680751	26.803389
19.690731	26.801274
19.700711	26.799158
19.710691	26.797041
19.720671	26.794923
19.730651	26.792803
19.740631	26.790682
19.750611	26.78856
19.760591	26.786437
19.770571	26.784312
19.780551	26.782186
19.790531	26.780058
19.800511	26.77793
19.810491	26.7758
19.820471	26.773668
19.830451	26.771536
19.840431	26.769402
19.850411	26.767267
19.860391	26.76513
19.870371	26.762992
19.880351	26.760853
19.890331	26.758713
19.900311	26.756571
19.910291	26.754428
19.920271	26.752284
19.930251	26.750139
19.940231	26.747992
19.950211	26.745844
19.960191	26.743694
19.970171	26.741544
19.980151	26.739392
19.990131	26.737238
20.000111	26.735084
20.010091	26.732928
20.020071	26.730771
20.030051	26.728612
20.040031	26.726453
20.050011	26.724291
20.059991	26.722129
20.069971	26.719965
20.079951	26.717801
20.089931	26.715634
20.099911	26.713467
20.109891	26.711298
20.119871	26.709128
20.129851	26.706957
20.139831	26.704784
20.149811	26.70261
20.159791	26.700435
20.169771	26.698258
20.179751	26.69608
20.189731	26.693901
20.199711	26.691721
20.209691	26.689539
20.219671	26.687356
20.229651	26.685172
20.239631	26.682986
20.249611	26.680799
20.259591	26.678611
20.269571	26.676421
20.279551	26.674231
20.289531	26.672039
20.299511	26.669845
20.309491	26.667651
20.319471	26.665455
20.329451	26.663258
20.339431	26.661059
20.349411	26.658859
20.359391	26.656658
20.369371	26.654456
20.379351	26.652252
20.389331	26.650047
20.399311	26.647841
20.409291	26.645633
20.419271	26.643424
20.429251	26.641214
20.439231	26.639003
20.449211	26.63679
20.459191	26.634576
20.469171	26.632361
20.479151	26.630144
20.489131	26.627927
20.499111	26.625707
20.509091	26.623487
20.519071	26.621265
20.529051	26.619042
20.539031	26.616818
20.549011	26.614592
20.558991	26.612365
20.568971	26.610137
20.578951	26.607908
20.588931	26.605677
20.598911	26.603445
20.608891	26.601212
20.618871	26.598977
20.628851	26.596741
20.638831	26.594504
20.648811	26.592266
20.658791	26.590026
20.668771	26.587785
20.678751	26.585542
20.688731	26.583299
20.698711	26.581054
20.708691	26.578808
20.718671	26.57656
20.728651	26.574311
20.738631	26.572061
20.748611	26.56981
20.758591	26.567557
20.768571	26.565303
20.778551	26.563048
20.788531	26.560792
20.798511	26.558534
20.808491	26.556275
20.818471	26.554015
20.828451	26.551753
20.838431	26.54949
20.848411	26.547226
20.858391	26.54496
20.868371	26.542694
20.878351	26.540426
20.888331	26.538156
20.898311	26.535886
20.908291	26.533614
20.918271	26.53134
20.928251	26.529066
20.938231	26.52679
20.948211	26.524513
20.958191	26.522235
20.968171	26.519955
20.978151	26.517674
20.988131	26.515392
20.998111	26.513109
21.008091	26.510824
21.018071	26.508538
21.028051	26.506251
21.038031	26.503962
21.048011	26.501672
21.057991	26.499381
21.067971	26.497089
21.077951	26.494795
21.087931	26.4925
21.097911	26.490204
21.107891	26.487906
21.117871	26.485607
21.127851	26.483307
21.137831	26.481006
21.147811	26.478703
21.157791	26.476399
21.167771	26.474094
21.177751	26.471787
21.187731	26.469479
21.197711	26.46717
21.207691	26.46486
21.217671	26.462548
21.227651	26.460235
21.237631	26.457921
21.247611	26.455606
21.257591	26.453289
21.267571	26.450971
21.277551	26.448652
21.287531	26.446331
21.297511	26.444009
21.307491	26.441686
21.317471	26.439362
21.327451	26.437036
21.337431	26.434709
21.347411	26.432381
21.357391	26.430051
21.367371	26.42772
21.377351	26.425388
21.387331	26.423055
21.397311	26.42072
21.407291	26.418384
21.417271	26.416047
21.427251	26.413709
21.43723	26.411369
21.44721	26.409028
21.45719	26.406686
21.46717	26.404342
21.47715	26.401997
21.48713	26.399651
21.49711	26.397304
21.50709	26.394955
21.51707	26.392605
21.52705	26.390254
21.53703	26.387901
21.54701	26.385547
21.55699	26.383192
21.56697	26.380836
21.57695	26.378479
21.58693	26.37612
21.59691	26.37376
21.60689	26.371398
21.61687	26.369035
21.62685	26.366671
21.63683	26.364306
21.64681	26.36194
21.65679	26.359572
21.66677	26.357203
21.67675	26.354833
21.68673	26.352461
21.69671	26.350088
21.70669	26.347714
21.71667	26.345339
21.72665	26.342962
21.73663	26.340584
21.74661	26.338205
21.75659	26.335824
21.76657	26.333443
21.77655	26.33106
21.78653	26.328675
21.79651	26.32629
21.80649	26.323903
21.81647	26.321515
21.82645	26.319126
21.83643	26.316735
21.84641	26.314343
21.85639	26.31195
21.86637	26.309556
21.87635	26.30716
21.88633	26.304763
21.89631	26.302365
21.90629	26.299965
21.91627	26.297564
21.92625	26.295162
21.93623	26.292759
21.94621	26.290355
21.95619	26.287949
21.96617	26.285542
21.97615	26.283133
21.98613	26.280724
21.99611	26.278313
22.00609	26.275901
22.01607	26.273487
22.02605	26.271073
22.03603	26.268657
22.04601	26.26624
22.05599	26.263821
22.06597	26.261401
22.07595	26.25898
22.08593	26.256558
22.09591	26.254135
22.10589	26.25171
22.11587	26.249284
22.12585	26.246857
22.13583	26.244428
22.14581	26.241998
22.15579	26.239567
22.16577	26.237135
22.17575	26.234701
22.18573	26.232266
22.19571	26.22983
22.20569	26.227393
22.21567	26.224954
22.22565	26.222514
22.23563	26.220073
22.24561	26.217631
22.25559	26.215187
22.26557	26.212742
22.27555	26.210296
22.28553	26.207849
22.29551	26.2054
22.30549	26.20295
22.31547	26.200499
22.32545	26.198046
22.33543	26.195593
22.34541	26.193138
22.35539	26.190682
22.36537	26.188224
22.37535	26.185765
22.38533	26.183305
22.39531	26.180844
22.40529	26.178382
22.41527	26.175918
22.42525	26.173453
22.43523	26.170987
22.44521	26.168519
22.45519	26.16605
22.46517	26.16358
22.47515	26.161109
22.48513	26.158636
22.49511	26.156163
22.50509	26.153688
22.51507	26.151211
22.52505	26.148734
22.53503	26.146255
22.54501	26.143775
22.55499	26.141294
22.56497	26.138811
22.57495	26.136328
22.58493	26.133843
22.59491	26.131356
22.60489	26.128869
22.61487	26.12638
22.62485	26.12389
22.63483	26.121399
22.64481	26.118906
22.65479	26.116412
22.66477	26.113917
22.67475	26.111421
22.68473	26.108924
22.69471	26.106425
22.70469	26.103925
22.71467	26.101424
22.72465	26.098921
22.73463	26.096417
22.74461	26.093912
22.75459	26.091406
22.76457	26.088899
22.77455	26.08639
22.78453	26.08388
22.79451	26.081369
22.80449	26.078857
22.81447	26.076343
22.82445	26.073828
22.83443	26.071312
22.84441	26.068794
22.85439	26.066276
22.86437	26.063756
22.87435	26.061235
22.88433	26.058712
22.89431	26.056189
22.90429	26.053664
22.91427	26.051138
22.92425	26.04861
22.93423	26.046082
22.94421	26.043552
22.95419	26.041021
22.96417	26.038489
22.97415	26.035955
22.98413	26.033421
22.99411	26.030885
23.00409	26.028347
23.01407	26.025809
23.02405	26.023269
23.03403	26.020728
23.04401	26.018186
23.05399	26.015643
23.06397	26.013098
23.07395	26.010552
23.08393	26.008005
23.09391	26.005457
23.10389	26.002907
23.11387	26.000356
23.12385	25.997804
23.13383	25.995251
23.14381	25.992696
23.15379	25.990141
23.16377	25.987584
23.17375	25.985026
23.18373	25.982466
23.19371	25.979905
23.20369	25.977344
23.21367	25.97478
23.22365	25.972216
23.23363	25.96965
23.24361	25.967084
23.25359	25.964516
23.26357	25.961946
23.27355	25.959376
23.28353	25.956804
23.29351	25.954231
23.30349	25.951657
23.31347	25.949082
23.32345	25.946505
23.33343	25.943927
23.34341	25.941348
23.35339	25.938768
23.36337	25.936186
23.37335	25.933603
23.38333	25.931019
23.39331	25.928434
23.40329	25.925848
23.41327	25.92326
23.42325	25.920671
23.43323	25.918081
23.44321	25.91549
23.45319	25.912897
23.46317	25.910303
23.47315	25.907708
23.48313	25.905112
23.49311	25.902515
23.50309	25.899916
23.51307	25.897316
23.52305	25.894715
23.53303	25.892113
23.54301	25.889509
23.55299	25.886905
23.56297	25.884299
23.57295	25.881692
23.58293	25.879083
23.59291	25.876473
23.60289	25.873863
23.61287	25.871251
23.62285	25.868637
23.63283	25.866023
23.64281	25.863407
23.65279	25.86079
23.66277	25.858172
23.672749	25.855553
23.682729	25.852932
23.692709	25.85031
23.702689	25.847687
23.712669	25.845063
23.722649	25.842438
23.732629	25.839811
23.742609	25.837183
23.752589	25.834554
23.762569	25.831924
23.772549	25.829293
23.782529	25.82666
23.792509	25.824026
23.802489	25.821391
23.812469	25.818755
23.822449	25.816117
23.832429	25.813479
23.842409	25.810839
23.852389	25.808197
23.862369	25.805555
23.872349	25.802912
23.882329	25.800267
23.892309	25.797621
23.902289	25.794974
23.912269	25.792325
23.922249	25.789676
23.932229	25.787025
23.942209	25.784373
23.952189	25.78172
23.962169	25.779065
23.972149	25.77641
23.982129	25.773753
23.992109	25.771095
24.002089	25.768436
24.012069	25.765776
24.022049	25.763114
24.032029	25.760451
24.042009	25.757787
24.051989	25.755122
24.061969	25.752456
24.071949	25.749788
24.081929	25.747119
24.091909	25.744449
24.101889	25.741778
24.111869	25.739106
24.121849	25.736432
24.131829	25.733757
24.141809	25.731081
24.151789	25.728404
24.161769	25.725726
24.171749	25.723046
24.181729	25.720365
24.191709	25.717683
24.201689	25.715
24.211669	25.712316
24.221649	25.70963
24.231629	25.706944
24.241609	25.704256
24.251589	25.701567
24.261569	25.698876
24.271549	25.696185
24.281529	25.693492
24.291509	25.690798
24.301489	25.688103
24.311469	25.685407
24.321449	25.68271
24.331429	25.680011
24.341409	25.677311
24.351389	25.67461
24.361369	25.671908
24.371349	25.669205
24.381329	25.6665
24.391309	25.663794
24.401289	25.661087
24.411269	25.658379
24.421249	25.65567
24.431229	25.65296
24.441209	25.650248
24.451189	25.647535
24.461169	25.644821
24.471149	25.642106
24.481129	25.639389
24.491109	25.636672
24.501089	25.633953
24.511069	25.631233
24.521049	25.628512
24.531029	25.62579
24.541009	25.623066
24.550989	25.620342
24.560969	25.617616
24.570949	25.614889
24.580929	25.61216
24.590909	25.609431
24.600889	25.606701
24.610869	25.603969
24.620849	25.601236
24.630829	25.598502
24.640809	25.595767
24.650789	25.59303
24.660769	25.590293
24.670749	25.587554
24.680729	25.584814
24.690709	25.582073
24.700689	25.57933
24.710669	25.576587
24.720649	25.573842
24.730629	25.571097
24.740609	25.56835
24.750589	25.565601
24.760569	25.562852
24.770549	25.560102
24.780529	25.55735
24.790509	25.554597
24.800489	25.551843
24.810469	25.549088
24.820449	25.546332
24.830429	25.543574
24.840409	25.540816
24.850389	25.538056
24.860369	25.535295
24.870349	25.532533
24.880329	25.529769
24.890309	25.527005
24.900289	25.524239
24.910269	25.521472
24.920249	25.518704
24.930229	25.515935
24.940209	25.513165
24.950189	25.510393
24.960169	25.507621
24.970149	25.504847
24.980129	25.502072
24.990109	25.499296
25.000089	25.496519
25.010069	25.49374
25.020049	25.490961
25.030029	25.48818
25.040009	25.485398
25.049989	25.482615
25.059969	25.479831
25.069949	25.477046
25.079929	25.474259
25.089909	25.471471
25.099889	25.468683
25.109869	25.465893
25.119849	25.463101
25.129829	25.460309
25.139809	25.457516
25.149789	25.454721
25.159769	25.451925
25.169749	25.449129
25.179729	25.446331
25.189709	25.443531
25.199689	25.440731
25.209669	25.43793
25.219649	25.435127
25.229629	25.432323
25.239609	25.429518
25.249589	25.426712
25.259569	25.423905
25.269549	25.421097
25.279529	25.418287
25.289509	25.415476
25.299489	25.412665
25.309469	25.409852
25.319449	25.407038
25.329429	25.404222
25.339409	25.401406
25.349389	25.398588
25.359369	25.39577
25.369349	25.39295
25.379329	25.390129
25.389309	25.387307
25.399289	25.384484
25.409269	25.381659
25.419249	25.378834
25.429229	25.376007
25.439209	25.373179
25.449189	25.370351
25.459169	25.36752
25.469149	25.364689
25.479129	25.361857
25.489109	25.359023
25.499089	25.356189
25.509069	25.353353
25.519049	25.350516
25.529029	25.347678
25.539009	25.344839
25.548989	25.341999
25.558969	25.339158
25.568949	25.336315
25.578929	25.333471
25.588909	25.330627
25.598889	25.327781
25.608869	25.324934
25.618849	25.322085
25.628829	25.319236
25.638809	25.316386
25.648789	25.313534
25.658769	25.310681
25.668749	25.307828
25.678729	25.304973
25.688709	25.302117
25.698689	25.29926
25.708669	25.296401
25.718649	25.293542
25.728629	25.290681
25.738609	25.28782
25.748589	25.284957
25.758569	25.282093
25.768549	25.279228
25.778529	25.276362
25.788509	25.273494
25.798489	25.270626
25.808469	25.267756
25.818449	25.264886
25.828429	25.262014
25.838409	25.259141
25.848389	25.256267
25.858369	25.253392
25.868349	25.250516
25.878329	25.247638
25.888309	25.24476
25.898289	25.24188
25.908269	25.239
25.918248	25.236118
25.928228	25.233235
25.938208	25.230351
25.948188	25.227466
25.958168	25.22458
25.968148	25.221692
25.978128	25.218804
25.988108	25.215914
25.998088	25.213024
26.008068	25.210132
26.018048	25.207239
26.028028	25.204345
26.038008	25.20145
26.047988	25.198553
26.057968	25.195656
26.067948	25.192758
26.077928	25.189858
26.087908	25.186958
26.097888	25.184056
26.107868	25.181153
26.117848	25.178249
26.127828	25.175344
26.137808	25.172438
26.147788	25.16953
26.157768	25.166622
26.167748	25.163713
26.177728	25.160802
26.187708	25.15789
26.197688	25.154978
26.207668	25.152064
26.217648	25.149149
26.227628	25.146233
26.237608	25.143316
26.247588	25.140397
26.257568	25.137478
26.267548	25.134558
26.277528	25.131636
26.287508	25.128713
26.297488	25.12579
26.307468	25.122865
26.317448	25.119939
26.327428	25.117012
26.337408	25.114084
26.347388	25.111155
26.357368	25.108225
26.367348	25.105293
26.377328	25.102361
26.387308	25.099427
26.397288	25.096493
26.407268	25.093557
26.417248	25.09062
26.427228	25.087682
26.437208	25.084743
26.447188	25.081803
26.457168	25.078862
26.467148	25.07592
26.477128	25.072977
26.487108	25.070032
26.497088	25.067087
26.507068	25.06414
26.517048	25.061193
26.527028	25.058244
26.537008	25.055294
26.546988	25.052343
26.556968	25.049391
26.566948	25.046438
26.576928	25.043484
26.586908	25.040529
26.596888	25.037573
26.606868	25.034615
26.616848	25.031657
26.626828	25.028698
26.636808	25.025737
26.646788	25.022775
26.656768	25.019813
26.666748	25.016849
26.676728	25.013884
26.686708	25.010918
26.696688	25.007951
26.706668	25.004983
26.716648	25.002014
26.726628	24.999044
26.736608	24.996073
26.746588	24.9931
26.756568	24.990127
26.766548	24.987152
26.776528	24.984177
26.786508	24.9812
26.796488	24.978223
26.806468	24.975244
26.816448	24.972264
26.826428	24.969283
26.836408	24.966301
26.846388	24.963318
26.856368	24.960334
26.866348	24.957349
26.876328	24.954363
26.886308	24.951376
26.896288	24.948388
26.906268	24.945398
26.916248	24.942408
26.926228	24.939416
26.936208	24.936424
26.946188	24.93343
26.956168	24.930436
26.966148	24.92744
26.976128	24.924443
26.986108	24.921445
26.996088	24.918447
27.006068	24.915447
27.016048	24.912446
27.026028	24.909444
27.036008	24.906441
27.045988	24.903437
27.055968	24.900431
27.065948	24.897425
27.075928	24.894418
27.085908	24.89141
27.095888	24.8884
27.105868	24.88539
27.115848	24.882379
27.125828	24.879366
27.135808	24.876353
27.145788	24.873338
27.155768	24.870322
27.165748	24.867306
27.175728	24.864288
27.185708	24.861269
27.195688	24.858249
27.205668	24.855229
27.215648	24.852207
27.225628	24.849184
27.235608	24.84616
27.245588	24.843135
27.255568	24.840109
27.265548	24.837082
27.275528	24.834054
27.285508	24.831025
27.295488	24.827994
27.305468	24.824963
27.315448	24.821931
27.325428	24.818898
27.335408	24.815863
27.345388	24.812828
27.355368	24.809792
27.365348	24.806754
27.375328	24.803716
27.385308	24.800676
27.395288	24.797636
27.405268	24.794594
27.415248	24.791552
27.425228	24.788508
27.435208	24.785464
27.445188	24.782418
27.455168	24.779371
27.465148	24.776324
27.475128	24.773275
27.485108	24.770225
27.495088	24.767174
27.505068	24.764123
27.515048	24.76107
27.525028	24.758016
27.535008	24.754961
27.544988	24.751905
27.554968	24.748848
27.564948	24.74579
27.574928	24.742732
27.584908	24.739672
27.594888	24.736611
27.604868	24.733549
27.614848	24.730486
27.624828	24.727422
27.634808	24.724357
27.644788	24.721291
27.654768	24.718224
27.664748	24.715155
27.674728	24.712086
27.684708	24.709016
27.694688	24.705945
27.704668	24.702873
27.714648	24.6998
27.724628	24.696726
27.734608	24.693651
27.744588	24.690575
27.754568	24.687497
27.764548	24.684419
27.774528	24.68134
27.784508	24.67826
27.794488	24.675179
27.804468	24.672097
27.814448	24.669013
27.824428	24.665929
27.834408	24.662844
27.844388	24.659758
27.854368	24.656671
27.864348	24.653582
27.874328	24.650493
27.884308	24.647403
27.894288	24.644312
27.904268	24.64122
27.914248	24.638126
27.924228	24.635032
27.934208	24.631937
27.944188	24.628841
27.954168	24.625744
27.964148	24.622645
27.974128	24.619546
27.984108	24.616446
27.994088	24.613345
28.004068	24.610243
28.014048	24.60714
28.024028	24.604036
28.034008	24.60093
28.043988	24.597824
28.053968	24.594717
28.063948	24.591609
28.073928	24.5885
28.083908	24.58539
28.093888	24.582279
28.103868	24.579167
28.113848	24.576054
28.123828	24.57294
28.133808	24.569825
28.143788	24.566709
28.153768	24.563592
28.163747	24.560474
28.173727	24.557355
28.183707	24.554235
28.193687	24.551114
28.203667	24.547993
28.213647	24.54487
28.223627	24.541746
28.233607	24.538621
28.243587	24.535495
28.253567	24.532369
28.263547	24.529241
28.273527	24.526112
28.283507	24.522983
28.293487	24.519852
28.303467	24.51672
28.313447	24.513588
28.323427	24.510454
28.333407	24.50732
28.343387	24.504184
28.353367	24.501048
28.363347	24.49791
28.373327	24.494772
28.383307	24.491632
28.393287	24.488492
28.403267	24.485351
28.413247	24.482209
28.423227	24.479065
28.433207	24.475921
28.443187	24.472776
28.453167	24.46963
28.463147	24.466483
28.473127	24.463335
28.483107	24.460186
28.493087	24.457036
28.503067	24.453885
28.513047	24.450733
28.523027	24.44758
28.533007	24.444426
28.542987	24.441272
28.552967	24.438116
28.562947	24.434959
28.572927	24.431801
28.582907	24.428643
28.592887	24.425483
28.602867	24.422323
28.612847	24.419161
28.622827	24.415999
28.632807	24.412836
28.642787	24.409671
28.652767	24.406506
28.662747	24.40334
28.672727	24.400173
28.682707	24.397005
28.692687	24.393836
28.702667	24.390666
28.712647	24.387495
28.722627	24.384323
28.732607	24.38115
28.742587	24.377976
28.752567	24.374801
28.762547	24.371626
28.772527	24.368449
28.782507	24.365272
28.792487	24.362093
28.802467	24.358914
28.812447	24.355733
28.822427	24.352552
28.832407	24.34937
28.842387	24.346187
28.852367	24.343003
28.862347	24.339818
28.872327	24.336632
28.882307	24.333445
28.892287	24.330257
28.902267	24.327068
28.912247	24.323878
28.922227	24.320688
28.932207	24.317496
28.942187	24.314303
28.952167	24.31111
28.962147	24.307916
28.972127	24.30472
28.982107	24.301524
28.992087	24.298327
29.002067	24.295129
29.012047	24.29193
29.022027	24.28873
29.032007	24.285529
29.041987	24.282327
29.051967	24.279125
29.061947	24.275921
29.071927	24.272716
29.081907	24.269511
29.091887	24.266304
29.101867	24.263097
29.111847	24.259889
29.121827	24.25668
29.131807	24.25347
29.141787	24.250259
29.151767	24.247047
29.161747	24.243834
29.171727	24.24062
29.181707	24.237406
29.191687	24.23419
29.201667	24.230973
29.211647	24.227756
29.221627	24.224538
29.231607	24.221319
29.241587	24.218098
29.251567	24.214877
29.261547	24.211655
29.271527	24.208433
29.281507	24.205209
29.291487	24.201984
29.301467	24.198759
29.311447	24.195532
29.321427	24.192305
29.331407	24.189076
29.341387	24.185847
29.351367	24.182617
29.361347	24.179386
29.371327	24.176154
29.381307	24.172921
29.391287	24.169688
29.401267	24.166453
29.411247	24.163217
29.421227	24.159981
29.431207	24.156744
29.441187	24.153505
29.451167	24.150266
29.461147	24.147026
29.471127	24.143785
29.481107	24.140544
29.491087	24.137301
29.501067	24.134057
29.511047	24.130813
29.521027	24.127568
29.531007	24.124321
29.540987	24.121074
29.550967	24.117826
29.560947	24.114577
29.570927	24.111327
29.580907	24.108077
29.590887	24.104825
29.600867	24.101573
29.610847	24.098319
29.620827	24.095065
29.630807	24.09181
29.640787	24.088554
29.650767	24.085297
29.660747	24.082039
29.670727	24.078781
29.680707	24.075521
29.690687	24.072261
29.700667	24.068999
29.710647	24.065737
29.720627	24.062474
29.730607	24.05921
29.740587	24.055945
29.750567	24.05268
29.760547	24.049413
29.770527	24.046146
29.780507	24.042877
29.790487	24.039608
29.800467	24.036338
29.810447	24.033067
29.820427	24.029795
29.830407	24.026523
29.840387	24.023249
29.850367	24.019975
29.860347	24.0167
29.870327	24.013423
29.880307	24.010146
29.890287	24.006869
29.900267	24.00359
29.910247	24.00031
29.920227	23.99703
29.930207	23.993748
29.940187	23.990466
29.950167	23.987183
29.960147	23.983899
29.970127	23.980614
29.980107	23.977329
29.990087	23.974042
30.000067	23.970755
30.010047	23.967467
30.020027	23.964178
30.030007	23.960888
30.039987	23.957597
30.049967	23.954305
30.059947	23.951013
30.069927	23.947719
30.079907	23.944425
30.089887	23.94113
30.099867	23.937834
30.109847	23.934537
30.119827	23.93124
30.129807	23.927941
30.139787	23.924642
30.149767	23.921342
30.159747	23.918041
30.169727	23.914739
30.179707	23.911436
30.189687	23.908133
30.199667	23.904828
30.209647	23.901523
30.219627	23.898217
30.229607	23.89491
30.239587	23.891602
30.249567	23.888294
30.259547	23.884984
30.269527	23.881674
30.279507	23.878363
30.289487	23.875051
30.299467	23.871738
30.309447	23.868424
30.319427	23.86511
30.329407	23.861795
30.339387	23.858479
30.349367	23.855162
30.359347	23.851844
30.369327	23.848525
30.379307	23.845206
30.389287	23.841885
30.399267	23.838564
30.409246	23.835242
30.419226	23.831919
30.429206	23.828596
30.439186	23.825271
30.449166	23.821946
30.459146	23.81862
30.469126	23.815293
30.479106	23.811965
30.489086	23.808637
30.499066	23.805307
30.509046	23.801977
30.519026	23.798646
30.529006	23.795314
30.538986	23.791981
30.548966	23.788648
30.558946	23.785313
30.568926	23.781978
30.578906	23.778642
30.588886	23.775306
30.598866	23.771968
30.608846	23.76863
30.618826	23.76529
30.628806	23.76195
30.638786	23.758609
30.648766	23.755268
30.658746	23.751925
30.668726	23.748582
30.678706	23.745238
30.688686	23.741893
30.698666	23.738547
30.708646	23.7352
30.718626	23.731853
30.728606	23.728505
30.738586	23.725156
30.748566	23.721806
30.758546	23.718456
30.768526	23.715104
30.778506	23.711752
30.788486	23.708399
30.798466	23.705045
30.808446	23.701691
30.818426	23.698335
30.828406	23.694979
30.838386	23.691622
30.848366	23.688264
30.858346	23.684906
30.868326	23.681546
30.878306	23.678186
30.888286	23.674825
30.898266	23.671463
30.908246	23.668101
30.918226	23.664737
30.928206	23.661373
30.938186	23.658008
30.948166	23.654642
30.958146	23.651276
30.968126	23.647908
30.978106	23.64454
30.988086	23.641171
30.998066	23.637802
31.008046	23.634431
31.018026	23.63106
31.028006	23.627688
31.037986	23.624315
31.047966	23.620941
31.057946	23.617567
31.067926	23.614192
31.077906	23.610816
31.087886	23.607439
31.097866	23.604061
31.107846	23.600683
31.117826	23.597304
31.127806	23.593924
31.137786	23.590543
31.147766	23.587162
31.157746	23.58378
31.167726	23.580397
31.177706	23.577013
31.187686	23.573628
31.197666	23.570243
31.207646	23.566857
31.217626	23.56347
31.227606	23.560082
31.237586	23.556694
31.247566	23.553305
31.257546	23.549915
31.267526	23.546524
31.277506	23.543133
31.287486	23.53974
31.297466	23.536347
31.307446	23.532954
31.317426	23.529559
31.327406	23.526164
31.337386	23.522768
31.347366	23.519371
31.357346	23.515973
31.367326	23.512575
31.377306	23.509176
31.387286	23.505776
31.397266	23.502375
31.407246	23.498974
31.417226	23.495571
31.427206	23.492168
31.437186	23.488765
31.447166	23.48536
31.457146	23.481955
31.467126	23.478549
31.477106	23.475142
31.487086	23.471735
31.497066	23.468327
31.507046	23.464918
31.517026	23.461508
31.527006	23.458098
31.536986	23.454686
31.546966	23.451274
31.556946	23.447862
31.566926	23.444448
31.576906	23.441034
31.586886	23.437619
31.596866	23.434203
31.606846	23.430787
31.616826	23.42737
31.626806	23.423952
31.636786	23.420533
31.646766	23.417113
31.656746	23.413693
31.666726	23.410272
31.676706	23.406851
31.686686	23.403428
31.696666	23.400005
31.706646	23.396581
31.716626	23.393157
31.726606	23.389731
31.736586	23.386305
31.746566	23.382878
31.756546	23.379451
31.766526	23.376023
31.776506	23.372594
31.786486	23.369164
31.796466	23.365733
31.806446	23.362302
31.816426	23.35887
31.826406	23.355438
31.836386	23.352004
31.846366	23.34857
31.856346	23.345135
31.866326	23.3417
31.876306	23.338263
31.886286	23.334826
31.896266	23.331388
31.906246	23.32795
31.916226	23.324511
31.926206	23.321071
31.936186	23.31763
31.946166	23.314189
31.956146	23.310747
31.966126	23.307304
31.976106	23.30386
31.986086	23.300416
31.996066	23.296971
32.006046	23.293525
32.016026	23.290079
32.026006	23.286632
32.035986	23.283184
32.045966	23.279736
32.055946	23.276286
32.065926	23.272836
32.075906	23.269386
32.085886	23.265934
32.095866	23.262482
32.105846	23.259029
32.115826	23.255576
32.125806	23.252122
32.135786	23.248667
32.145766	23.245211
32.155746	23.241755
32.165726	23.238298
32.175706	23.23484
32.185686	23.231382
32.195666	23.227922
32.205646	23.224463
32.215626	23.221002
32.225606	23.217541
32.235586	23.214079
32.245566	23.210616
32.255546	23.207153
32.265526	23.203689
32.275506	23.200224
32.285486	23.196758
32.295466	23.193292
32.305446	23.189825
32.315426	23.186358
32.325406	23.18289
32.335386	23.179421
32.345366	23.175951
32.355346	23.172481
32.365326	23.16901
32.375306	23.165538
32.385286	23.162066
32.395266	23.158593
32.405246	23.155119
32.415226	23.151645
32.425206	23.148169
32.435186	23.144694
32.445166	23.141217
32.455146	23.13774
32.465126	23.134262
32.475106	23.130784
32.485086	23.127304
32.495066	23.123824
32.505046	23.120344
32.515026	23.116863
32.525006	23.113381
32.534986	23.109898
32.544966	23.106415
32.554946	23.102931
32.564926	23.099446
32.574906	23.095961
32.584886	23.092475
32.594866	23.088988
32.604846	23.085501
32.614826	23.082013
32.624806	23.078524
32.634786	23.075035
32.644766	23.071544
32.654745	23.068054
32.664725	23.064562
32.674705	23.06107
32.684685	23.057578
32.694665	23.054084
32.704645	23.05059
32.714625	23.047095
32.724605	23.0436
32.734585	23.040104
32.744565	23.036607
32.754545	23.03311
32.764525	23.029612
32.774505	23.026113
32.784485	23.022614
32.794465	23.019114
32.804445	23.015613
32.814425	23.012112
32.824405	23.00861
32.834385	23.005107
32.844365	23.001604
32.854345	22.9981
32.864325	22.994595
32.874305	22.99109
32.884285	22.987584
32.894265	22.984077
32.904245	22.98057
32.914225	22.977062
32.924205	22.973554
32.934185	22.970045
32.944165	22.966535
32.954145	22.963024
32.964125	22.959513
32.974105	22.956001
32.984085	22.952489
32.994065	22.948976
33.004045	22.945462
33.014025	22.941948
33.024005	22.938433
33.033985	22.934917
33.043965	22.931401
33.053945	22.927884
33.063925	22.924366
33.073905	22.920848
33.083885	22.917329
33.093865	22.91381
33.103845	22.91029
33.113825	22.906769
33.123805	22.903248
33.133785	22.899726
33.143765	22.896203
33.153745	22.89268
33.163725	22.889156
33.173705	22.885631
33.183685	22.882106
33.193665	22.87858
33.203645	22.875054
33.213625	22.871527
33.223605	22.867999
33.233585	22.86447
33.243565	22.860941
33.253545	22.857412
33.263525	22.853882
33.273505	22.850351
33.283485	22.846819
33.293465	22.843287
33.303445	22.839754
33.313425	22.836221
33.323405	22.832687
33.333385	22.829153
33.343365	22.825617
33.353345	22.822081
33.363325	22.818545
33.373305	22.815008
33.383285	22.81147
33.393265	22.807932
33.403245	22.804393
33.413225	22.800853
33.423205	22.797313
33.433185	22.793773
33.443165	22.790231
33.453145	22.786689
33.463125	22.783147
33.473105	22.779603
33.483085	22.77606
33.493065	22.772515
33.503045	22.76897
33.513025	22.765424
33.523005	22.761878
33.532985	22.758331
33.542965	22.754784
33.552945	22.751236
33.562925	22.747687
33.572905	22.744138
33.582885	22.740588
33.592865	22.737037
33.602845	22.733486
33.612825	22.729934
33.622805	22.726382
33.632785	22.722829
33.642765	22.719276
33.652745	22.715722
33.662725	22.712167
33.672705	22.708612
33.682685	22.705056
33.692665	22.701499
33.702645	22.697942
33.712625	22.694384
33.722605	22.690826
33.732585	22.687267
33.742565	22.683708
33.752545	22.680148
33.762525	22.676587
33.772505	22.673026
33.782485	22.669464
33.792465	22.665902
33.802445	22.662339
33.812425	22.658775
33.822405	22.655211
33.832385	22.651646
33.842365	22.648081
33.852345	22.644515
33.862325	22.640948
33.872305	22.637381
33.882285	22.633814
33.892265	22.630245
33.902245	22.626676
33.912225	22.623107
33.922205	22.619537
33.932185	22.615966
33.942165	22.612395
33.952145	22.608824
33.962125	22.605251
33.972105	22.601678
33.982085	22.598105
33.992065	22.594531
34.002045	22.590956
34.012025	22.587381
34.022005	22.583805
34.031985	22.580229
34.041965	22.576652
34.051945	22.573075
34.061925	22.569496
34.071905	22.565918
34.081885	22.562339
34.091865	22.558759
34.101845	22.555179
34.111825	22.551598
34.121805	22.548016
34.131785	22.544434
34.141765	22.540852
34.151745	22.537269
34.161725	22.533685
34.171705	22.530101
34.181685	22.526516
34.191665	22.52293
34.201645	22.519344
34.211625	22.515758
34.221605	22.512171
34.231585	22.508583
34.241565	22.504995
34.251545	22.501406
34.261525	22.497817
34.271505	22.494227
34.281485	22.490637
34.291465	22.487046
34.301445	22.483454
34.311425	22.479862
34.321405	22.47627
34.331385	22.472676
34.341365	22.469083
34.351345	22.465488
34.361325	22.461894
34.371305	22.458298
34.381285	22.454702
34.391265	22.451106
34.401245	22.447509
34.411225	22.443911
34.421205	22.440313
34.431185	22.436715
34.441165	22.433115
34.451145	22.429516
34.461125	22.425915
34.471105	22.422315
34.481085	22.418713
34.491065	22.415111
34.501045	22.411509
34.511025	22.407906
34.521005	22.404303
34.530985	22.400699
34.540965	22.397094
34.550945	22.393489
34.560925	22.389883
34.570905	22.386277
34.580885	22.38267
34.590865	22.379063
34.600845	22.375455
34.610825	22.371847
34.620805	22.368238
34.630785	22.364629
34.640765	22.361019
34.650745	22.357408
34.660725	22.353798
34.670705	22.350186
34.680685	22.346574
34.690665	22.342962
34.700645	22.339348
34.710625	22.335735
34.720605	22.332121
34.730585	22.328506
34.740565	22.324891
34.750545	22.321275
34.760525	22.317659
34.770505	22.314042
34.780485	22.310425
34.790465	22.306807
34.800445	22.303189
34.810425	22.29957
34.820405	22.295951
34.830385	22.292331
34.840365	22.288711
34.850345	22.28509
34.860325	22.281469
34.870305	22.277847
34.880285	22.274224
34.890265	22.270602
34.900244	22.266978
34.910224	22.263354
34.920204	22.25973
34.930184	22.256105
34.940164	22.252479
34.950144	22.248853
34.960124	22.245227
34.970104	22.2416
34.980084	22.237973
34.990064	22.234345
35.000044	22.230716
35.010024	22.227087
35.020004	22.223458
35.029984	22.219828
35.039964	22.216197
35.049944	22.212566
35.059924	22.208935
35.069904	22.205303
35.079884	22.20167
35.089864	22.198037
35.099844	22.194404
35.109824	22.19077
35.119804	22.187135
35.129784	22.1835
35.139764	22.179865
35.149744	22.176229
35.159724	22.172592
35.169704	22.168955
35.179684	22.165318
35.189664	22.16168
35.199644	22.158041
35.209624	22.154403
35.219604	22.150763
35.229584	22.147123
35.239564	22.143483
35.249544	22.139842
35.259524	22.136201
35.269504	22.132559
35.279484	22.128916
35.289464	22.125274
35.299444	22.12163
35.309424	22.117987
35.319404	22.114342
35.329384	22.110698
35.339364	22.107052
35.349344	22.103407
35.359324	22.09976
35.369304	22.096114
35.379284	22.092467
35.389264	22.088819
35.399244	22.085171
35.409224	22.081522
35.419204	22.077873
35.429184	22.074224
35.439164	22.070574
35.449144	22.066923
35.459124	22.063272
35.469104	22.059621
35.479084	22.055969
35.489064	22.052317
35.499044	22.048664
35.509024	22.04501
35.519004	22.041357
35.528984	22.037702
35.538964	22.034048
35.548944	22.030393
35.558924	22.026737
35.568904	22.023081
35.578884	22.019424
35.588864	22.015767
35.598844	22.01211
35.608824	22.008452
35.618804	22.004793
35.628784	22.001134
35.638764	21.997475
35.648744	21.993815
35.658724	21.990155
35.668704	21.986494
35.678684	21.982833
35.688664	21.979172
35.698644	21.975509
35.708624	21.971847
35.718604	21.968184
35.728584	21.96452
35.738564	21.960856
35.748544	21.957192
35.758524	21.953527
35.768504	21.949862
35.778484	21.946196
35.788464	21.94253
35.798444	21.938863
35.808424	21.935196
35.818404	21.931529
35.828384	21.927861
35.838364	21.924192
35.848344	21.920524
35.858324	21.916854
35.868304	21.913185
35.878284	21.909514
35.888264	21.905844
35.898244	21.902173
35.908224	21.898501
35.918204	21.894829
35.928184	21.891157
35.938164	21.887484
35.948144	21.883811
35.958124	21.880137
35.968104	21.876463
35.978084	21.872788
35.988064	21.869113
35.998044	21.865437
36.008024	21.861762
36.018004	21.858085
36.027984	21.854408
36.037964	21.850731
36.047944	21.847054
36.057924	21.843375
36.067904	21.839697
36.077884	21.836018
36.087864	21.832339
36.097844	21.828659
36.107824	21.824978
36.117804	21.821298
36.127784	21.817617
36.137764	21.813935
36.147744	21.810253
36.157724	21.806571
36.167704	21.802888
36.177684	21.799205
36.187664	21.795521
36.197644	21.791837
36.207624	21.788153
36.217604	21.784468
36.227584	21.780782
36.237564	21.777097
36.247544	21.77341
36.257524	21.769724
36.267504	21.766037
36.277484	21.762349
36.287464	21.758661
36.297444	21.754973
36.307424	21.751284
36.317404	21.747595
36.327384	21.743906
36.337364	21.740216
36.347344	21.736525
36.357324	21.732835
36.367304	21.729144
36.377284	21.725452
36.387264	21.72176
36.397244	21.718068
36.407224	21.714375
36.417204	21.710681
36.427184	21.706988
36.437164	21.703294
36.447144	21.699599
36.457124	21.695905
36.467104	21.692209
36.477084	21.688514
36.487064	21.684817
36.497044	21.681121
36.507024	21.677424
36.517004	21.673727
36.526984	21.670029
36.536964	21.666331
36.546944	21.662633
36.556924	21.658934
36.566904	21.655234
36.576884	21.651535
36.586864	21.647835
36.596844	21.644134
36.606824	21.640433
36.616804	21.636732
36.626784	21.63303
36.636764	21.629328
36.646744	21.625626
36.656724	21.621923
36.666704	21.61822
36.676684	21.614516
36.686664	21.610812
36.696644	21.607108
36.706624	21.603403
36.716604	21.599698
36.726584	21.595992
36.736564	21.592286
36.746544	21.58858
36.756524	21.584873
36.766504	21.581166
36.776484	21.577458
36.786464	21.573751
36.796444	21.570042
36.806424	21.566334
36.816404	21.562625
36.826384	21.558915
36.836364	21.555205
36.846344	21.551495
36.856324	21.547785
36.866304	21.544074
36.876284	21.540362
36.886264	21.536651
36.896244	21.532938
36.906224	21.529226
36.916204	21.525513
36.926184	21.5218
36.936164	21.518086
36.946144	21.514372
36.956124	21.510658
36.966104	21.506943
36.976084	21.503228
36.986064	21.499513
36.996044	21.495797
37.006024	21.492081
37.016004	21.488364
37.025984	21.484647
37.035964	21.48093
37.045944	21.477212
37.055924	21.473494
37.065904	21.469776
37.075884	21.466057
37.085864	21.462338
37.095844	21.458618
37.105824	21.454898
37.115804	21.451178
37.125784	21.447458
37.135764	21.443737
37.145743	21.440015
37.155723	21.436294
37.165703	21.432572
37.175683	21.428849
37.185663	21.425126
37.195643	21.421403
37.205623	21.41768
37.215603	21.413956
37.225583	21.410232
37.235563	21.406507
37.245543	21.402782
37.255523	21.399057
37.265503	21.395331
37.275483	21.391605
37.285463	21.387879
37.295443	21.384152
37.305423	21.380425
37.315403	21.376698
37.325383	21.37297
37.335363	21.369242
37.345343	21.365514
37.355323	21.361785
37.365303	21.358056
37.375283	21.354326
37.385263	21.350597
37.395243	21.346866
37.405223	21.343136
37.415203	21.339405
37.425183	21.335674
37.435163	21.331942
37.445143	21.32821
37.455123	21.324478
37.465103	21.320746
37.475083	21.317013
37.485063	21.313279
37.495043	21.309546
37.505023	21.305812
37.515003	21.302078
37.524983	21.298343
37.534963	21.294608
37.544943	21.290873
37.554923	21.287137
37.564903	21.283401
37.574883	21.279665
37.584863	21.275928
37.594843	21.272191
37.604823	21.268454
37.614803	21.264717
37.624783	21.260979
37.634763	21.25724
37.644743	21.253502
37.654723	21.249763
37.664703	21.246024
37.674683	21.242284
37.684663	21.238544
37.694643	21.234804
37.704623	21.231063
37.714603	21.227322
37.724583	21.223581
37.734563	21.219839
37.744543	21.216098
37.754523	21.212355
37.764503	21.208613
37.774483	21.20487
37.784463	21.201127
37.794443	21.197383
37.804423	21.19364
37.814403	21.189895
37.824383	21.186151
37.834363	21.182406
37.844343	21.178661
37.854323	21.174916
37.864303	21.17117
37.874283	21.167424
37.884263	21.163678
37.894243	21.159931
37.904223	21.156184
37.914203	21.152437
37.924183	21.148689
37.934163	21.144941
37.944143	21.141193
37.954123	21.137444
37.964103	21.133696
37.974083	21.129946
37.984063	21.126197
37.994043	21.122447
38.004023	21.118697
38.014003	21.114947
38.023983	21.111196
38.033963	21.107445
38.043943	21.103694
38.053923	21.099942
38.063903	21.09619
38.073883	21.092438
38.083863	21.088685
38.093843	21.084932
38.103823	21.081179
38.113803	21.077426
38.123783	21.073672
38.133763	21.069918
38.143743	21.066164
38.153723	21.062409
38.163703	21.058654
38.173683	21.054899
38.183663	21.051143
38.193643	21.047388
38.203623	21.043631
38.213603	21.039875
38.223583	21.036118
38.233563	21.032361
38.243543	21.028604
38.253523	21.024846
38.263503	21.021088
38.273483	21.01733
38.283463	21.013572
38.293443	21.009813
38.303423	21.006054
38.313403	21.002295
38.323383	20.998535
38.333363	20.994775
38.343343	20.991015
38.353323	20.987254
38.363303	20.983494
38.373283	20.979733
38.383263	20.975971
38.393243	20.97221
38.403223	20.968448
38.413203	20.964685
38.423183	20.960923
38.433163	20.95716
38.443143	20.953397
38.453123	20.949634
38.463103	20.94587
38.473083	20.942106
38.483063	20.938342
38.493043	20.934578
38.503023	20.930813
38.513003	20.927048
38.522983	20.923283
38.532963	20.919517
38.542943	20.915751
38.552923	20.911985
38.562903	20.908219
38.572883	20.904452
38.582863	20.900685
38.592843	20.896918
38.602823	20.893151
38.612803	20.889383
38.622783	20.885615
38.632763	20.881847
38.642743	20.878078
38.652723	20.874309
38.662703	20.87054
38.672683	20.866771
38.682663	20.863001
38.692643	20.859231
38.702623	20.855461
38.712603	20.851691
38.722583	20.84792
38.732563	20.844149
38.742543	20.840378
38.752523	20.836606
38.762503	20.832835
38.772483	20.829063
38.782463	20.82529
38.792443	20.821518
38.802423	20.817745
38.812403	20.813972
38.822383	20.810199
38.832363	20.806425
38.842343	20.802651
38.852323	20.798877
38.862303	20.795103
38.872283	20.791328
38.882263	20.787553
38.892243	20.783778
38.902223	20.780003
38.912203	20.776227
38.922183	20.772451
38.932163	20.768675
38.942143	20.764899
38.952123	20.761122
38.962103	20.757345
38.972083	20.753568
38.982063	20.749791
38.992043	20.746013
39.002023	20.742235
39.012003	20.738457
39.021983	20.734679
39.031963	20.7309
39.041943	20.727121
39.051923	20.723342
39.061903	20.719563
39.071883	20.715783
39.081863	20.712003
39.091843	20.708223
39.101823	20.704443
39.111803	20.700663
39.121783	20.696882
39.131763	20.693101
39.141743	20.689319
39.151723	20.685538
39.161703	20.681756
39.171683	20.677974
39.181663	20.674192
39.191643	20.670409
39.201623	20.666627
39.211603	20.662844
39.221583	20.65906
39.231563	20.655277
39.241543	20.651493
39.251523	20.647709
39.261503	20.643925
39.271483	20.640141
39.281463	20.636356
39.291443	20.632571
39.301423	20.628786
39.311403	20.625001
39.321383	20.621216
39.331363	20.61743
39.341343	20.613644
39.351323	20.609858
39.361303	20.606071
39.371283	20.602285
39.381263	20.598498
39.391242	20.594711
39.401222	20.590923
39.411202	20.587136
39.421182	20.583348
39.431162	20.57956
39.441142	20.575772
39.451122	20.571983
39.461102	20.568194
39.471082	20.564405
39.481062	20.560616
39.491042	20.556827
39.501022	20.553037
39.511002	20.549248
39.520982	20.545458
39.530962	20.541667
39.540942	20.537877
39.550922	20.534086
39.560902	20.530295
39.570882	20.526504
39.580862	20.522713
39.590842	20.518921
39.600822	20.51513
39.610802	20.511338
39.620782	20.507546
39.630762	20.503753
39.640742	20.499961
39.650722	20.496168
39.660702	20.492375
39.670682	20.488582
39.680662	20.484788
39.690642	20.480994
39.700622	20.477201
39.710602	20.473406
39.720582	20.469612
39.730562	20.465818
39.740542	20.462023
39.750522	20.458228
39.760502	20.454433
39.770482	20.450638
39.780462	20.446842
39.790442	20.443047
39.800422	20.439251
39.810402	20.435455
39.820382	20.431658
39.830362	20.427862
39.840342	20.424065
39.850322	20.420268
39.860302	20.416471
39.870282	20.412674
39.880262	20.408876
39.890242	20.405078
39.900222	20.40128
39.910202	20.397482
39.920182	20.393684
39.930162	20.389885
39.940142	20.386087
39.950122	20.382288
39.960102	20.378489
39.970082	20.374689
39.980062	20.37089
39.990042	20.36709
40.000022	20.36329
40.010002	20.35949
40.019982	20.35569
40.029962	20.35189
40.039942	20.348089
40.049922	20.344288
40.059902	20.340487
40.069882	20.336686
40.079862	20.332885
40.089842	20.329083
40.099822	20.325281
40.109802	20.321479
40.119782	20.317677
40.129762	20.313875
40.139742	20.310072
40.149722	20.30627
40.159702	20.302467
40.169682	20.298664
40.179662	20.294861
40.189642	20.291057
40.199622	20.287254
40.209602	20.28345
40.219582	20.279646
40.229562	20.275842
40.239542	20.272037
40.249522	20.268233
40.259502	20.264428
40.269482	20.260623
40.279462	20.256818
40.289442	20.253013
40.299422	20.249208
40.309402	20.245402
40.319382	20.241596
40.329362	20.237791
40.339342	20.233984
40.349322	20.230178
40.359302	20.226372
40.369282	20.222565
40.379262	20.218758
40.389242	20.214951
40.399222	20.211144
40.409202	20.207337
40.419182	20.20353
40.429162	20.199722
40.439142	20.195914
40.449122	20.192106
40.459102	20.188298
40.469082	20.18449
40.479062	20.180681
40.489042	20.176873
40.499022	20.173064
40.509002	20.169255
40.518982	20.165446
40.528962	20.161637
40.538942	20.157827
40.548922	20.154017
40.558902	20.150208
40.568882	20.146398
40.578862	20.142588
40.588842	20.138777
40.598822	20.134967
40.608802	20.131156
40.618782	20.127346
40.628762	20.123535
40.638742	20.119724
40.648722	20.115912
40.658702	20.112101
40.668682	20.10829
40.678662	20.104478
40.688642	20.100666
40.698622	20.096854
40.708602	20.093042
40.718582	20.08923
40.728562	20.085417
40.738542	20.081605
40.748522	20.077792
40.758502	20.073979
40.768482	20.070166
40.778462	20.066353
40.788442	20.062539
40.798422	20.058726
40.808402	20.054912
40.818382	20.051098
40.828362	20.047284
40.838342	20.04347
40.848322	20.039656
40.858302	20.035842
40.868282	20.032027
40.878262	20.028212
40.888242	20.024398
40.898222	20.020583
40.908202	20.016767
40.918182	20.012952
40.928162	20.009137
40.938142	20.005321
40.948122	20.001505
40.958102	19.99769
40.968082	19.993874
40.978062	19.990058
40.988042	19.986241
40.998022	19.982425
41.008002	19.978608
41.017982	19.974792
41.027962	19.970975
41.037942	19.967158
41.047922	19.963341
41.057902	19.959524
41.067882	19.955706
41.077862	19.951889
41.087842	19.948071
41.097822	19.944253
41.107802	19.940435
41.117782	19.936617
41.127762	19.932799
41.137742	19.928981
41.147722	19.925163
41.157702	19.921344
41.167682	19.917525
41.177662	19.913707
41.187642	19.909888
41.197622	19.906069
41.207602	19.902249
41.217582	19.89843
41.227562	19.894611
41.237542	19.890791
41.247522	19.886971
41.257502	19.883151
41.267482	19.879331
41.277462	19.875511
41.287442	19.871691
41.297422	19.867871
41.307402	19.86405
41.317382	19.86023
41.327362	19.856409
41.337342	19.852588
41.347322	19.848767
41.357302	19.844946
41.367282	19.841125
41.377262	19.837304
41.387242	19.833482
41.397222	19.829661
41.407202	19.825839
41.417182	19.822017
41.427162	19.818195
41.437142	19.814373
41.447122	19.810551
41.457102	19.806729
41.467082	19.802906
41.477062	19.799084
41.487042	19.795261
41.497022	19.791439
41.507002	19.787616
41.516982	19.783793
41.526962	19.77997
41.536942	19.776147
41.546922	19.772323
41.556902	19.7685
41.566882	19.764677
41.576862	19.760853
41.586842	19.757029
41.596822	19.753205
41.606802	19.749381
41.616782	19.745557
41.626762	19.741733
41.636741	19.737909
41.646721	19.734085
41.656701	19.73026
41.666681	19.726436
41.676661	19.722611
41.686641	19.718786
41.696621	19.714961
41.706601	19.711136
41.716581	19.707311
41.726561	19.703486
41.736541	19.699661
41.746521	19.695835
41.756501	19.69201
41.766481	19.688184
41.776461	19.684358
41.786441	19.680533
41.796421	19.676707
41.806401	19.672881
41.816381	19.669055
41.826361	19.665228
41.836341	19.661402
41.846321	19.657576
41.856301	19.653749
41.866281	19.649923
41.876261	19.646096
41.886241	19.642269
41.896221	19.638442
41.906201	19.634615
41.916181	19.630788
41.926161	19.626961
41.936141	19.623134
41.946121	19.619306
41.956101	19.615479
41.966081	19.611651
41.976061	19.607824
41.986041	19.603996
41.996021	19.600168
42.006001	19.59634
42.015981	19.592512
42.025961	19.588684
42.035941	19.584856
42.045921	19.581028
42.055901	19.5772
42.065881	19.573371
42.075861	19.569543
42.085841	19.565714
42.095821	19.561886
42.105801	19.558057
42.115781	19.554228
42.125761	19.550399
42.135741	19.54657
42.145721	19.542741
42.155701	19.538912
42.165681	19.535083
42.175661	19.531253
42.185641	19.527424
42.195621	19.523594
42.205601	19.519765
42.215581	19.515935
42.225561	19.512105
42.235541	19.508276
42.245521	19.504446
42.255501	19.500616
42.265481	19.496786
42.275461	19.492956
42.285441	19.489125
42.295421	19.485295
42.305401	19.481465
42.315381	19.477634
42.325361	19.473804
42.335341	19.469973
42.345321	19.466143
42.355301	19.462312
42.365281	19.458481
42.375261	19.45465
42.385241	19.450819
42.395221	19.446988
42.405201	19.443157
42.415181	19.439326
42.425161	19.435495
42.435141	19.431664
42.445121	19.427832
42.455101	19.424001
42.465081	19.42017
42.475061	19.416338
42.485041	19.412506
42.495021	19.408675
42.505001	19.404843
42.514981	19.401011
42.524961	19.397179
42.534941	19.393347
42.544921	19.389515
42.554901	19.385683
42.564881	19.381851
42.574861	19.378019
42.584841	19.374187
42.594821	19.370355
42.604801	19.366522
42.614781	19.36269
42.624761	19.358857
42.634741	19.355025
42.644721	19.351192
42.654701	19.347359
42.664681	19.343527
42.674661	19.339694
42.684641	19.335861
42.694621	19.332028
42.704601	19.328195
42.714581	19.324362
42.724561	19.320529
42.734541	19.316696
42.744521	19.312863
42.754501	19.30903
42.764481	19.305196
42.774461	19.301363
42.784441	19.29753
42.794421	19.293696
42.804401	19.289863
42.814381	19.286029
42.824361	19.282196
42.834341	19.278362
42.844321	19.274528
42.854301	19.270694
42.864281	19.266861
42.874261	19.263027
42.884241	19.259193
42.894221	19.255359
42.904201	19.251525
42.914181	19.247691
42.924161	19.243857
42.934141	19.240023
42.944121	19.236189
42.954101	19.232354
42.964081	19.22852
42.974061	19.224686
42.984041	19.220851
42.994021	19.217017
43.004001	19.213183
43.013981	19.209348
43.023961	19.205514
43.033941	19.201679
43.043921	19.197844
43.053901	19.19401
43.063881	19.190175
43.073861	19.18634
43.083841	19.182506
43.093821	19.178671
43.103801	19.174836
43.113781	19.171001
43.123761	19.167166
43.133741	19.163331
43.143721	19.159496
43.153701	19.155661
43.163681	19.151826
43.173661	19.147991
43.183641	19.144156
43.193621	19.140321
43.203601	19.136486
43.213581	19.13265
43.223561	19.128815
43.233541	19.12498
43.243521	19.121144
43.253501	19.117309
43.263481	19.113474
43.273461	19.109638
43.283441	19.105803
43.293421	19.101967
43.303401	19.098132
43.313381	19.094296
43.323361	19.090461
43.333341	19.086625
43.343321	19.082789
43.353301	19.078954
43.363281	19.075118
43.373261	19.071282
43.383241	19.067447
43.393221	19.063611
43.403201	19.059775
43.413181	19.055939
43.423161	19.052103
43.433141	19.048268
43.443121	19.044432
43.453101	19.040596
43.463081	19.03676
43.473061	19.032924
43.483041	19.029088
43.493021	19.025252
43.503001	19.021416
43.512981	19.01758
43.522961	19.013744
43.532941	19.009908
43.542921	19.006072
43.552901	19.002236
43.562881	18.998399
43.572861	18.994563
43.582841	18.990727
43.592821	18.986891
43.602801	18.983055
43.612781	18.979218
43.622761	18.975382
43.632741	18.971546
43.642721	18.96771
43.652701	18.963873
43.662681	18.960037
43.672661	18.956201
43.682641	18.952365
43.692621	18.948528
43.702601	18.944692
43.712581	18.940855
43.722561	18.937019
43.732541	18.933183
43.742521	18.929346
43.752501	18.92551
43.762481	18.921674
43.772461	18.917837
43.782441	18.914001
43.792421	18.910164
43.802401	18.906328
43.812381	18.902491
43.822361	18.898655
43.832341	18.894818
43.842321	18.890982
43.852301	18.887145
43.862281	18.883309
43.872261	18.879472
43.88224	18.875636
43.89222	18.871799
43.9022	18.867963
43.91218	18.864126
43.92216	18.86029
43.93214	18.856453
43.94212	18.852617
43.9521	18.84878
43.96208	18.844944
43.97206	18.841107
43.98204	18.837271
43.99202	18.833434
44.002	18.829598
44.01198	18.825761
44.02196	18.821925
44.03194	18.818088
44.04192	18.814252
44.0519	18.810415
44.06188	18.806579
44.07186	18.802742
44.08184	18.798906
44.09182	18.795069
44.1018	18.791233
44.11178	18.787396
44.12176	18.78356
44.13174	18.779723
44.14172	18.775887
44.1517	18.77205
44.16168	18.768214
44.17166	18.764377
44.18164	18.760541
44.19162	18.756704
44.2016	18.752868
44.21158	18.749032
44.22156	18.745195
44.23154	18.741359
44.24152	18.737522
44.2515	18.733686
44.26148	18.72985
44.27146	18.726013
44.28144	18.722177
44.29142	18.718341
44.3014	18.714504
44.31138	18.710668
44.32136	18.706832
44.33134	18.702995
44.34132	18.699159
44.3513	18.695323
44.36128	18.691487
44.37126	18.68765
44.38124	18.683814
44.39122	18.679978
44.4012	18.676142
44.41118	18.672306
44.42116	18.66847
44.43114	18.664633
44.44112	18.660797
44.4511	18.656961
44.46108	18.653125
44.47106	18.649289
44.48104	18.645453
44.49102	18.641617
44.501	18.637781
44.51098	18.633945
44.52096	18.630109
44.53094	18.626273
44.54092	18.622437
44.5509	18.618601
44.56088	18.614766
44.57086	18.61093
44.58084	18.607094
44.59082	18.603258
44.6008	18.599422
44.61078	18.595587
44.62076	18.591751
44.63074	18.587915
44.64072	18.58408
44.6507	18.580244
44.66068	18.576408
44.67066	18.572573
44.68064	18.568737
44.69062	18.564902
44.7006	18.561066
44.71058	18.557231
44.72056	18.553395
44.73054	18.54956
44.74052	18.545725
44.7505	18.541889
44.76048	18.538054
44.77046	18.534219
44.78044	18.530383
44.79042	18.526548
44.8004	18.522713
44.81038	18.518878
44.82036	18.515043
44.83034	18.511208
44.84032	18.507373
44.8503	18.503538
44.86028	18.499703
44.87026	18.495868
44.88024	18.492033
44.89022	18.488198
44.9002	18.484363
44.91018	18.480528
44.92016	18.476693
44.93014	18.472859
44.94012	18.469024
44.9501	18.465189
44.96008	18.461355
44.97006	18.45752
44.98004	18.453686
44.99002	18.449851
45	18.446017
