Freq_GHz	S11_meas_dB	S11_meas_deg	S11_fit_dB	S11_fit_deg
0.01	-4.3842621	0.41059342	-4.4369754	-0.076292162
0.20995	-4.3351035	-1.8116938	-4.4371445	-1.601774
0.4099	-4.3430324	-3.6865528	-4.4376206	-3.1273653
0.60985	-4.3459768	-5.5118489	-4.4384028	-4.65317
0.8098	-4.3382802	-7.3440447	-4.4394893	-6.1792916
1.00975	-4.347456	-9.1087179	-4.4408779	-7.7058331
1.2097	-4.3448286	-10.898556	-4.4425657	-9.2328964
1.40965	-4.3347507	-12.684372	-4.444549	-10.760582
1.6096	-4.3384609	-14.538085	-4.4468235	-12.288991
1.80955	-4.3383026	-16.372952	-4.4493843	-13.818219
2.0095	-4.3393579	-18.157597	-4.452226	-15.348364
2.20945	-4.3421931	-19.995113	-4.4553422	-16.87952
2.4094	-4.351613	-21.671944	-4.4587263	-18.411778
2.60935	-4.3275661	-23.380749	-4.4623707	-19.945229
2.8093	-4.344893	-25.159655	-4.4662672	-21.479959
3.00925	-4.3227773	-26.870346	-4.4704073	-23.016053
3.2092	-4.3240457	-28.639914	-4.4747815	-24.553591
3.40915	-4.3017306	-30.359955	-4.4793798	-26.09265
3.6091	-4.2978401	-32.261501	-4.4841917	-27.633306
3.80905	-4.3121185	-33.98711	-4.4892059	-29.175628
4.009	-4.2893929	-35.783566	-4.4944107	-30.719683
4.20895	-4.2937913	-37.459278	-4.4997936	-32.265532
4.4089	-4.2744379	-39.216	-4.5053416	-33.813232
4.60885	-4.2839227	-40.990799	-4.5110413	-35.362838
4.8088	-4.2548299	-42.632721	-4.5168784	-36.914397
5.00875	-4.2446647	-44.372883	-4.5228382	-38.46795
5.2087	-4.2365546	-46.006115	-4.5289057	-40.023537
5.40865	-4.2260118	-47.822205	-4.535065	-41.581189
5.6086	-4.2185388	-49.523438	-4.5412999	-43.140931
5.80855	-4.1913371	-51.146732	-4.5475937	-44.702784
6.0085	-4.2083344	-52.90913	-4.5539292	-46.266762
6.20845	-4.1814408	-54.527348	-4.5602888	-47.832871
6.4084	-4.182672	-56.338753	-4.5666543	-49.401114
6.60835	-4.159915	-57.819279	-4.5730073	-50.971483
6.8083	-4.1631012	-59.674107	-4.579329	-52.543967
7.00825	-4.1476283	-61.214149	-4.5856001	-54.118544
7.2082	-4.129355	-62.904293	-4.5918013	-55.695189
7.40815	-4.1242266	-64.596619	-4.5979126	-57.273864
7.6081	-4.1134195	-66.231606	-4.6039141	-58.85453
7.80805	-4.1064301	-67.914597	-4.6097855	-60.437134
8.008	-4.0920286	-69.399818	-4.6155063	-62.021621
8.20795	-4.0796285	-71.165192	-4.6210559	-63.607922
8.4079	-4.0707078	-72.673996	-4.6264138	-65.195966
8.60785	-4.0402508	-74.367981	-4.6315591	-66.785669
8.8078	-4.0457339	-75.956985	-4.636471	-68.376943
9.00775	-4.0167542	-77.524445	-4.6411289	-69.969688
9.2077	-4.0163422	-79.061012	-4.6455119	-71.563799
9.40765	-3.996732	-80.649872	-4.6495997	-73.15916
9.6076	-3.9865627	-82.232033	-4.6533717	-74.75565
9.80755	-3.991636	-83.785194	-4.6568079	-76.353138
10.0075	-3.9459705	-85.26767	-4.6598882	-77.951485
10.20745	-3.9722331	-86.819534	-4.6625931	-79.550545
10.4074	-3.93589	-88.345612	-4.6649033	-81.150164
10.60735	-3.9495199	-89.955284	-4.6667999	-82.750179
10.8073	-3.9107318	-91.307587	-4.6682647	-84.350422
11.00725	-3.9073236	-92.921333	-4.6692796	-85.950716
11.2072	-3.8990269	-94.311356	-4.6698275	-87.550877
11.40715	-3.8852954	-95.897835	-4.6698915	-89.150716
11.6071	-3.8718197	-97.534157	-4.6694556	-90.750035
11.80705	-3.8369422	-98.738365	-4.6685045	-92.348631
12.007	-3.8328426	-100.47872	-4.6670235	-93.946295
12.20695	-3.8201842	-101.59776	-4.6649987	-95.542813
12.4069	-3.7902803	-103.48395	-4.6624171	-97.137965
12.60685	-3.7837491	-104.37692	-4.6592665	-98.731527
12.8068	-3.7723441	-106.3863	-4.6555357	-100.32327
13.00675	-3.7507699	-107.6153	-4.6512142	-101.91296
13.2067	-3.7417812	-109.2008	-4.6462927	-103.50036
13.40665	-3.7170479	-110.60483	-4.6407627	-105.08523
13.6066	-3.7224026	-111.93374	-4.6346168	-106.66733
13.80655	-3.6987519	-113.52571	-4.6278485	-108.24641
14.0065	-3.7070539	-114.7401	-4.6204524	-109.82223
14.20645	-3.6600947	-116.34113	-4.6124242	-111.39454
14.4064	-3.6718762	-117.56238	-4.6037606	-112.96309
14.60635	-3.6320477	-119.06564	-4.5944594	-114.52763
14.8063	-3.6522474	-120.49119	-4.5845193	-116.08791
15.00625	-3.6146867	-121.91208	-4.5739402	-117.64368
15.2062	-3.6024115	-123.36337	-4.5627231	-119.19471
15.40615	-3.5817537	-124.60828	-4.5508698	-120.74073
15.6061	-3.580971	-126.12148	-4.5383834	-122.28151
15.80605	-3.5796459	-127.45329	-4.5252678	-123.81681
16.006	-3.5428672	-128.82071	-4.511528	-125.34638
16.20595	-3.556468	-130.11948	-4.4971698	-126.87
16.4059	-3.5101836	-131.52971	-4.4822002	-128.38743
16.60585	-3.5274591	-132.76987	-4.4666268	-129.89844
16.8058	-3.5084026	-134.14006	-4.4504582	-131.40281
17.00575	-3.4921052	-135.57568	-4.433704	-132.90033
17.2057	-3.4731259	-136.77702	-4.4163743	-134.39079
17.40565	-3.4530544	-138.00148	-4.3984801	-135.87396
17.6056	-3.4827995	-139.3477	-4.3800331	-137.34967
17.80555	-3.4430583	-140.69824	-4.3610457	-138.8177
18.0055	-3.4487238	-141.95786	-4.341531	-140.27787
18.20545	-3.4284828	-143.10295	-4.3215024	-141.72999
18.4054	-3.4279201	-144.54306	-4.3009741	-143.1739
18.60535	-3.4075563	-145.7292	-4.2799608	-144.60943
18.8053	-3.377018	-147.00362	-4.2584774	-146.03641
19.00525	-3.395503	-148.19554	-4.2365395	-147.45468
19.2052	-3.3591704	-149.4541	-4.2141629	-148.86411
19.40515	-3.3599701	-150.87292	-4.1913636	-150.26454
19.6051	-3.335839	-151.81084	-4.1681582	-151.65586
19.80505	-3.3246493	-153.39241	-4.1445631	-153.03792
20.005	-3.3127825	-154.19971	-4.1205952	-154.41063
20.20495	-3.3134098	-155.78471	-4.0962714	-155.77385
20.4049	-3.3003571	-156.74811	-4.0716087	-157.1275
20.60485	-3.287004	-158.07756	-4.0466241	-158.47148
20.8048	-3.2751663	-159.22778	-4.0213348	-159.8057
21.00475	-3.2971835	-160.4296	-3.9957578	-161.13007
21.2047	-3.2563961	-161.89935	-3.96991	-162.44453
21.40465	-3.2652586	-162.9603	-3.9438085	-163.749
21.6046	-3.1921222	-163.98	-3.91747	-165.04343
21.80455	-3.2892096	-165.3501	-3.890911	-166.32777
22.0045	-3.1937587	-166.58733	-3.8641482	-167.60196
22.20445	-3.2562556	-167.87231	-3.8371977	-168.86596
22.4044	-3.1813536	-168.7317	-3.8100756	-170.11975
22.60435	-3.2394023	-170.35033	-3.7827977	-171.3633
22.8043	-3.1895962	-170.99226	-3.7553794	-172.59658
23.00425	-3.1623745	-172.48811	-3.727836	-173.81957
23.2042	-3.1804001	-173.54959	-3.7001825	-175.03227
23.40415	-3.1381905	-174.58875	-3.6724333	-176.23467
23.6041	-3.1731951	-175.83873	-3.6446027	-177.42678
23.80405	-3.1403816	-176.81229	-3.6167047	-178.60859
24.004	-3.146714	-178.14578	-3.5887528	-179.78012
24.20395	-3.1406262	-179.08879	-3.5607602	179.05862
24.4039	-3.1226103	179.63104	-3.5327397	177.90761
24.60385	-3.1320636	178.42899	-3.5047037	176.76682
24.8038	-3.0716848	177.46999	-3.4766644	175.63624
25.00375	-3.117013	176.29779	-3.4486333	174.51581
25.2037	-3.1022544	175.32062	-3.4206217	173.40552
25.40365	-3.101233	173.73514	-3.3926406	172.30532
25.6036	-3.0932658	173.09309	-3.3647004	171.21517
25.80355	-3.0405917	171.53252	-3.3368112	170.13502
26.0035	-3.0821662	171.05	-3.3089828	169.06483
26.20345	-3.0419374	169.42299	-3.2812244	168.00455
26.4034	-3.0720203	168.51291	-3.2535451	166.95411
26.60335	-3.0184777	167.32314	-3.2259533	165.91347
26.8033	-3.0533106	166.32207	-3.1984574	164.88257
27.00325	-3.0255687	165.61534	-3.1710651	163.86133
27.2032	-3.0386207	163.98642	-3.1437839	162.84971
27.40315	-3.0118258	163.26613	-3.1166209	161.84764
27.6031	-2.9881449	162.3678	-3.089583	160.85504
27.80305	-3.0369883	161.22073	-3.0626764	159.87186
28.003	-3.0070069	160.45377	-3.0359073	158.89801
28.20295	-3.009254	158.90538	-3.0092815	157.93344
28.4029	-2.996448	158.44553	-2.9828044	156.97806
28.60285	-2.9782569	156.7749	-2.9564812	156.0318
28.8028	-3.0285075	155.90143	-2.9303166	155.09459
29.00275	-2.9013736	154.75035	-2.9043152	154.16635
29.2027	-3.0570176	153.77351	-2.8784813	153.247
29.40265	-2.9183357	152.97946	-2.8528188	152.33647
29.6026	-3.0631378	151.44574	-2.8273314	151.43468
29.80255	-2.9532301	150.80586	-2.8020226	150.54154
30.0025	-2.9711528	149.36449	-2.7768956	149.65699
30.20245	-2.9106612	149.20634	-2.7519533	148.78094
30.4024	-2.9501703	148.21223	-2.7271984	147.9133
30.60235	-2.9933436	146.40585	-2.7026333	147.05401
30.8023	-2.8693817	146.29094	-2.6782605	146.20297
31.00225	-2.872694	145.08105	-2.6540818	145.36011
31.2022	-2.9532766	145.77087	-2.6300993	144.52534
31.40215	-2.9941795	142.63724	-2.6063144	143.69859
31.6021	-3.0069344	142.78923	-2.5827287	142.87978
31.80205	-2.8106527	140.8524	-2.5593435	142.06882
32.002	-2.9967251	141.81705	-2.5361599	141.26563
32.20195	-2.956635	138.94383	-2.5131789	140.47013
32.4019	-2.9254549	138.4361	-2.4904011	139.68224
32.60185	-2.9242849	137.69968	-2.4678274	138.90189
32.8018	-2.9191003	136.37376	-2.4454581	138.12899
33.00175	-3.0225372	135.63475	-2.4232937	137.36345
33.2017	-2.8125815	134.16914	-2.4013343	136.60522
33.40165	-2.9863439	133.56577	-2.3795801	135.85419
33.6016	-2.7807846	132.9362	-2.358031	135.1103
33.80155	-2.9906895	131.54904	-2.336687	134.37347
34.0015	-2.7723703	131.62173	-2.3155478	133.64362
34.20145	-2.840224	129.295	-2.294613	132.92067
34.4014	-2.7184567	130.23427	-2.2738822	132.20455
34.60135	-2.8043711	128.7755	-2.253355	131.49518
34.8013	-2.9488053	127.97917	-2.2330306	130.79248
35.00125	-2.6984305	126.49968	-2.2129083	130.09639
35.2012	-2.7887528	125.45197	-2.1929875	129.40682
35.40115	-2.5197132	127.07697	-2.1732673	128.72371
35.6011	-2.9849713	124.54059	-2.1537466	128.04697
35.80105	-2.7117465	124.06043	-2.1344247	127.37655
36.001	-2.760885	121.1467	-2.1153004	126.71236
36.20095	-2.7382529	121.72875	-2.0963726	126.05434
36.4009	-2.7040184	120.00528	-2.0776402	125.40241
36.60085	-2.8625119	119.038	-2.0591019	124.75651
36.8008	-2.6811869	117.91068	-2.0407566	124.11656
37.00075	-2.7770796	116.70969	-2.022603	123.4825
37.2007	-2.6834731	116.53842	-2.0046396	122.85427
37.40065	-2.6814132	115.10036	-1.9868652	122.23178
37.6006	-2.8301666	114.64885	-1.9692784	121.61499
37.80055	-2.5661712	113.34243	-1.9518777	121.00382
38.0005	-2.7396355	112.67268	-1.9346616	120.3982
38.20045	-2.5574098	112.31694	-1.9176287	119.79808
38.4004	-2.6468167	111.00915	-1.9007774	119.20338
38.60035	-2.6247468	111.56035	-1.8841063	118.61406
38.8003	-2.5665777	108.59563	-1.8676137	118.03004
39.00025	-2.660012	109.97606	-1.8512981	117.45126
39.2002	-2.5705469	106.22281	-1.835158	116.87767
39.40015	-2.6560185	106.99606	-1.8191916	116.3092
39.6001	-2.620518	105.10307	-1.8033974	115.74579
39.80005	-2.6587222	104.69469	-1.7877739	115.18739
40	-2.6660707	103.7004	-1.7723192	114.63393
