Freq_GHz	S11_meas_dB	S11_meas_deg	S11_fit_dB	S11_fit_deg
0.01	-0.010879453	0.068469435	-9.0488986e-07	-0.0786708
0.20995	0.0074865823	-1.6182396	-0.00039883781	-1.6516893
0.4099	0.005495911	-3.1719229	-0.0015199615	-3.2246853
0.60985	0.0014757855	-4.7079492	-0.0033633983	-4.7976372
0.8098	0.0040840711	-6.2682357	-0.0059277049	-6.3705234
1.00975	-0.0054508471	-7.817873	-0.0092108727	-7.943322
1.2097	-0.014293064	-9.3517179	-0.013210329	-9.5160109
1.40965	-0.012525071	-10.869796	-0.017922937	-11.088568
1.6096	-0.015284259	-12.426825	-0.023344999	-12.660969
1.80955	-0.021057578	-13.978365	-0.029472256	-14.233192
2.0095	-0.027811984	-15.50948	-0.036299891	-15.805213
2.20945	-0.03764531	-17.042866	-0.04382253	-17.377008
2.4094	-0.050666086	-18.550936	-0.052034246	-18.94855
2.60935	-0.048162516	-20.040316	-0.060928559	-20.519815
2.8093	-0.064858511	-21.548807	-0.070498443	-22.090775
3.00925	-0.064231031	-23.065767	-0.080736326	-23.661404
3.2092	-0.07084427	-24.58272	-0.091634094	-25.231672
3.40915	-0.071575649	-26.10446	-0.1031831	-26.801551
3.6091	-0.078684501	-27.658834	-0.11537416	-28.37101
3.80905	-0.094442755	-29.174307	-0.12819757	-29.940017
4.009	-0.1010098	-30.684557	-0.14164309	-31.50854
4.20895	-0.10367617	-32.201199	-0.15569998	-33.076546
4.4089	-0.11765281	-33.710426	-0.17035698	-34.643998
4.60885	-0.13061747	-35.249249	-0.18560235	-36.21086
4.8088	-0.13071918	-36.692062	-0.20142382	-37.777095
5.00875	-0.14294019	-38.232254	-0.21780865	-39.342663
5.2087	-0.14954974	-39.743984	-0.23474364	-40.907523
5.40865	-0.15897766	-41.281055	-0.25221509	-42.471633
5.6086	-0.17039394	-42.766853	-0.27020887	-44.03495
5.80855	-0.17683621	-44.268688	-0.28871037	-45.597426
6.0085	-0.19135956	-45.777229	-0.30770459	-47.159016
6.20845	-0.20666772	-47.241245	-0.32717605	-48.719669
6.4084	-0.22735535	-48.7981	-0.3471089	-50.279336
6.60835	-0.23455846	-50.21476	-0.36748687	-51.837963
6.8083	-0.25045401	-51.773663	-0.38829332	-53.395496
7.00825	-0.2603792	-53.233875	-0.40951123	-54.951879
7.2082	-0.26779196	-54.715378	-0.43112323	-56.507052
7.40815	-0.2877903	-56.243465	-0.4531116	-58.060956
7.6081	-0.29998124	-57.723133	-0.47545832	-59.613528
7.80805	-0.32194772	-59.187813	-0.49814505	-61.164704
8.008	-0.33321106	-60.643181	-0.52115318	-62.714417
8.20795	-0.34466696	-62.132504	-0.54446382	-64.262599
8.4079	-0.3545202	-63.58482	-0.56805784	-65.809179
8.60785	-0.3776786	-65.516403	-0.59191589	-67.354083
8.8078	-0.38917544	-66.622505	-0.61601841	-68.897238
9.00775	-0.4013446	-68.058334	-0.64034567	-70.438566
9.2077	-0.42278528	-69.49559	-0.66487776	-71.977988
9.40765	-0.4320994	-70.957367	-0.68959465	-73.515422
9.6076	-0.4517363	-72.44632	-0.7144762	-75.050785
9.80755	-0.48270309	-73.885406	-0.73950217	-76.583991
10.0075	-0.48431596	-75.378105	-0.76465226	-78.114954
10.20745	-0.5211066	-76.933426	-0.78990614	-79.643581
10.4074	-0.52797145	-78.376602	-0.81524347	-81.169783
10.60735	-0.55690354	-79.633316	-0.84064391	-82.693465
10.8073	-0.56493849	-81.077141	-0.86608716	-84.214531
11.00725	-0.57551712	-82.514458	-0.891553	-85.732882
11.2072	-0.59931457	-83.978584	-0.91702128	-87.248421
11.40715	-0.62298298	-85.374229	-0.942472	-88.761044
11.6071	-0.64057171	-86.897842	-0.96788527	-90.270648
11.80705	-0.6498099	-88.222099	-0.99324141	-91.777129
12.007	-0.67674446	-89.883987	-1.0185209	-93.280379
12.20695	-0.68277931	-91.222252	-1.0437045	-94.780289
12.4069	-0.70309508	-92.73764	-1.0687731	-96.276751
12.60685	-0.71957052	-93.93045	-1.093708	-97.769652
12.8068	-0.74671912	-95.498848	-1.1184908	-99.258879
13.00675	-0.75319713	-96.794174	-1.1431032	-100.74432
13.2067	-0.78532654	-98.244568	-1.1675277	-102.22586
13.40665	-0.7872225	-99.666969	-1.1917467	-103.70338
13.6066	-0.74410909	-97.173485	-1.2157432	-105.17676
13.80655	-0.77292949	-99.187965	-1.2395006	-106.64589
14.0065	-0.80575955	-101.03267	-1.2630029	-108.11064
14.20645	-0.82684898	-103.1123	-1.2862343	-109.57091
14.4064	-0.86127895	-104.90253	-1.3091796	-111.02656
14.60635	-0.89119065	-107.01566	-1.331824	-112.47748
14.8063	-0.93217158	-108.97493	-1.3541535	-113.92356
15.00625	-0.96397686	-111.08284	-1.3761542	-115.36466
15.2062	-0.99444115	-112.74532	-1.3978131	-116.80066
15.40615	-1.004877	-114.10923	-1.4191176	-118.23146
15.6061	-1.0362506	-115.44126	-1.4400556	-119.65692
15.80605	-1.0554792	-116.7752	-1.4606159	-121.07694
16.006	-1.069685	-118.02205	-1.4807874	-122.49139
16.20595	-1.0940889	-119.32726	-1.50056	-123.90015
16.4059	-1.1052805	-120.70686	-1.5199241	-125.30311
16.60585	-1.1414468	-122.01968	-1.5388705	-126.70015
16.8058	-1.1567545	-123.41192	-1.557391	-128.09116
17.00575	-1.1794579	-124.85318	-1.5754776	-129.47603
17.2057	-1.1983397	-126.12219	-1.5931232	-130.85464
17.40565	-1.2177253	-127.49712	-1.6103212	-132.22689
17.6056	-1.2608762	-128.80894	-1.6270657	-133.59267
17.80555	-1.2712831	-130.26305	-1.6433513	-134.95186
18.0055	-1.3082944	-131.50897	-1.6591733	-136.30438
18.20545	-1.3195089	-132.87927	-1.6745275	-137.65011
18.4054	-1.3524922	-134.17227	-1.6894103	-138.98896
18.60535	-1.3650299	-135.51906	-1.7038189	-140.32083
18.8053	-1.3902372	-136.89865	-1.7177508	-141.64563
19.00525	-1.414554	-138.14117	-1.7312043	-142.96326
19.2052	-1.4297923	-139.51794	-1.744178	-144.27364
19.40515	-1.469354	-140.83902	-1.7566712	-145.57668
19.6051	-1.4691179	-142.09824	-1.7686837	-146.87229
19.80505	-1.5052924	-143.47055	-1.7802159	-148.1604
20.005	-1.5149229	-144.69649	-1.7912687	-149.44093
20.20495	-1.5565363	-146.07565	-1.8018432	-150.71381
20.4049	-1.575534	-147.32875	-1.8119414	-151.97896
20.60485	-1.5903412	-148.64561	-1.8215654	-153.23632
20.8048	-1.6108851	-149.91647	-1.8307179	-154.48582
21.00475	-1.64614	-151.18454	-1.8394021	-155.7274
21.2047	-1.6686957	-152.60123	-1.8476213	-156.96101
21.40465	-1.6910456	-153.81703	-1.8553797	-158.18658
21.6046	-1.6961155	-155.12013	-1.8626812	-159.40408
21.80455	-1.754588	-156.31454	-1.8695307	-160.61344
22.0045	-1.7517076	-157.73322	-1.8759329	-161.81464
22.20445	-1.7948784	-158.93579	-1.8818932	-163.00762
22.4044	-1.7909769	-160.18492	-1.8874171	-164.19235
22.60435	-1.8382339	-161.47411	-1.8925103	-165.36879
22.8043	-1.8442315	-162.64163	-1.897179	-166.53692
23.00425	-1.8682233	-163.96533	-1.9014294	-167.69671
23.2042	-1.8959193	-165.18019	-1.9052681	-168.84813
23.40415	-1.9047034	-166.36459	-1.9087017	-169.99117
23.6041	-1.9464947	-167.64616	-1.9117372	-171.1258
23.80405	-1.9586987	-168.77527	-1.9143816	-172.25202
24.004	-1.9793679	-170.08514	-1.9166422	-173.3698
24.20395	-1.9974532	-171.27342	-1.9185264	-174.47915
24.4039	-2.0212231	-172.53751	-1.9200415	-175.58005
24.60385	-2.0417855	-173.72708	-1.9211952	-176.67252
24.8038	-2.0516913	-174.90022	-1.9219951	-177.75654
25.00375	-2.0819006	-176.12105	-1.9224489	-178.83212
25.2037	-2.0945988	-177.28781	-1.9225646	-179.89927
25.40365	-2.1216974	-178.6212	-1.9223498	179.042
25.6036	-2.1411228	-179.7079	-1.9218126	177.99168
25.80355	-2.1561382	178.95996	-1.9209607	176.94976
26.0035	-2.1778657	177.94794	-1.9198022	175.91621
26.20345	-2.1841919	176.62085	-1.9183448	174.89103
26.4034	-2.2146056	175.47586	-1.9165965	173.87418
26.60335	-2.2177038	174.27344	-1.9145652	172.86564
26.8033	-2.2510562	173.12782	-1.9122588	171.86539
27.00325	-2.255543	172.12027	-1.9096849	170.87339
27.2032	-2.2920315	170.75578	-1.9068514	169.88962
27.40315	-2.3014789	169.71193	-1.903766	168.91404
27.6031	-2.3068881	168.58607	-1.9004363	167.94663
27.80305	-2.3565352	167.50349	-1.8968698	166.98733
28.003	-2.3655958	166.48407	-1.8930741	166.03612
28.20295	-2.375397	165.15251	-1.8890565	165.09295
28.4029	-2.3805945	164.20938	-1.8848244	164.15779
28.60285	-2.3973832	162.82799	-1.8803848	163.23059
28.8028	-2.4415438	161.67166	-1.8757451	162.31131
29.00275	-2.4153826	160.5083	-1.8709121	161.39989
29.2027	-2.4964068	159.44725	-1.8658928	160.4963
29.40265	-2.45681	158.4128	-1.860694	159.60049
29.6026	-2.5363822	157.18167	-1.8553223	158.7124
29.80255	-2.5157793	156.11563	-1.8497843	157.83199
30.0025	-2.5379064	155.00363	-1.8440864	156.9592
30.20245	-2.5288663	154.09016	-1.838235	156.09398
30.4024	-2.5447953	153.20493	-1.8322363	155.23629
30.60235	-2.5909936	151.78491	-1.8260963	154.38606
30.8023	-2.5399811	151.0995	-1.819821	153.54324
31.00225	-2.5738764	149.94328	-1.8134162	152.70778
31.2022	-2.5906188	149.53882	-1.8068877	151.87962
31.40215	-2.6391015	147.7919	-1.8002409	151.0587
31.6021	-2.655297	147.09644	-1.7934814	150.24497
31.80205	-2.6065688	145.64983	-1.7866144	149.43836
32.002	-2.6651869	145.39731	-1.7796451	148.63882
32.20195	-2.6737041	143.64565	-1.7725786	147.8463
32.4019	-2.6580369	142.71484	-1.7654199	147.06073
32.60185	-2.6695366	141.73499	-1.7581738	146.28205
32.8018	-2.6727047	140.66971	-1.7508448	145.51021
33.00175	-2.7477229	139.69923	-1.7434377	144.74514
33.2017	-2.6645393	138.53725	-1.7359569	143.98679
33.40165	-2.7185245	137.68327	-1.7284066	143.23509
33.6016	-2.652617	136.84683	-1.7207912	142.48999
33.80155	-2.752214	135.666	-1.7131146	141.75143
34.0015	-2.6396024	135.0188	-1.7053809	141.01934
34.20145	-2.6702008	133.44643	-1.6975939	140.29366
34.4014	-2.637661	133.17697	-1.6897573	139.57435
34.60135	-2.6868932	131.95995	-1.6818748	138.86133
34.8013	-2.7127728	130.97047	-1.67395	138.15454
35.00125	-2.6464975	129.71529	-1.6659862	137.45393
35.2012	-2.6315341	128.69057	-1.6579868	136.75944
35.40115	-2.5710833	128.6503	-1.6499549	136.07101
35.6011	-2.7469704	127.0785	-1.6418937	135.38858
35.80105	-2.6314907	126.29935	-1.6338062	134.71208
36.001	-2.6660674	124.37896	-1.6256952	134.04147
36.20095	-2.6447341	124.00894	-1.6175637	133.37668
36.4009	-2.6378534	122.58994	-1.6094144	132.71766
36.60085	-2.7044742	121.57317	-1.6012498	132.06434
36.8008	-2.6527553	120.45391	-1.5930725	131.41668
37.00075	-2.6948562	119.22392	-1.584885	130.7746
37.2007	-2.6612928	118.7378	-1.5766896	130.13806
37.40065	-2.682255	117.39429	-1.5684887	129.50701
37.6006	-2.7386172	116.73929	-1.5602844	128.88137
37.80055	-2.6231999	115.60545	-1.5520789	128.26111
38.0005	-2.6926582	114.82162	-1.5438742	127.64615
38.20045	-2.6069691	114.01574	-1.5356722	127.03646
38.4004	-2.6571038	113.11148	-1.527475	126.43196
38.60035	-2.6627061	112.48954	-1.5192843	125.83262
38.8003	-2.6338284	110.78815	-1.5111019	125.23837
39.00025	-2.6588042	110.82826	-1.5029295	124.64917
39.2002	-2.6120052	108.62153	-1.4947687	124.06495
39.40015	-2.6649516	108.40105	-1.486621	123.48567
39.6001	-2.6733053	106.94986	-1.478488	122.91128
39.80005	-2.6506648	106.29691	-1.4703712	122.34172
40	-2.6866188	105.34123	-1.4622718	121.77694
