Freq_GHz	S11_meas_dB	S11_meas_deg	S11_fit_dB	S11_fit_deg	Re_S11_meas	Im_S11_meas	Re_S11_fit	Im_S11_fit
0.01	-15.539295	-179.04326	-17.306021	-179.96456	-0.16709933	-0.0027905279	-0.13636373	-8.4346967e-05
0.20995	-15.469976	-179.42804	-17.302736	-179.2563	-0.16845331	-0.0016816554	-0.13640384	-0.0017706348
0.4099	-15.428585	-178.69991	-17.293491	-178.54997	-0.16922282	-0.003840469	-0.13651688	-0.0034556692
0.60985	-15.430092	-178.2552	-17.278318	-177.84743	-0.16915857	-0.005152895	-0.13670284	-0.005138256
0.8098	-15.420345	-177.51692	-17.257272	-177.15048	-0.16926797	-0.007340318	-0.13696168	-0.0068172001
1.00975	-15.402754	-177.13231	-17.230426	-176.46089	-0.16955793	-0.0084935751	-0.13729339	-0.0084913053
1.2097	-15.392506	-176.34668	-17.197875	-175.78035	-0.16962555	-0.010830424	-0.13769793	-0.010159373
1.40965	-15.359499	-175.99046	-17.15973	-175.11053	-0.17020048	-0.011930055	-0.13817524	-0.011820204
1.6096	-15.340988	-175.37827	-17.116119	-174.453	-0.17042611	-0.013777216	-0.13872527	-0.013472596
1.80955	-15.290567	-174.73279	-17.067186	-173.80922	-0.17125131	-0.01578766	-0.13934796	-0.015115341
2.0095	-15.252077	-174.21005	-17.013089	-173.1806	-0.17186003	-0.01742645	-0.14004324	-0.016747233
2.20945	-15.23738	-173.68317	-16.953999	-172.56843	-0.17198328	-0.019038266	-0.14081101	-0.018367058
2.4094	-15.173024	-173.19965	-16.890094	-171.97389	-0.17309425	-0.020641312	-0.14165118	-0.019973599
2.60935	-15.147102	-172.49237	-16.821565	-171.39807	-0.17334282	-0.022844499	-0.14256366	-0.021565635
2.8093	-15.063987	-172.15776	-16.748607	-170.84194	-0.17487181	-0.024085811	-0.14354833	-0.023141941
3.00925	-15.059678	-171.67488	-16.671421	-170.30636	-0.17474928	-0.025571413	-0.14460506	-0.024701285
3.2092	-14.95195	-171.27003	-16.590212	-169.79208	-0.17674277	-0.027140067	-0.14573371	-0.02624243
3.40915	-14.914118	-170.70114	-16.505186	-169.29976	-0.17723487	-0.029019702	-0.14693415	-0.027764135
3.6091	-14.859105	-170.21194	-16.416552	-168.82994	-0.17810512	-0.030725875	-0.14820621	-0.029265151
3.80905	-14.785477	-169.86879	-16.324516	-168.38306	-0.17943248	-0.032062644	-0.14954973	-0.030744222
4.009	-14.723451	-169.31235	-16.229283	-167.95949	-0.18039627	-0.034045958	-0.15096451	-0.032200087
4.20895	-14.642904	-169.08214	-16.131055	-167.55946	-0.18193738	-0.035094436	-0.15245036	-0.033631477
4.4089	-14.588585	-168.47882	-16.030029	-167.18317	-0.18269673	-0.037240405	-0.15400708	-0.035037118
4.60885	-14.489121	-168.29005	-15.926401	-166.83071	-0.18467574	-0.038277954	-0.15563442	-0.036415725
4.8088	-14.438938	-167.6622	-15.820356	-166.5021	-0.18531277	-0.040532806	-0.15733217	-0.037766007
5.00875	-14.346267	-167.44943	-15.712079	-166.1973	-0.18714706	-0.041662835	-0.15910005	-0.039086667
5.2087	-14.281939	-167.15154	-15.601744	-165.9162	-0.18831745	-0.042952206	-0.16093781	-0.040376398
5.40865	-14.199497	-166.69667	-15.48952	-165.65865	-0.18976314	-0.04486975	-0.16284514	-0.041633886
5.6086	-14.106486	-166.55911	-15.375571	-165.42443	-0.19169666	-0.045813182	-0.16482175	-0.042857808
5.80855	-14.048878	-166.10652	-15.26005	-165.21329	-0.19260197	-0.047640911	-0.16686731	-0.044046833
6.0085	-13.91914	-166.0097	-15.143105	-165.02494	-0.1954184	-0.048688139	-0.16898149	-0.045199622
6.20845	-13.86245	-165.64781	-15.024878	-164.85905	-0.19638454	-0.050248343	-0.17116391	-0.046314829
6.4084	-13.749836	-165.41098	-14.905501	-164.71527	-0.19873517	-0.051725967	-0.1734142	-0.047391097
6.60835	-13.7139	-165.24811	-14.785102	-164.59321	-0.19941064	-0.052507475	-0.17573196	-0.048427064
6.8083	-13.564105	-165.12413	-14.663798	-164.49247	-0.20276339	-0.053859738	-0.17811675	-0.049421357
7.00825	-13.49098	-164.87341	-14.541704	-164.41264	-0.20423799	-0.055209337	-0.18056814	-0.050372596
7.2082	-13.401643	-164.56804	-14.418925	-164.35328	-0.20604926	-0.056879097	-0.18308565	-0.051279395
7.40815	-13.294899	-164.60251	-14.295561	-164.31395	-0.2086317	-0.057456912	-0.1856688	-0.052140359
7.6081	-13.213957	-164.41553	-14.171705	-164.29421	-0.2103946	-0.05868176	-0.18831705	-0.052954084
7.80805	-13.08071	-164.33224	-14.047446	-164.29358	-0.21356022	-0.059899428	-0.19102987	-0.053719162
8.008	-13.027804	-164.14723	-13.922865	-164.31163	-0.21466927	-0.060958882	-0.19380669	-0.054434175
8.20795	-12.894579	-164.0531	-13.798039	-164.34787	-0.21788528	-0.062259125	-0.19664691	-0.055097701
8.4079	-12.825514	-164.02367	-13.673041	-164.40187	-0.21959242	-0.062868948	-0.19954989	-0.055708312
8.60785	-12.6978	-163.87552	-13.547937	-164.47316	-0.22267936	-0.064376176	-0.20251499	-0.056264573
8.8078	-12.609131	-163.97458	-13.42279	-164.56128	-0.22507631	-0.064647676	-0.20554151	-0.056765043
9.00775	-12.500487	-163.65016	-13.297658	-164.66579	-0.22753496	-0.066750785	-0.20862875	-0.05720828
9.2077	-12.413167	-163.85881	-13.172595	-164.78625	-0.23007794	-0.066587806	-0.21177595	-0.057592835
9.40765	-12.298855	-163.89325	-13.047652	-164.92222	-0.23316644	-0.067329795	-0.21498233	-0.057917256
9.6076	-12.197523	-163.80785	-12.922876	-165.07327	-0.23580076	-0.068471422	-0.21824708	-0.05818009
9.80755	-12.09422	-164.0506	-12.798309	-165.23899	-0.23891336	-0.068279019	-0.22156934	-0.058379879
10.0075	-12.005043	-163.77631	-12.673993	-165.41895	-0.24104588	-0.070138392	-0.22494823	-0.058515168
10.20745	-11.8976	-164.28723	-12.549966	-165.61277	-0.24466961	-0.068832369	-0.22838284	-0.058584497
10.4074	-11.79841	-164.02486	-12.426261	-165.82004	-0.24715826	-0.070755448	-0.2318722	-0.058586411
10.60735	-11.679164	-164.37704	-12.302912	-166.04038	-0.25101101	-0.070191973	-0.23541532	-0.058519453
10.8073	-11.600778	-164.1151	-12.179948	-166.27341	-0.25296006	-0.071985499	-0.23901116	-0.058382171
11.00725	-11.485544	-164.43439	-12.057397	-166.51877	-0.25674092	-0.071517267	-0.24265865	-0.058173114
11.2072	-11.396329	-164.64665	-11.935286	-166.77611	-0.25965746	-0.07129418	-0.24635668	-0.057890839
11.40715	-11.272778	-164.76076	-11.813637	-167.04507	-0.26352081	-0.071790855	-0.2501041	-0.057533905
11.6071	-11.137803	-164.95711	-11.692473	-167.32532	-0.2678961	-0.071997524	-0.2538997	-0.05710088
11.80705	-11.090216	-164.82851	-11.571815	-167.61653	-0.26920467	-0.072997467	-0.25774226	-0.056590341
12.007	-10.913666	-165.29341	-11.451682	-167.91839	-0.27532795	-0.072264784	-0.26163048	-0.056000874
12.20695	-10.892953	-165.19078	-11.332091	-168.23059	-0.27585511	-0.072931554	-0.26556306	-0.055331074
12.4069	-10.700225	-165.5891	-11.21306	-168.55282	-0.28255594	-0.072605335	-0.26953861	-0.054579552
12.60685	-10.716803	-165.56142	-11.094602	-168.88479	-0.28198212	-0.072603128	-0.27355573	-0.05374493
12.8068	-10.52177	-166.255	-10.976733	-169.22622	-0.28926306	-0.070755466	-0.27761296	-0.052825846
13.00675	-10.458513	-166.28777	-10.859465	-169.57684	-0.29141809	-0.071105976	-0.28170879	-0.051820955
13.2067	-10.332072	-166.69156	-10.742812	-169.93638	-0.29619242	-0.070062992	-0.28584169	-0.050728932
13.40665	-10.240431	-166.90546	-10.626783	-170.30458	-0.29959621	-0.069688127	-0.29001005	-0.049548471
13.6066	-10.175101	-167.243	-10.511391	-170.68119	-0.30226649	-0.068434746	-0.29421223	-0.048278288
13.80655	-10.035923	-167.53354	-10.396645	-171.06597	-0.30749754	-0.067981737	-0.29844656	-0.046917123
14.0065	-9.9847336	-168.00104	-10.282554	-171.45867	-0.30986276	-0.065857485	-0.30271129	-0.045463741
14.20645	-9.8183708	-168.11333	-10.169128	-171.85908	-0.31598579	-0.066511875	-0.30700464	-0.043916935
14.4064	-9.78722	-168.54237	-10.056373	-172.26697	-0.31761202	-0.064374337	-0.31132479	-0.042275529
14.60635	-9.6574774	-168.79462	-9.9442987	-172.68212	-0.3226764	-0.063923136	-0.31566987	-0.040538375
14.8063	-9.5848083	-169.41115	-9.8329115	-173.10432	-0.32606212	-0.060955194	-0.32003796	-0.03870436
15.00625	-9.4549475	-169.55991	-9.7222182	-173.53337	-0.33113315	-0.061013837	-0.32442709	-0.036772406
15.2062	-9.3509617	-170.05829	-9.6122254	-173.96907	-0.33564567	-0.058831364	-0.32883526	-0.034741472
15.40615	-9.2716656	-170.34047	-9.502939	-174.41122	-0.3390122	-0.057701994	-0.3332604	-0.032610557
15.6061	-9.1749449	-170.84338	-9.3943648	-174.85965	-0.34330726	-0.055336931	-0.33770042	-0.0303787
15.80605	-9.0931549	-171.28514	-9.2865083	-175.31416	-0.34697565	-0.053186836	-0.34215317	-0.028044985
16.006	-8.9782333	-171.59508	-9.1793746	-175.77458	-0.35188333	-0.051992485	-0.34661647	-0.025608539
16.20595	-8.9119091	-172.16478	-9.0729687	-176.24074	-0.35508394	-0.048862835	-0.3510881	-0.023068538
16.4059	-8.7748594	-172.47041	-8.9672952	-176.71246	-0.3609907	-0.047715002	-0.35556577	-0.020424208
16.60585	-8.7181768	-172.91864	-8.8623586	-177.18959	-0.36371876	-0.045183407	-0.36004717	-0.017674826
16.8058	-8.6182194	-173.39394	-8.7581632	-177.67196	-0.36829512	-0.042652674	-0.36452997	-0.014819722
17.00575	-8.5100679	-173.98018	-8.6547132	-178.15942	-0.37333193	-0.039369343	-0.36901176	-0.011858283
17.2057	-8.4245329	-174.30501	-8.5520125	-178.65181	-0.37724586	-0.037620827	-0.37349014	-0.008789952
17.40565	-8.3337603	-174.6266	-8.4500648	-179.14899	-0.38141634	-0.035875809	-0.37796262	-0.0056142336
17.6056	-8.2684517	-175.36983	-8.3488737	-179.65082	-0.38473153	-0.031158671	-0.38242674	-0.0023306931
17.80555	-8.1586094	-175.69492	-8.2484429	179.84286	-0.38980053	-0.029344006	-0.38687995	0.0010610406
18.0055	-8.0715933	-176.25552	-8.1487757	179.33218	-0.39399637	-0.025785765	-0.3913197	0.004561273
18.20545	-7.9934435	-176.58597	-8.0498753	178.81728	-0.39770073	-0.023725507	-0.39574342	0.0081702421
18.4054	-7.8979082	-177.2921	-7.9517448	178.29829	-0.40236424	-0.019030618	-0.40014849	0.011888117
18.60535	-7.8019495	-177.65359	-7.8543873	177.77533	-0.40694737	-0.016674868	-0.40453228	0.015714996
18.8053	-7.6992087	-178.16838	-7.7578058	177.24854	-0.41192449	-0.013172807	-0.40889213	0.019650906
19.00525	-7.6438985	-178.73795	-7.6620029	176.71805	-0.41466722	-0.0091353225	-0.41322538	0.023695797
19.2052	-7.5376263	-179.19841	-7.5669815	176.18398	-0.41983262	-0.0058740032	-0.41752932	0.027849547
19.40515	-7.4450502	-179.89189	-7.4727442	175.64644	-0.424372	-0.00080073805	-0.42180126	0.032111955
19.6051	-7.373095	179.83235	-7.3792934	175.10556	-0.42790109	0.0012520612	-0.42603847	0.036482742
19.80505	-7.2578855	178.9332	-7.2866316	174.56145	-0.43354127	0.0080731125	-0.43023823	0.040961551
20.005	-7.2035637	178.87625	-7.1947611	174.01423	-0.43625285	0.0085573844	-0.4343978	0.045547943
20.20495	-7.1056056	177.87192	-7.1036841	173.46402	-0.44098122	0.016386461	-0.43851446	0.050241399
20.4049	-7.028532	177.50581	-7.0134028	172.91091	-0.44479692	0.019375063	-0.44258545	0.055041316
20.60485	-6.9429846	176.80319	-6.9239191	172.35503	-0.44892566	0.025073768	-0.44660804	0.05994701
20.8048	-6.8588109	176.36076	-6.8352349	171.79649	-0.45308826	0.028817444	-0.45057951	0.064957711
21.00475	-6.8270993	175.64291	-6.7473522	171.23537	-0.45434743	0.034617864	-0.45449712	0.070072567
21.2047	-6.6885252	174.85432	-6.6602726	170.67181	-0.46112635	0.041525026	-0.45835818	0.075290641
21.40465	-6.6397166	174.34224	-6.5739976	170.10589	-0.46333312	0.045901834	-0.46215998	0.08061091
21.6046	-6.5041723	173.9967	-6.4885288	169.53771	-0.47033046	0.049461112	-0.46589985	0.086032269
21.80455	-6.5333233	172.93027	-6.4038676	168.96739	-0.46775595	0.058011145	-0.46957512	0.091553525
22.0045	-6.3672361	172.57382	-6.3200152	168.39502	-0.47640911	0.06209611	-0.47318318	0.097173403
22.20445	-6.3550253	171.61133	-6.2369727	167.8207	-0.47596747	0.070188591	-0.47672141	0.10289054
22.4044	-6.219552	171.48851	-6.1547412	167.24453	-0.48329537	0.072328064	-0.48018724	0.1087035
22.60435	-6.1949792	170.31183	-6.0733216	166.6666	-0.48307286	0.082470505	-0.48357814	0.11461076
22.8043	-6.0944114	170.14778	-5.9927146	166.087	-0.48845765	0.084829826	-0.4868916	0.1206107
23.00425	-5.9973369	169.13759	-5.9129209	165.50585	-0.49235818	0.094478283	-0.49012517	0.12670164
23.2042	-5.9507637	168.55287	-5.833941	164.92321	-0.49401014	0.10003287	-0.49327642	0.1328818
23.40415	-5.8617916	168.15044	-5.7557751	164.3392	-0.49837429	0.1045658	-0.49634301	0.13914935
23.6041	-5.8383341	167.20865	-5.6784237	163.7539	-0.49793118	0.11304814	-0.4993226	0.14550237
23.80405	-5.7408214	166.69572	-5.6018867	163.1674	-0.5025091	0.11882775	-0.50221294	0.15193884
24.004	-5.6753278	165.82028	-5.5261641	162.5798	-0.50442408	0.12744896	-0.50501182	0.1584567
24.20395	-5.614975	165.34167	-5.4512556	161.99117	-0.50685146	0.13257607	-0.5077171	0.16505381
24.4039	-5.5275002	164.54843	-5.377161	161.40161	-0.51007865	0.14099313	-0.51032669	0.17172795
24.60385	-5.4893351	163.80072	-5.3038797	160.8112	-0.51043319	0.14828759	-0.51283858	0.17847685
24.8038	-5.3681426	163.17085	-5.2314111	160.22004	-0.51592076	0.15605211	-0.51525083	0.18529815
25.00375	-5.3426208	162.42769	-5.1597543	159.6282	-0.51536541	0.16320945	-0.51756155	0.19218947
25.2037	-5.2874517	161.78665	-5.0889083	159.03578	-0.51677912	0.17004177	-0.51976894	0.19914831
25.40365	-5.2050819	160.73764	-5.0188721	158.44284	-0.51847297	0.18118436	-0.52187127	0.20617218
25.6036	-5.1552563	160.31184	-4.9496442	157.84949	-0.52008706	0.18609688	-0.52386691	0.21325848
25.80355	-5.0426669	159.24721	-4.8812233	157.25579	-0.52327869	0.1982817	-0.52575427	0.2204046
26.0035	-5.0370526	158.97997	-4.8136078	156.66183	-0.52268591	0.20085	-0.52753187	0.22760785
26.20345	-4.9361615	157.8468	-4.7467958	156.06769	-0.5246707	0.21361438	-0.52919832	0.23486551
26.4034	-4.9128833	157.22803	-4.6807854	155.47345	-0.52373493	0.21985646	-0.53075229	0.24217483
26.60335	-4.8121219	156.33176	-4.6155744	154.87919	-0.52630194	0.23068253	-0.53219255	0.24953301
26.8033	-4.7777839	155.63733	-4.5511606	154.28497	-0.52554099	0.23798322	-0.53351797	0.25693721
27.00325	-4.7204156	155.24355	-4.4875415	153.69089	-0.52736463	0.24319041	-0.5347275	0.26438456
27.2032	-4.6805096	153.9418	-4.4247146	153.09702	-0.52410616	0.256283	-0.53582017	0.27187218
27.40315	-4.6026621	153.50661	-4.3626769	152.50342	-0.52684523	0.26259946	-0.53679513	0.27939714
27.6031	-4.5437336	152.82901	-4.3014257	151.91018	-0.52726796	0.27064153	-0.5376516	0.28695652
27.80305	-4.5350375	152.03783	-4.2409577	151.31736	-0.52400496	0.27817474	-0.53838889	0.29454735
28.003	-4.4503794	151.48537	-4.1812696	150.72504	-0.52640415	0.2859882	-0.53900643	0.30216667
28.20295	-4.4134145	150.31952	-4.1223582	150.13328	-0.52269605	0.2979046	-0.53950371	0.30981151
28.4029	-4.3694992	150.0107	-4.0642197	149.54217	-0.52372401	0.30224181	-0.53988035	0.31747887
28.60285	-4.2873774	148.66211	-4.0068504	148.95176	-0.52137178	0.31747145	-0.54013602	0.32516578
28.8028	-4.2916255	148.10188	-3.9502463	148.36212	-0.51798932	0.32239637	-0.54027053	0.33286926
29.00275	-4.1470866	147.33022	-3.8944036	147.77332	-0.52221859	0.33486955	-0.54028376	0.34058632
29.2027	-4.2267547	146.40385	-3.8393178	147.18542	-0.51201843	0.34013464	-0.54017567	0.34831399
29.40265	-4.0634627	145.89047	-3.7849847	146.5985	-0.51860886	0.35125041	-0.53994634	0.35604932
29.6026	-4.147471	144.59444	-3.7313997	146.0126	-0.50561762	0.35939759	-0.53959591	0.36378937
29.80255	-4.0342093	144.16312	-3.6785582	145.4278	-0.50949839	0.3679606	-0.53912464	0.3715312
30.0025	-4.0018373	143.10106	-3.6264555	144.84416	-0.5044672	0.37875009	-0.53853286	0.37927193
30.20245	-3.9053156	142.87015	-3.5750865	144.26172	-0.50855673	0.38503509	-0.53782099	0.38700867
30.4024	-3.8949816	142.23494	-3.5244461	143.68056	-0.50485716	0.39111448	-0.53698954	0.39473857
30.60235	-3.9108284	140.74464	-3.4745293	143.10073	-0.49361301	0.40337576	-0.53603909	0.40245883
30.8023	-3.743485	140.72382	-3.4253307	142.52229	-0.50306576	0.41140542	-0.53497033	0.41016665
31.00225	-3.7352746	139.84299	-3.3768449	141.94528	-0.49715158	0.41948666	-0.533784	0.41785929
31.2022	-3.7486784	139.99792	-3.3290662	141.36977	-0.49751573	0.41749604	-0.53248093	0.42553405
31.40215	-3.7547905	137.84879	-3.281989	140.79581	-0.48117072	0.43555292	-0.53106203	0.43318826
31.6021	-3.728879	137.7868	-3.2356076	140.22345	-0.48213535	0.43737608	-0.52952829	0.44081931
31.80205	-3.550323	136.29808	-3.1899159	139.65273	-0.48038397	0.45909569	-0.52788075	0.44842463
32.002	-3.6802096	136.89095	-3.1449082	139.08372	-0.47790845	0.44736043	-0.52612054	0.45600169
32.20195	-3.5863485	134.64221	-3.1005781	138.51644	-0.4649846	0.47082847	-0.52424885	0.46354803
32.4019	-3.510499	134.31551	-3.0569196	137.95096	-0.46634704	0.47762484	-0.52226692	0.47106123
32.60185	-3.4966176	133.67259	-3.0139264	137.38732	-0.4616956	0.48359982	-0.52017608	0.47853893
32.8018	-3.4336381	132.668	-2.9715922	136.82556	-0.45644353	0.49519775	-0.51797769	0.48597883
33.00175	-3.5253441	131.98354	-2.9299104	136.26572	-0.4457641	0.49535729	-0.5156732	0.49337869
33.2017	-3.3217597	130.81378	-2.8888746	135.70784	-0.44588803	0.51631516	-0.51326408	0.50073632
33.40165	-3.4115729	130.20944	-2.8484782	135.15197	-0.43588687	0.51563011	-0.51075186	0.5080496
33.6016	-3.2489228	129.69261	-2.8087145	134.59814	-0.439369	0.52936142	-0.50813814	0.51531647
33.80155	-3.3431373	128.5847	-2.7695769	134.0464	-0.4244227	0.53195641	-0.50542454	0.52253494
34.0015	-3.176487	128.53865	-2.7310586	133.49677	-0.43220846	0.54260879	-0.50261274	0.52970308
34.20145	-3.18736	126.70701	-2.6931527	132.9493	-0.41412566	0.55545036	-0.49970444	0.53681902
34.4014	-3.0869362	127.3027	-2.6558524	132.40401	-0.42476074	0.55752366	-0.49670139	0.54388096
34.60135	-3.1262684	125.92464	-2.6191507	131.86094	-0.40937184	0.56501329	-0.49360538	0.55088717
34.8013	-3.1690969	125.29223	-2.5830408	131.32013	-0.40112784	0.56669611	-0.49041822	0.55783599
35.00125	-3.0074618	123.89962	-2.5475157	130.78159	-0.39451034	0.58710174	-0.48714176	0.56472581
35.2012	-3.0072463	123.10725	-2.5125683	130.24537	-0.38636316	0.59251599	-0.48377787	0.57155512
35.40115	-2.807133	124.26865	-2.4781916	129.71149	-0.40757618	0.59818715	-0.48032845	0.57832244
35.6011	-3.1517909	122.07443	-2.4443786	129.17997	-0.36942112	0.58949197	-0.4767954	0.58502638
35.80105	-2.8876345	121.6279	-2.4111222	128.65084	-0.37608105	0.61064455	-0.47318066	0.59166561
36.001	-2.9126756	119.45247	-2.3784153	128.12413	-0.35161521	0.62268246	-0.46948618	0.59823888
36.20095	-2.8620217	119.56557	-2.3462507	127.59986	-0.35490738	0.62562504	-0.46571393	0.60474499
36.4009	-2.847945	118.2267	-2.3146215	127.07804	-0.34074418	0.63477475	-0.46186587	0.61118281
36.60085	-2.93419	117.312	-2.2835205	126.55871	-0.32730125	0.63380881	-0.457944	0.61755128
36.8008	-2.7736242	116.42847	-2.2529407	126.04189	-0.3234127	0.65069861	-0.4539503	0.6238494
37.00075	-2.8385727	115.32414	-2.2228748	125.52758	-0.30849629	0.65191791	-0.44988675	0.63007625
37.2007	-2.7599795	115.02832	-2.193316	125.01581	-0.30789975	0.65944195	-0.44575537	0.63623095
37.40065	-2.73669	114.0033	-2.164257	124.50659	-0.29684858	0.66662949	-0.44155814	0.6423127
37.6006	-2.8327804	113.3257	-2.1356909	123.99995	-0.28576529	0.66272116	-0.43729706	0.64832075
37.80055	-2.6059861	112.26499	-2.1076106	123.49589	-0.28068209	0.68556656	-0.4329741	0.65425442
38.0005	-2.7356386	111.66066	-2.0800092	122.99443	-0.26938436	0.67828826	-0.42859127	0.66011309
38.20045	-2.5649805	111.06119	-2.0528796	122.49558	-0.26747702	0.69458338	-0.42415053	0.66589619
38.4004	-2.6315019	110.25521	-2.026215	121.99936	-0.25571425	0.69294977	-0.41965384	0.67160322
38.60035	-2.6169393	110.11334	-2.0000083	121.50577	-0.25442387	0.69474463	-0.41510316	0.67723372
38.8003	-2.5345528	107.82344	-1.9742528	121.01482	-0.22861995	0.71106819	-0.41050043	0.6827873
39.00025	-2.6212468	108.72273	-1.9489416	120.52653	-0.23737089	0.70036705	-0.40584757	0.68826361
39.2002	-2.5441203	105.76728	-1.9240679	120.04089	-0.20273685	0.71802169	-0.4011465	0.69366238
39.40015	-2.580569	106.28456	-1.899625	119.55792	-0.2083349	0.71316315	-0.39639912	0.69898335
39.6001	-2.5696056	104.8714	-1.8756061	119.07763	-0.19092449	0.7189911	-0.39160728	0.70422635
39.80005	-2.557874	104.24178	-1.8520046	118.60001	-0.18325952	0.72202024	-0.38677286	0.70939122
40	-2.5826464	103.58618	-1.8288139	118.12508	-0.17448772	0.72200773	-0.38189768	0.71447789
