DEVICE NUMBER: 
COMMENTS: 
KEITHLEY VOLTAGE: -5.000000E+00 V
FREQUENCY SWEEP RUN TIME: 938.35 s
TOTAL RUN TIME: 1059.78 s
RF Link Loss File (.xlsx): None
RF Probe Loss File (.s2p): C:/Users/jcchighpower/Desktop/Jeongyong/Bias_tee+cable_cal/S21_cal_bias_tee_cal.s2p
INITIAL PHOTOCURRENT: -86.719 (mA)
STARTING WAVELENGTH FOR LASER 3: 1555.6 (nm) : STARTING WAVELENGTH FOR LASER 4: 1555.022 (nm) : DELAY: 3.5 (s) 
DATE: 03/27/2026
TIME: 16:27:36

F_BEAT(GHz)	I_PD (mA)	Raw RF POW (dBm)	Total RF Loss (dB)	Probe RF Loss (dB)	Link RF Loss (dB)	Cal RF POW (dBm)	VOA P Actual (dBm)
0.50      	-8.6719e+01	-27.31    	0.14      	0.14      	0.00      	-27.17    	0.416     
1.00      	-8.6718e+01	-27.57    	0.23      	0.23      	0.00      	-27.34    	0.414     
1.50      	-8.6718e+01	-27.78    	0.40      	0.40      	0.00      	-27.38    	0.412     
2.00      	-8.6717e+01	-27.91    	0.56      	0.56      	0.00      	-27.35    	0.410     
2.50      	-8.6717e+01	-27.93    	0.46      	0.46      	0.00      	-27.47    	0.408     
2.92      	-8.6717e+01	-27.93    	0.41      	0.41      	0.00      	-27.52    	0.408     
3.42      	-8.6717e+01	-27.84    	0.41      	0.41      	0.00      	-27.43    	0.407     
3.92      	-8.6719e+01	-27.88    	0.41      	0.41      	0.00      	-27.47    	0.405     
4.42      	-8.6717e+01	-27.89    	0.38      	0.38      	0.00      	-27.51    	0.403     
5.08      	-8.6716e+01	-28.01    	0.40      	0.40      	0.00      	-27.61    	0.402     
5.58      	-8.6718e+01	-27.96    	0.42      	0.42      	0.00      	-27.54    	0.399     
5.92      	-8.6716e+01	-28.05    	0.43      	0.43      	0.00      	-27.62    	0.397     
6.50      	-8.6716e+01	-28.07    	0.46      	0.46      	0.00      	-27.61    	0.396     
7.17      	-8.6716e+01	-28.05    	0.48      	0.48      	0.00      	-27.57    	0.394     
7.67      	-8.6720e+01	-28.03    	0.49      	0.49      	0.00      	-27.54    	0.393     
8.17      	-8.6717e+01	-28.04    	0.48      	0.48      	0.00      	-27.56    	0.393     
8.50      	-8.6717e+01	-28.22    	0.43      	0.43      	0.00      	-27.79    	0.393     
9.00      	-8.6719e+01	-28.26    	0.21      	0.21      	0.00      	-28.05    	0.393     
9.67      	-8.6718e+01	-28.27    	0.28      	0.28      	0.00      	-27.99    	0.394     
10.00     	-8.6718e+01	-28.38    	0.35      	0.35      	0.00      	-28.03    	0.393     
10.67     	-8.6717e+01	-28.18    	0.12      	0.12      	0.00      	-28.06    	0.393     
11.00     	-8.6718e+01	-28.17    	0.04      	0.04      	0.00      	-28.13    	0.394     
11.50     	-8.6721e+01	-28.31    	0.01      	0.01      	0.00      	-28.30    	0.395     
12.17     	-8.6718e+01	-28.66    	0.01      	0.01      	0.00      	-28.65    	0.398     
12.67     	-8.6719e+01	-28.65    	0.15      	0.15      	0.00      	-28.50    	0.401     
13.33     	-8.6720e+01	-28.80    	0.32      	0.32      	0.00      	-28.48    	0.404     
13.83     	-8.6719e+01	-28.78    	0.56      	0.56      	0.00      	-28.22    	0.406     
14.33     	-8.6720e+01	-28.90    	0.53      	0.53      	0.00      	-28.37    	0.408     
14.83     	-8.6721e+01	-28.64    	0.67      	0.67      	0.00      	-27.97    	0.410     
15.33     	-8.6722e+01	-28.65    	0.76      	0.76      	0.00      	-27.89    	0.411     
16.00     	-8.6721e+01	-28.81    	0.70      	0.70      	0.00      	-28.11    	0.413     
16.50     	-8.6722e+01	-29.73    	0.59      	0.59      	0.00      	-29.14    	0.415     
17.00     	-8.6722e+01	-29.17    	0.29      	0.29      	0.00      	-28.88    	0.417     
17.67     	-8.6722e+01	-29.32    	0.35      	0.35      	0.00      	-28.97    	0.418     
18.00     	-8.6724e+01	-29.04    	0.31      	0.31      	0.00      	-28.73    	0.419     
18.50     	-8.6724e+01	-29.06    	0.62      	0.62      	0.00      	-28.44    	0.419     
19.00     	-8.6726e+01	-29.08    	0.97      	0.97      	0.00      	-28.11    	0.420     
19.67     	-8.6725e+01	-29.39    	1.30      	1.30      	0.00      	-28.09    	0.421     
20.17     	-8.6724e+01	-29.95    	1.60      	1.60      	0.00      	-28.35    	0.423     
20.67     	-8.6723e+01	-30.13    	1.97      	1.97      	0.00      	-28.16    	0.424     
21.17     	-8.6723e+01	-29.54    	2.11      	2.11      	0.00      	-27.43    	0.426     
21.67     	-8.6725e+01	-29.68    	1.79      	1.79      	0.00      	-27.89    	0.428     
22.00     	-8.6726e+01	-29.49    	1.56      	1.56      	0.00      	-27.93    	0.430     
22.67     	-8.6725e+01	-29.61    	1.31      	1.31      	0.00      	-28.30    	0.431     
23.17     	-8.6725e+01	-29.62    	1.24      	1.24      	0.00      	-28.38    	0.432     
23.67     	-8.6725e+01	-30.39    	1.22      	1.22      	0.00      	-29.17    	0.432     
24.17     	-8.6726e+01	-30.59    	1.25      	1.25      	0.00      	-29.34    	0.432     
24.67     	-8.6725e+01	-30.65    	1.24      	1.24      	0.00      	-29.41    	0.428     
25.17     	-8.6725e+01	-30.67    	1.22      	1.22      	0.00      	-29.45    	0.428     
25.67     	-8.6724e+01	-30.09    	1.12      	1.12      	0.00      	-28.97    	0.427     
26.17     	-8.6724e+01	-30.87    	0.98      	0.98      	0.00      	-29.89    	0.427     
26.67     	-8.6724e+01	-31.19    	1.00      	1.00      	0.00      	-30.19    	0.427     
27.42     	-8.6724e+01	-30.98    	0.94      	0.94      	0.00      	-30.04    	0.426     
27.92     	-8.6724e+01	-31.46    	0.98      	0.98      	0.00      	-30.48    	0.425     
28.42     	-8.6724e+01	-31.48    	0.97      	0.97      	0.00      	-30.51    	0.423     
28.92     	-8.6724e+01	-31.11    	1.00      	1.00      	0.00      	-30.11    	0.420     
29.42     	-8.6723e+01	-30.91    	1.04      	1.04      	0.00      	-29.87    	0.417     
29.92     	-8.6723e+01	-30.99    	1.24      	1.24      	0.00      	-29.75    	0.414     
30.58     	-8.6722e+01	-33.16    	1.23      	1.23      	0.00      	-31.93    	0.411     
31.08     	-8.6721e+01	-33.56    	1.44      	1.44      	0.00      	-32.12    	0.410     
