DEVICE NUMBER: 
COMMENTS: 
KEITHLEY VOLTAGE: -7.000000E+00 V
FREQUENCY SWEEP RUN TIME: 938.21 s
TOTAL RUN TIME: 1059.92 s
RF Link Loss File (.xlsx): None
RF Probe Loss File (.s2p): C:/Users/jcchighpower/Desktop/Jeongyong/Bias_tee+cable_cal/S21_cal_bias_tee_cal.s2p
INITIAL PHOTOCURRENT: -115.51 (mA)
STARTING WAVELENGTH FOR LASER 3: 1555.6 (nm) : STARTING WAVELENGTH FOR LASER 4: 1555.021 (nm) : DELAY: 3.5 (s) 
DATE: 03/27/2026
TIME: 15:15:44

F_BEAT(GHz)	I_PD (mA)	Raw RF POW (dBm)	Total RF Loss (dB)	Probe RF Loss (dB)	Link RF Loss (dB)	Cal RF POW (dBm)	VOA P Actual (dBm)
4.58      	-1.1551e+02	32.04     	0.38      	0.38      	0.00      	32.42     	3.415     
0.83      	-1.1550e+02	-21.43    	0.21      	0.21      	0.00      	-21.22    	3.400     
1.50      	-1.1550e+02	-21.57    	0.40      	0.40      	0.00      	-21.17    	3.398     
2.00      	-1.1548e+02	-21.75    	0.56      	0.56      	0.00      	-21.19    	3.396     
2.50      	-1.1548e+02	-21.89    	0.46      	0.46      	0.00      	-21.43    	3.395     
2.92      	-1.1548e+02	-21.82    	0.41      	0.41      	0.00      	-21.41    	3.393     
3.58      	-1.1548e+02	-21.77    	0.41      	0.41      	0.00      	-21.36    	3.391     
3.92      	-1.1547e+02	-21.83    	0.41      	0.41      	0.00      	-21.42    	3.389     
4.58      	-1.1547e+02	-21.82    	0.38      	0.38      	0.00      	-21.44    	3.387     
5.08      	-1.1547e+02	-21.97    	0.40      	0.40      	0.00      	-21.57    	3.384     
5.58      	-1.1547e+02	-21.94    	0.42      	0.42      	0.00      	-21.52    	3.382     
6.08      	-1.1545e+02	-21.98    	0.44      	0.44      	0.00      	-21.54    	3.379     
6.67      	-1.1546e+02	-22.01    	0.47      	0.47      	0.00      	-21.54    	3.377     
7.17      	-1.1547e+02	-22.06    	0.48      	0.48      	0.00      	-21.58    	3.375     
7.67      	-1.1546e+02	-22.00    	0.49      	0.49      	0.00      	-21.51    	3.373     
8.17      	-1.1546e+02	-22.01    	0.48      	0.48      	0.00      	-21.53    	3.373     
8.67      	-1.1547e+02	-22.11    	0.39      	0.39      	0.00      	-21.72    	3.373     
9.33      	-1.1546e+02	-22.29    	0.10      	0.10      	0.00      	-22.19    	3.373     
9.83      	-1.1547e+02	-22.16    	0.33      	0.33      	0.00      	-21.83    	3.373     
10.33     	-1.1546e+02	-22.32    	0.20      	0.20      	0.00      	-22.12    	3.373     
10.67     	-1.1546e+02	-22.24    	0.12      	0.12      	0.00      	-22.12    	3.373     
11.17     	-1.1546e+02	-22.22    	0.00      	0.00      	0.00      	-22.22    	3.373     
11.67     	-1.1546e+02	-22.20    	0.06      	0.06      	0.00      	-22.14    	3.374     
12.33     	-1.1546e+02	-22.50    	0.04      	0.04      	0.00      	-22.46    	3.376     
12.83     	-1.1546e+02	-22.67    	0.23      	0.23      	0.00      	-22.44    	3.378     
13.25     	-1.1545e+02	-22.74    	0.34      	0.34      	0.00      	-22.40    	3.380     
13.83     	-1.1545e+02	-22.67    	0.56      	0.56      	0.00      	-22.11    	3.383     
14.33     	-1.1546e+02	-22.85    	0.53      	0.53      	0.00      	-22.32    	3.386     
14.83     	-1.1546e+02	-22.59    	0.67      	0.67      	0.00      	-21.92    	3.387     
15.67     	-1.1546e+02	-22.72    	0.75      	0.75      	0.00      	-21.97    	3.389     
16.00     	-1.1546e+02	-22.69    	0.70      	0.70      	0.00      	-21.99    	3.389     
16.50     	-1.1546e+02	-23.50    	0.59      	0.59      	0.00      	-22.91    	3.391     
17.00     	-1.1546e+02	-23.11    	0.29      	0.29      	0.00      	-22.82    	3.392     
17.50     	-1.1547e+02	-23.15    	0.31      	0.31      	0.00      	-22.84    	3.394     
18.00     	-1.1547e+02	-22.92    	0.31      	0.31      	0.00      	-22.61    	3.395     
18.67     	-1.1544e+02	-22.90    	0.67      	0.67      	0.00      	-22.23    	3.396     
19.17     	-1.1548e+02	-22.93    	1.12      	1.12      	0.00      	-21.81    	3.397     
19.67     	-1.1547e+02	-23.24    	1.30      	1.30      	0.00      	-21.94    	3.398     
20.17     	-1.1546e+02	-23.54    	1.60      	1.60      	0.00      	-21.94    	3.398     
20.67     	-1.1547e+02	-24.01    	1.97      	1.97      	0.00      	-22.04    	3.399     
21.17     	-1.1547e+02	-23.36    	2.11      	2.11      	0.00      	-21.25    	3.400     
21.67     	-1.1548e+02	-23.44    	1.79      	1.79      	0.00      	-21.65    	3.401     
22.17     	-1.1547e+02	-23.23    	1.46      	1.46      	0.00      	-21.77    	3.403     
22.67     	-1.1547e+02	-23.33    	1.31      	1.31      	0.00      	-22.02    	3.404     
23.17     	-1.1547e+02	-23.36    	1.24      	1.24      	0.00      	-22.12    	3.407     
23.67     	-1.1547e+02	-23.98    	1.22      	1.22      	0.00      	-22.76    	3.407     
24.33     	-1.1547e+02	-24.21    	1.25      	1.25      	0.00      	-22.96    	3.408     
24.83     	-1.1547e+02	-24.29    	1.23      	1.23      	0.00      	-23.06    	3.407     
25.33     	-1.1547e+02	-24.25    	1.19      	1.19      	0.00      	-23.06    	3.407     
25.83     	-1.1546e+02	-23.77    	1.09      	1.09      	0.00      	-22.68    	3.405     
26.33     	-1.1546e+02	-24.15    	0.98      	0.98      	0.00      	-23.17    	3.404     
26.83     	-1.1546e+02	-24.73    	1.01      	1.01      	0.00      	-23.72    	3.402     
27.42     	-1.1547e+02	-24.54    	0.94      	0.94      	0.00      	-23.60    	3.401     
27.92     	-1.1547e+02	-24.99    	0.98      	0.98      	0.00      	-24.01    	3.400     
28.42     	-1.1546e+02	-24.92    	0.97      	0.97      	0.00      	-23.95    	3.398     
29.08     	-1.1547e+02	-24.53    	0.99      	0.99      	0.00      	-23.54    	3.399     
29.42     	-1.1546e+02	-24.41    	1.04      	1.04      	0.00      	-23.37    	3.396     
29.92     	-1.1546e+02	-24.33    	1.24      	1.24      	0.00      	-23.09    	3.393     
30.58     	-1.1547e+02	-26.08    	1.23      	1.23      	0.00      	-24.85    	3.391     
31.33     	-1.1546e+02	-27.00    	1.46      	1.46      	0.00      	-25.54    	3.389     
