DEVICE NUMBER: 
COMMENTS: 
KEITHLEY VOLTAGE: -7.000000E+00 V
FREQUENCY SWEEP RUN TIME: 470.84 s
TOTAL RUN TIME: 501.76 s
RF Link Loss File (.xlsx): None
RF Probe Loss File (.s2p): C:/Users/jcchighpower/Desktop/Jeongyong/Bias_tee+cable_cal/Cal.s2p
INITIAL PHOTOCURRENT: -93.084 (mA)
STARTING WAVELENGTH FOR LASER 3: 1555.2 (nm) : STARTING WAVELENGTH FOR LASER 4: 1554.593 (nm) : DELAY: 3.5 (s) 
DATE: 01/21/2026
TIME: 18:13:13

F_BEAT(GHz)	I_PD (mA)	Raw RF POW (dBm)	Total RF Loss (dB)	Probe RF Loss (dB)	Link RF Loss (dB)	Cal RF POW (dBm)	VOA P Actual (dBm)
1.50      	-9.3084e+01	-21.21    	0.35      	0.35      	0.00      	-20.86    	5.885     
1.83      	-9.3084e+01	-21.30    	0.46      	0.46      	0.00      	-20.84    	5.887     
2.33      	-9.3085e+01	-21.38    	0.48      	0.48      	0.00      	-20.90    	5.887     
2.92      	-9.3088e+01	-21.48    	0.36      	0.36      	0.00      	-21.12    	5.887     
3.42      	-9.3088e+01	-22.06    	0.35      	0.35      	0.00      	-21.71    	5.889     
3.92      	-9.3091e+01	-24.01    	0.36      	0.36      	0.00      	-23.65    	5.891     
4.42      	-9.3093e+01	-22.46    	0.33      	0.33      	0.00      	-22.13    	5.893     
4.92      	-9.3099e+01	-21.86    	0.32      	0.32      	0.00      	-21.54    	5.893     
5.42      	-9.3103e+01	-21.58    	0.33      	0.33      	0.00      	-21.25    	5.895     
6.08      	-9.3109e+01	-21.78    	0.35      	0.35      	0.00      	-21.43    	5.896     
6.67      	-9.3114e+01	-21.65    	0.37      	0.37      	0.00      	-21.28    	5.898     
7.17      	-9.3117e+01	-21.58    	0.39      	0.39      	0.00      	-21.19    	5.899     
7.67      	-9.3117e+01	-21.59    	0.40      	0.40      	0.00      	-21.19    	5.899     
8.17      	-9.3120e+01	-21.67    	0.42      	0.42      	0.00      	-21.25    	5.900     
8.67      	-9.3125e+01	-21.75    	0.42      	0.42      	0.00      	-21.33    	5.901     
9.50      	-9.3128e+01	-21.90    	0.45      	0.45      	0.00      	-21.45    	5.902     
10.00     	-9.3130e+01	-21.80    	0.47      	0.47      	0.00      	-21.33    	5.903     
10.50     	-9.3127e+01	-21.82    	0.50      	0.50      	0.00      	-21.32    	5.903     
10.83     	-9.3128e+01	-21.81    	0.53      	0.53      	0.00      	-21.28    	5.903     
11.50     	-9.3127e+01	-21.74    	0.57      	0.57      	0.00      	-21.17    	5.903     
12.00     	-9.3129e+01	-21.77    	0.60      	0.60      	0.00      	-21.17    	5.903     
12.50     	-9.3133e+01	-21.99    	0.63      	0.63      	0.00      	-21.36    	5.903     
13.00     	-9.3133e+01	-22.11    	0.66      	0.66      	0.00      	-21.45    	5.902     
13.67     	-9.3132e+01	-22.39    	0.74      	0.74      	0.00      	-21.65    	5.904     
14.17     	-9.3132e+01	-22.27    	0.78      	0.78      	0.00      	-21.49    	5.906     
14.67     	-9.3136e+01	-22.28    	0.83      	0.83      	0.00      	-21.45    	5.906     
15.33     	-9.3136e+01	-22.11    	0.89      	0.89      	0.00      	-21.22    	5.907     
15.67     	-9.3142e+01	-22.37    	0.90      	0.90      	0.00      	-21.47    	5.908     
16.33     	-9.3140e+01	-22.46    	0.97      	0.97      	0.00      	-21.49    	5.909     
16.83     	-9.3143e+01	-22.81    	0.94      	0.94      	0.00      	-21.87    	5.909     
17.33     	-9.3142e+01	-22.88    	0.96      	0.96      	0.00      	-21.92    	5.910     
18.00     	-9.3141e+01	-22.72    	0.95      	0.95      	0.00      	-21.77    	5.912     
18.50     	-9.3142e+01	-22.76    	0.97      	0.97      	0.00      	-21.79    	5.914     
19.00     	-9.3142e+01	-22.76    	1.00      	1.00      	0.00      	-21.76    	5.915     
19.50     	-9.3143e+01	-22.59    	1.05      	1.05      	0.00      	-21.54    	5.917     
20.00     	-9.3142e+01	-23.13    	1.07      	1.07      	0.00      	-22.06    	5.919     
20.50     	-9.3144e+01	-23.06    	1.10      	1.10      	0.00      	-21.96    	5.920     
21.00     	-9.3145e+01	-23.68    	1.09      	1.09      	0.00      	-22.59    	5.920     
21.83     	-9.3143e+01	-23.47    	1.05      	1.05      	0.00      	-22.42    	5.920     
22.17     	-9.3144e+01	-22.99    	1.07      	1.07      	0.00      	-21.92    	5.920     
22.67     	-9.3146e+01	-23.21    	1.08      	1.08      	0.00      	-22.13    	5.919     
23.33     	-9.3148e+01	-23.11    	1.10      	1.10      	0.00      	-22.01    	5.920     
23.83     	-9.3147e+01	-23.72    	1.13      	1.13      	0.00      	-22.59    	5.920     
24.33     	-9.3149e+01	-23.93    	1.18      	1.18      	0.00      	-22.75    	5.920     
25.00     	-9.3146e+01	-24.00    	1.20      	1.20      	0.00      	-22.80    	5.920     
25.67     	-9.3145e+01	-23.80    	1.19      	1.19      	0.00      	-22.61    	5.918     
26.17     	-9.3145e+01	-23.97    	1.07      	1.07      	0.00      	-22.90    	5.918     
26.83     	-9.3145e+01	-23.75    	1.01      	1.01      	0.00      	-22.74    	5.916     
27.42     	-9.3145e+01	-24.16    	0.93      	0.93      	0.00      	-23.23    	5.916     
27.92     	-9.3149e+01	-24.97    	0.92      	0.92      	0.00      	-24.05    	5.916     
28.58     	-9.3151e+01	-24.87    	0.93      	0.93      	0.00      	-23.94    	5.916     
29.08     	-9.3148e+01	-24.48    	0.97      	0.97      	0.00      	-23.51    	5.916     
29.75     	-9.3149e+01	-24.78    	1.10      	1.10      	0.00      	-23.68    	5.917     
30.25     	-9.3147e+01	-24.78    	1.13      	1.13      	0.00      	-23.65    	5.916     
30.92     	-9.3147e+01	-25.12    	1.20      	1.20      	0.00      	-23.92    	5.915     
31.33     	-9.3148e+01	-26.84    	1.38      	1.38      	0.00      	-25.46    	5.915     
32.00     	-9.3148e+01	-26.21    	1.52      	1.52      	0.00      	-24.69    	5.915     
32.50     	-9.3147e+01	-26.73    	1.67      	1.67      	0.00      	-25.06    	5.913     
33.00     	-9.3148e+01	-26.33    	1.80      	1.80      	0.00      	-24.53    	5.912     
33.67     	-9.3147e+01	-26.98    	1.73      	1.73      	0.00      	-25.25    	5.910     
