Freq_GHz	r_meas	x_meas	r_fit	x_fit	R_meas_ohm	X_meas_ohm	R_fit_ohm	X_fit_ohm
0.01	0.71364	-0.0040973	0.76	-0.000103807	35.682	-0.204865	38	-0.00519037
0.20995	0.711661	-0.00246345	0.759942	-0.00217898	35.583	-0.123172	37.9971	-0.108949
0.4099	0.710519	-0.00561843	0.75978	-0.00425168	35.526	-0.280922	37.989	-0.212584
0.60985	0.710599	-0.00753921	0.759512	-0.00631954	35.5299	-0.376961	37.9756	-0.315977
0.8098	0.710404	-0.0107374	0.75914	-0.0083802	35.5202	-0.536871	37.957	-0.41901
1.00975	0.709958	-0.0124181	0.758663	-0.0104313	35.4979	-0.620904	37.9332	-0.521567
1.2097	0.709802	-0.0158323	0.758083	-0.0124706	35.4901	-0.791616	37.9041	-0.623529
1.40965	0.708931	-0.0174224	0.757398	-0.0144956	35.4466	-0.871118	37.8699	-0.724782
1.6096	0.708543	-0.0201114	0.756611	-0.0165042	35.4271	-1.00557	37.8305	-0.825209
1.80955	0.707265	-0.0230128	0.75572	-0.0184939	35.3633	-1.15064	37.786	-0.924694
2.0095	0.706311	-0.0253741	0.754727	-0.0204625	35.3156	-1.26871	37.7364	-1.02313
2.20945	0.706059	-0.027714	0.753633	-0.0224078	35.3029	-1.3857	37.6816	-1.12039
2.4094	0.704365	-0.0299893	0.752437	-0.0243274	35.2183	-1.49947	37.6219	-1.21637
2.60935	0.703886	-0.033174	0.751142	-0.0262193	35.1943	-1.6587	37.5571	-1.31097
2.8093	0.701598	-0.0348841	0.749747	-0.0280812	35.0799	-1.74421	37.4873	-1.40406
3.00925	0.701685	-0.0370415	0.748253	-0.0299109	35.0842	-1.85208	37.4126	-1.49554
3.2092	0.698703	-0.0391784	0.746662	-0.0317063	34.9352	-1.95892	37.3331	-1.58531
3.40915	0.697865	-0.0418536	0.744973	-0.0334653	34.8932	-2.09268	37.2487	-1.67326
3.6091	0.696487	-0.0442457	0.74319	-0.0351858	34.8244	-2.21228	37.1595	-1.75929
3.80905	0.694479	-0.0460641	0.741311	-0.0368658	34.7239	-2.3032	37.0656	-1.84329
4.009	0.692938	-0.0488291	0.73934	-0.0385034	34.6469	-2.44146	36.967	-1.92517
4.20895	0.690646	-0.0501992	0.737276	-0.0400965	34.5323	-2.50996	36.8638	-2.00482
4.4089	0.689376	-0.0531946	0.73512	-0.0416432	34.4688	-2.65973	36.756	-2.08216
4.60885	0.686465	-0.0544912	0.732876	-0.0431416	34.3233	-2.72456	36.6438	-2.15708
4.8088	0.685348	-0.0576319	0.730542	-0.04459	34.2674	-2.8816	36.5271	-2.2295
5.00875	0.682639	-0.0590521	0.728122	-0.0459865	34.1319	-2.9526	36.4061	-2.29932
5.2087	0.680856	-0.0607552	0.725616	-0.0473293	34.0428	-3.03776	36.2808	-2.36647
5.40865	0.678619	-0.0633061	0.723026	-0.0486169	33.931	-3.1653	36.1513	-2.43084
5.6086	0.675803	-0.064424	0.720353	-0.0498474	33.7901	-3.2212	36.0177	-2.49237
5.80855	0.674334	-0.0668847	0.717599	-0.0510194	33.7167	-3.34423	35.88	-2.55097
6.0085	0.670284	-0.0680289	0.714766	-0.0521312	33.5142	-3.40145	35.7383	-2.60656
6.20845	0.66876	-0.0700882	0.711854	-0.0531814	33.438	-3.50441	35.5927	-2.65907
6.4084	0.665324	-0.0718595	0.708867	-0.0541684	33.2662	-3.59298	35.4433	-2.70842
6.60835	0.664296	-0.0728591	0.705804	-0.055091	33.2148	-3.64296	35.2902	-2.75455
6.8083	0.65951	-0.0743128	0.702669	-0.0559477	32.9755	-3.71564	35.1334	-2.79738
7.00825	0.657318	-0.0759812	0.699462	-0.0567372	32.8659	-3.79906	34.9731	-2.83686
7.2082	0.654627	-0.0780347	0.696186	-0.0574583	32.7313	-3.90173	34.8093	-2.87292
7.40815	0.651033	-0.0784881	0.692842	-0.0581099	32.5516	-3.92441	34.6421	-2.90549
7.6081	0.648479	-0.0799208	0.689433	-0.0586907	32.424	-3.99604	34.4716	-2.93453
7.80805	0.644038	-0.0811471	0.685959	-0.0591997	32.2019	-4.05736	34.2979	-2.95999
8.008	0.642402	-0.0824249	0.682423	-0.0596359	32.1201	-4.12125	34.1211	-2.98179
8.20795	0.63791	-0.0837311	0.678826	-0.0599982	31.8955	-4.18655	33.9413	-2.99991
8.4079	0.635546	-0.084311	0.675171	-0.0602859	31.7773	-4.21555	33.7586	-3.01429
8.60785	0.63123	-0.0858871	0.67146	-0.0604979	31.5615	-4.29435	33.573	-3.0249
8.8078	0.628018	-0.085911	0.667693	-0.0606336	31.4009	-4.29555	33.3847	-3.03168
9.00775	0.624478	-0.0883357	0.663874	-0.0606921	31.2239	-4.41679	33.1937	-3.03461
9.2077	0.621163	-0.0877584	0.660003	-0.0606728	31.0581	-4.38792	33.0002	-3.03364
9.40765	0.617021	-0.0882879	0.656083	-0.060575	30.851	-4.41439	32.8042	-3.02875
9.6076	0.613431	-0.0893946	0.652117	-0.0603981	30.6715	-4.46973	32.6058	-3.01991
9.80755	0.60943	-0.0886989	0.648104	-0.0601416	30.4715	-4.43495	32.4052	-3.00708
10.0075	0.606413	-0.0907873	0.644049	-0.059805	30.3207	-4.53937	32.2024	-2.99025
10.2074	0.601953	-0.0885907	0.639952	-0.0593879	30.0976	-4.42954	31.9976	-2.9694
10.4074	0.598501	-0.0906883	0.635815	-0.0588899	29.925	-4.53441	31.7908	-2.94449
10.6074	0.59369	-0.0894191	0.631641	-0.0583106	29.6845	-4.47095	31.582	-2.91553
10.8073	0.590969	-0.0914049	0.62743	-0.0576499	29.5484	-4.57024	31.3715	-2.88249
11.0073	0.586281	-0.0902704	0.623186	-0.0569074	29.314	-4.51352	31.1593	-2.84537
11.2072	0.582663	-0.0895757	0.61891	-0.0560829	29.1332	-4.47878	30.9455	-2.80415
11.4071	0.577785	-0.0896467	0.614603	-0.0551765	28.8893	-4.48234	30.7302	-2.75882
11.6071	0.572346	-0.0892857	0.610268	-0.0541879	28.6173	-4.46429	30.5134	-2.7094
11.8071	0.570595	-0.0903317	0.605907	-0.0531172	28.5297	-4.51659	30.2953	-2.65586
12.007	0.563205	-0.088577	0.601521	-0.0519643	28.1602	-4.42885	30.076	-2.59822
12.207	0.562471	-0.0893153	0.597111	-0.0507293	28.1235	-4.46577	29.8556	-2.53647
12.4069	0.554405	-0.0879947	0.592681	-0.0494124	27.7202	-4.39973	29.634	-2.47062
12.6068	0.555096	-0.0880705	0.588231	-0.0480136	27.7548	-4.40353	29.4116	-2.40068
12.8068	0.546616	-0.0848791	0.583764	-0.0465331	27.3308	-4.24396	29.1882	-2.32666
13.0068	0.544004	-0.0850135	0.57928	-0.0449712	27.2002	-4.25067	28.964	-2.24856
13.2067	0.538486	-0.0831597	0.574783	-0.0433281	26.9243	-4.15798	28.7391	-2.16641
13.4067	0.534527	-0.0822858	0.570272	-0.0416042	26.7264	-4.11429	28.5136	-2.08021
13.6066	0.531554	-0.0804839	0.565751	-0.0397998	26.5777	-4.0242	28.2876	-1.98999
13.8065	0.525516	-0.0793173	0.561221	-0.0379151	26.2758	-3.96587	28.061	-1.89576
14.0065	0.523027	-0.076575	0.556683	-0.0359508	26.1514	-3.82875	27.8341	-1.79754
14.2065	0.515901	-0.0766159	0.552138	-0.0339072	25.795	-3.83079	27.6069	-1.69536
14.4064	0.514283	-0.0739831	0.54759	-0.0317847	25.7141	-3.69915	27.3795	-1.58924
14.6064	0.508562	-0.0729067	0.543038	-0.029584	25.4281	-3.64534	27.1519	-1.4792
14.8063	0.505045	-0.0691825	0.538484	-0.0273055	25.2522	-3.45913	26.9242	-1.36528
15.0062	0.499329	-0.0687233	0.533931	-0.0249499	24.9665	-3.43616	26.6965	-1.24749
15.2062	0.494504	-0.0658286	0.529379	-0.0225177	24.7252	-3.29143	26.4689	-1.12588
15.4062	0.49087	-0.064246	0.52483	-0.0200095	24.5435	-3.2123	26.2415	-1.00047
15.6061	0.48634	-0.0612291	0.520285	-0.017426	24.317	-3.06146	26.0142	-0.8713
15.8061	0.482496	-0.058538	0.515745	-0.0147679	24.1248	-2.9269	25.7873	-0.738396
16.006	0.477233	-0.0568133	0.511212	-0.0120359	23.8616	-2.84067	25.5606	-0.601796
16.206	0.474007	-0.0531511	0.506688	-0.00923073	23.7003	-2.65755	25.3344	-0.461536
16.4059	0.467714	-0.0514566	0.502173	-0.0063531	23.3857	-2.57283	25.1086	-0.317655
16.6059	0.46497	-0.0485381	0.497668	-0.0034038	23.2485	-2.42691	24.8834	-0.17019
16.8058	0.460254	-0.0455192	0.493175	-0.00038361	23.0127	-2.27596	24.6588	-0.0191805
17.0057	0.455116	-0.0417139	0.488695	0.00270666	22.7558	-2.08569	24.4348	0.135333
17.2057	0.451091	-0.039638	0.48423	0.00586619	22.5545	-1.9819	24.2115	0.29331
17.4057	0.446814	-0.0375742	0.479779	0.00909415	22.3407	-1.87871	23.989	0.454708
17.6056	0.443592	-0.0324831	0.475345	0.0123897	22.1796	-1.62416	23.7673	0.619484
17.8056	0.438414	-0.0303704	0.470929	0.0157519	21.9207	-1.51852	23.5464	0.787596
18.0055	0.434233	-0.0265301	0.46653	0.01918	21.7117	-1.3265	23.3265	0.958999
18.2054	0.430509	-0.0242824	0.462151	0.022673	21.5255	-1.21412	23.1076	1.13365
18.4054	0.4259	-0.01935	0.457793	0.02623	21.295	-0.967501	22.8896	1.3115
18.6054	0.421318	-0.0168452	0.453455	0.0298502	21.0659	-0.842259	22.6728	1.49251
18.8053	0.416383	-0.0132144	0.44914	0.0335325	20.8192	-0.66072	22.457	1.67663
19.0053	0.413701	-0.00912908	0.444847	0.0372761	20.6851	-0.456454	22.2424	1.86381
19.2052	0.408593	-0.0058275	0.440579	0.0410801	20.4296	-0.291375	22.0289	2.05401
19.4051	0.404127	-0.000789357	0.436334	0.0449435	20.2064	-0.0394679	21.8167	2.24717
19.6051	0.400656	0.00122817	0.432116	0.0488653	20.0328	0.0614086	21.6058	2.44326
19.8051	0.395102	0.00785664	0.427923	0.0528446	19.7551	0.392832	21.3962	2.64223
20.005	0.392463	0.00829648	0.423757	0.0568804	19.6232	0.414824	21.1879	2.84402
20.205	0.387764	0.0157813	0.419619	0.0609719	19.3882	0.789064	20.981	3.04859
20.4049	0.384029	0.0185601	0.415509	0.0651179	19.2014	0.928007	20.7754	3.2559
20.6048	0.37992	0.0238796	0.411428	0.0693176	18.996	1.19398	20.5714	3.46588
20.8048	0.375838	0.0272854	0.407376	0.07357	18.7919	1.36427	20.3688	3.6785
21.0048	0.374409	0.0327151	0.403354	0.0778742	18.7204	1.63575	20.1677	3.89371
21.2047	0.367702	0.0388699	0.399362	0.0822291	18.3851	1.9435	19.9681	4.11145
21.4047	0.365399	0.0428298	0.395401	0.0866338	18.27	2.14149	19.7701	4.33169
21.6046	0.358701	0.045706	0.391472	0.0910873	17.935	2.2853	19.5736	4.55437
21.8045	0.360499	0.053772	0.387575	0.0955888	18.025	2.6886	19.3788	4.77944
22.0045	0.352246	0.0568739	0.383711	0.100137	17.6123	2.8437	19.1855	5.00686
22.2045	0.351986	0.0642927	0.379879	0.104732	17.5993	3.21464	18.9939	5.23658
22.4044	0.345151	0.0655919	0.37608	0.109371	17.2575	3.27959	18.804	5.46855
22.6044	0.344394	0.0747589	0.372315	0.114054	17.2197	3.73794	18.6158	5.70272
22.8043	0.339323	0.0763304	0.368584	0.118781	16.9661	3.81652	18.4292	5.93906
23.0042	0.334811	0.0845043	0.364887	0.12355	16.7406	4.22521	18.2444	6.1775
23.2042	0.332704	0.0892325	0.361225	0.12836	16.6352	4.46162	18.0612	6.41801
23.4042	0.328311	0.0926977	0.357598	0.133211	16.4155	4.63489	17.8799	6.66054
23.6041	0.327613	0.100194	0.354005	0.138101	16.3807	5.00972	17.7003	6.90504
23.8041	0.322833	0.104618	0.350448	0.143029	16.1416	5.23089	17.5224	7.15147
24.004	0.319939	0.11182	0.346927	0.147996	15.997	5.59101	17.3463	7.39979
24.2039	0.317076	0.115879	0.343441	0.152999	15.8538	5.79396	17.1721	7.64994
24.4039	0.312988	0.122591	0.339991	0.158038	15.6494	6.12956	16.9996	7.90189
24.6039	0.311483	0.128756	0.336578	0.163112	15.5741	6.43778	16.8289	8.15559
24.8038	0.305496	0.134391	0.3332	0.16822	15.2748	6.71953	16.66	8.41099
25.0038	0.304679	0.140518	0.329859	0.173361	15.234	7.0259	16.493	8.66807
25.2037	0.302217	0.145988	0.326555	0.178535	15.1109	7.29939	16.3277	8.92676
25.4036	0.298624	0.154952	0.323287	0.183741	14.9312	7.7476	16.1643	9.18704
25.6036	0.296285	0.158698	0.320056	0.188977	14.8143	7.9349	16.0028	9.44886
25.8036	0.291082	0.168057	0.316861	0.194244	14.5541	8.40286	15.843	9.71218
26.0035	0.291006	0.17029	0.313703	0.199539	14.5503	8.51451	15.6852	9.97695
26.2035	0.286505	0.180246	0.310582	0.204863	14.3253	9.01231	15.5291	10.2431
26.4034	0.285795	0.185525	0.307498	0.210214	14.2898	9.27623	15.3749	10.5107
26.6033	0.281093	0.193622	0.30445	0.215593	14.0547	9.6811	15.2225	10.7796
26.8033	0.279864	0.199658	0.301439	0.220997	13.9932	9.98289	15.072	11.0499
27.0033	0.277069	0.203338	0.298465	0.226427	13.8535	10.1669	14.9233	11.3213
27.2032	0.276161	0.21459	0.295528	0.231881	13.808	10.7295	14.7764	11.5941
27.4032	0.272257	0.218813	0.292627	0.237359	13.6129	10.9407	14.6313	11.868
27.6031	0.269658	0.224991	0.289763	0.24286	13.4829	11.2496	14.4881	12.143
27.803	0.270019	0.231815	0.286935	0.248384	13.5009	11.5907	14.3468	12.4192
28.003	0.265833	0.237167	0.284144	0.253929	13.2917	11.8584	14.2072	12.6965
28.203	0.265039	0.247496	0.281389	0.259496	13.2519	12.3748	14.0694	12.9748
28.4029	0.262885	0.250502	0.27867	0.265082	13.1442	12.5251	13.9335	13.2541
28.6029	0.259747	0.262877	0.275988	0.270689	12.9874	13.1439	13.7994	13.5344
28.8028	0.260668	0.267745	0.273341	0.276314	13.0334	13.3873	13.6671	13.8157
29.0027	0.253222	0.275694	0.27073	0.281958	12.6611	13.7847	13.5365	14.0979
29.2027	0.259023	0.283222	0.268155	0.287619	12.9512	14.1611	13.4078	14.381
29.4027	0.250115	0.289149	0.265616	0.293298	12.5058	14.4574	13.2808	14.6649
29.6026	0.256749	0.299992	0.263111	0.298993	12.8375	14.9996	13.1556	14.9497
29.8026	0.25063	0.304858	0.260643	0.304704	12.5315	15.2429	13.0321	15.2352
30.0025	0.250142	0.314724	0.258209	0.310431	12.5071	15.7362	12.9104	15.5215
30.2024	0.244686	0.317686	0.25581	0.316172	12.2343	15.8843	12.7905	15.8086
30.4024	0.244936	0.323561	0.253445	0.321928	12.2468	16.178	12.6723	16.0964
30.6024	0.24801	0.337046	0.251115	0.327697	12.4005	16.8523	12.5558	16.3848
30.8023	0.237875	0.33882	0.24882	0.333479	11.8938	16.941	12.441	16.6739
31.0023	0.23863	0.347051	0.246558	0.339274	11.9315	17.3526	12.3279	16.9637
31.2022	0.239226	0.345487	0.244331	0.345081	11.9613	17.2743	12.2165	17.254
31.4021	0.242815	0.365462	0.242137	0.350899	12.1408	18.2731	12.1068	17.545
31.6021	0.241307	0.366308	0.239976	0.356729	12.0654	18.3154	11.9988	17.8364
31.8021	0.232469	0.382213	0.237849	0.362569	11.6235	19.1106	11.8924	18.1284
32.002	0.239677	0.375248	0.235755	0.368419	11.9838	18.7624	11.7877	18.421
32.2019	0.237392	0.397683	0.233693	0.374279	11.8696	19.8841	11.6847	18.714
32.4019	0.233106	0.401652	0.231664	0.380148	11.6553	20.0826	11.5832	19.0074
32.6018	0.233278	0.408028	0.229667	0.386026	11.6639	20.4014	11.4834	19.3013
32.8018	0.230911	0.418516	0.227702	0.391912	11.5455	20.9258	11.3851	19.5956
33.0018	0.238017	0.424178	0.225769	0.397806	11.9009	21.2089	11.2885	19.8903
33.2017	0.226798	0.43808	0.223868	0.403707	11.3399	21.904	11.1934	20.1854
33.4016	0.233768	0.443049	0.221998	0.409616	11.6884	22.1524	11.0999	20.4808
33.6016	0.22395	0.450136	0.220159	0.415531	11.1975	22.5068	11.0079	20.7765
33.8015	0.232222	0.460178	0.21835	0.421452	11.6111	23.0089	10.9175	21.0726
34.0015	0.221164	0.462652	0.216573	0.42738	11.0582	23.1326	10.8286	21.369
34.2015	0.225265	0.481268	0.214825	0.433312	11.2633	24.0634	10.7412	21.6656
34.4014	0.217341	0.476358	0.213107	0.43925	10.867	23.8179	10.6554	21.9625
34.6013	0.22258	0.490129	0.21142	0.445193	11.129	24.5065	10.571	22.2597
34.8013	0.226744	0.496165	0.209761	0.45114	11.3372	24.8083	10.4881	22.557
35.0012	0.21826	0.512899	0.208132	0.457092	10.913	25.6449	10.4066	22.8546
35.2012	0.219811	0.521334	0.206532	0.463047	10.9906	26.0667	10.3266	23.1523
35.4012	0.20352	0.511468	0.204961	0.469005	10.176	25.5734	10.248	23.4503
35.6011	0.23215	0.530401	0.203418	0.474967	11.6075	26.5201	10.1709	23.7484
35.801	0.214286	0.538847	0.201903	0.480932	10.7143	26.9424	10.0951	24.0466
36.001	0.220642	0.562344	0.200416	0.486899	11.0321	28.1172	10.0208	24.345
36.2009	0.216702	0.561809	0.198956	0.492869	10.8351	28.0904	9.94782	24.6434
36.4009	0.218563	0.576928	0.197524	0.498841	10.9281	28.8464	9.87622	24.942
36.6009	0.227027	0.585926	0.196119	0.504814	11.3514	29.2963	9.80597	25.2407
36.8008	0.217026	0.59839	0.194741	0.510789	10.8513	29.9195	9.73707	25.5394
37.0007	0.224519	0.610079	0.19339	0.516765	11.226	30.5039	9.6695	25.8383
37.2007	0.219222	0.614731	0.192065	0.522742	10.9611	30.7365	9.60324	26.1371
37.4006	0.219868	0.627059	0.190766	0.52872	10.9934	31.3529	9.53828	26.436
37.6006	0.228991	0.633458	0.189492	0.534698	11.4495	31.6729	9.47461	26.7349
37.8006	0.213831	0.649781	0.188244	0.540677	10.6916	32.489	9.41222	27.0339
38.0005	0.225623	0.654904	0.187022	0.546656	11.2811	32.7452	9.35109	27.3328
38.2004	0.21351	0.665009	0.185824	0.552635	10.6755	33.2505	9.2912	27.6317
38.4004	0.220919	0.673749	0.184651	0.558613	11.046	33.6874	9.23256	27.9307
38.6003	0.220109	0.67574	0.183503	0.564591	11.0054	33.787	9.17514	28.2295
38.8003	0.219398	0.705731	0.182379	0.570568	10.9699	35.2866	9.11893	28.5284
39.0003	0.22415	0.692884	0.181278	0.576544	11.2075	34.6442	9.06392	28.8272
39.2002	0.22595	0.731879	0.180202	0.582519	11.2975	36.594	9.01009	29.126
39.4001	0.227562	0.724511	0.179149	0.588493	11.3781	36.2255	8.95744	29.4247
39.6001	0.230771	0.743048	0.178119	0.594466	11.5386	37.1524	8.90595	29.7233
39.8	0.231653	0.75155	0.177112	0.600437	11.5827	37.5775	8.85561	30.0218
40	0.235837	0.759722	0.176128	0.606406	11.7918	37.9861	8.8064	30.3203
