Freq_GHz	r_meas	x_meas	r_model	x_model	R_meas_ohm	X_meas_ohm	R_model_ohm	X_model_ohm
0.01	1.15027	-0.00419409	1.2	-0.000660247	57.5135	-0.209704	60	-0.0330123
0.20995	1.14294	-0.0131277	1.19971	-0.0138573	57.1468	-0.656387	59.9855	-0.692867
0.4099	1.14105	-0.0271134	1.19889	-0.0270298	57.0525	-1.35567	59.9447	-1.35149
0.60985	1.14015	-0.0404511	1.19755	-0.040154	57.0075	-2.02256	59.8777	-2.0077
0.8098	1.1389	-0.0538708	1.19569	-0.053207	56.9452	-2.69354	59.7847	-2.66035
1.00975	1.1362	-0.0657958	1.19332	-0.0661658	56.8098	-3.28979	59.6659	-3.30829
1.2097	1.1333	-0.079531	1.19043	-0.0790079	56.665	-3.97655	59.5216	-3.9504
1.40965	1.1305	-0.0913055	1.18705	-0.0917114	56.525	-4.56527	59.3523	-4.58557
1.6096	1.12644	-0.10457	1.18317	-0.104255	56.3222	-5.22851	59.1583	-5.21274
1.80955	1.12216	-0.117489	1.1788	-0.116617	56.108	-5.87447	58.9401	-5.83087
2.0095	1.11749	-0.129723	1.17397	-0.128779	55.8747	-6.48615	58.6984	-6.43897
2.20945	1.11311	-0.141487	1.16867	-0.140721	55.6553	-7.07434	58.4336	-7.03607
2.4094	1.10744	-0.152756	1.16293	-0.152425	55.3718	-7.63778	58.1465	-7.62127
2.60935	1.10198	-0.165598	1.15675	-0.163874	55.0991	-8.27991	57.8377	-8.1937
2.8093	1.0955	-0.176293	1.15016	-0.175051	54.7751	-8.81466	57.508	-8.75255
3.00925	1.08954	-0.186873	1.14316	-0.185941	54.4772	-9.34366	57.1581	-9.29705
3.2092	1.08141	-0.197169	1.13578	-0.19653	54.0703	-9.85847	56.7889	-9.82649
3.40915	1.07535	-0.208155	1.12803	-0.206805	53.7675	-10.4078	56.4013	-10.3402
3.6091	1.06745	-0.219231	1.11992	-0.216753	53.3724	-10.9615	55.9959	-10.8377
3.80905	1.05871	-0.227999	1.11148	-0.226365	52.9354	-11.3999	55.5738	-11.3182
4.009	1.05083	-0.239048	1.10272	-0.235629	52.5414	-11.9524	55.1359	-11.7815
4.20895	1.04187	-0.247007	1.09366	-0.244539	52.0937	-12.3504	54.6829	-12.2269
4.4089	1.03344	-0.256845	1.08432	-0.253086	51.672	-12.8422	54.216	-12.6543
4.60885	1.02367	-0.264725	1.07472	-0.261263	51.1836	-13.2362	53.7359	-13.0632
4.8088	1.01541	-0.274567	1.06487	-0.269067	50.7705	-13.7283	53.2435	-13.4533
5.00875	1.00591	-0.281609	1.0548	-0.276492	50.2954	-14.0805	52.7399	-13.8246
5.2087	0.996381	-0.289113	1.04452	-0.283535	49.819	-14.4556	52.2258	-14.1767
5.40865	0.986174	-0.296966	1.03404	-0.290194	49.3087	-14.8483	51.7022	-14.5097
5.6086	0.976244	-0.303782	1.0234	-0.296468	48.8122	-15.1891	51.17	-14.8234
5.80855	0.966624	-0.310778	1.0126	-0.302356	48.3312	-15.5389	50.6301	-15.1178
6.0085	0.954561	-0.315704	1.00166	-0.30786	47.728	-15.7852	50.0832	-15.393
6.20845	0.945595	-0.322438	0.990604	-0.31298	47.2798	-16.1219	49.5302	-15.649
6.4084	0.934214	-0.32741	0.979438	-0.317718	46.7107	-16.3705	48.9719	-15.8859
6.60835	0.925297	-0.332603	0.968182	-0.322078	46.2649	-16.6302	48.4091	-16.1039
6.8083	0.912233	-0.336759	0.956851	-0.326062	45.6116	-16.838	47.8425	-16.3031
7.00825	0.902511	-0.341565	0.945459	-0.329675	45.1255	-17.0782	47.2729	-16.4838
7.2082	0.891314	-0.346304	0.93402	-0.332922	44.5657	-17.3152	46.701	-16.6461
7.40815	0.879804	-0.349463	0.922548	-0.335808	43.9902	-17.4731	46.1274	-16.7904
7.6081	0.869109	-0.352143	0.911056	-0.338338	43.4555	-17.6072	45.5528	-16.9169
7.80805	0.856979	-0.355188	0.899556	-0.340519	42.849	-17.7594	44.9778	-17.026
8.008	0.846986	-0.358653	0.888059	-0.342357	42.3493	-17.9326	44.403	-17.1179
8.20795	0.835069	-0.36047	0.876577	-0.343859	41.7534	-18.0235	43.8289	-17.193
8.4079	0.824735	-0.36212	0.865121	-0.345032	41.2368	-18.106	43.256	-17.2516
8.60785	0.812366	-0.364652	0.853699	-0.345883	40.6183	-18.2326	42.685	-17.2942
8.8078	0.801822	-0.365027	0.842322	-0.346421	40.0911	-18.2513	42.1161	-17.321
9.00775	0.790496	-0.367167	0.830999	-0.346652	39.5248	-18.3584	41.5499	-17.3326
9.2077	0.780195	-0.366959	0.819737	-0.346584	39.0097	-18.348	40.9868	-17.3292
9.40765	0.768655	-0.367316	0.808544	-0.346226	38.4327	-18.3658	40.4272	-17.3113
9.6076	0.757906	-0.367817	0.797428	-0.345586	37.8953	-18.3908	39.8714	-17.2793
9.80755	0.747063	-0.366596	0.786395	-0.344672	37.3532	-18.3298	39.3197	-17.2336
10.0075	0.736461	-0.367868	0.775451	-0.343492	36.8231	-18.3934	38.7725	-17.1746
10.2074	0.72604	-0.364254	0.764601	-0.342054	36.302	-18.2127	38.2301	-17.1027
10.4074	0.715028	-0.365419	0.753852	-0.340366	35.7514	-18.2709	37.6926	-17.0183
10.6074	0.70439	-0.362439	0.743208	-0.338437	35.2195	-18.122	37.1604	-16.9218
10.8073	0.693846	-0.362742	0.732673	-0.336273	34.6923	-18.1371	36.6337	-16.8137
11.0073	0.684221	-0.360792	0.722251	-0.333885	34.2111	-18.0396	36.1125	-16.6942
11.2072	0.674118	-0.358113	0.711946	-0.331278	33.7059	-17.9057	35.5973	-16.5639
11.4071	0.663527	-0.355553	0.70176	-0.328462	33.1764	-17.7777	35.088	-16.4231
11.6071	0.652111	-0.353028	0.691696	-0.325443	32.6055	-17.6514	34.5848	-16.2721
11.8071	0.643947	-0.352149	0.681758	-0.322229	32.1973	-17.6074	34.0879	-16.1114
12.007	0.631466	-0.347265	0.671947	-0.318827	31.5733	-17.3633	33.5973	-15.9414
12.207	0.624512	-0.34631	0.662264	-0.315245	31.2256	-17.3155	33.1132	-15.7623
12.4069	0.612013	-0.341449	0.652712	-0.31149	30.6006	-17.0725	32.6356	-15.5745
12.6068	0.606514	-0.339503	0.643292	-0.307568	30.3257	-16.9751	32.1646	-15.3784
12.8068	0.594496	-0.33381	0.634005	-0.303487	29.7248	-16.6905	31.7002	-15.1743
13.0068	0.585901	-0.331689	0.624851	-0.299252	29.295	-16.5845	31.2425	-14.9626
13.2067	0.576825	-0.326088	0.615831	-0.294871	28.8412	-16.3044	30.7915	-14.7435
13.4067	0.568006	-0.32292	0.606945	-0.290349	28.4003	-16.146	30.3473	-14.5175
13.6066	0.560634	-0.318289	0.598194	-0.285693	28.0317	-15.9144	29.9097	-14.2846
13.8065	0.550536	-0.313672	0.589578	-0.280907	27.5268	-15.6836	29.4789	-14.0454
14.0065	0.543935	-0.308651	0.581096	-0.275999	27.1967	-15.4326	29.0548	-13.8
14.2065	0.533117	-0.30443	0.572748	-0.270974	26.6559	-15.2215	28.6374	-13.5487
14.4064	0.526982	-0.29984	0.564533	-0.265836	26.3491	-14.992	28.2267	-13.2918
14.6064	0.517616	-0.29491	0.556451	-0.260591	25.8808	-14.7455	27.8226	-13.0296
14.8063	0.511148	-0.288545	0.548502	-0.255245	25.5574	-14.4273	27.4251	-12.7622
15.0062	0.501677	-0.283288	0.540684	-0.249801	25.0839	-14.1644	27.0342	-12.4901
15.2062	0.494187	-0.277601	0.532996	-0.244265	24.7094	-13.88	26.6498	-12.2133
15.4062	0.486818	-0.272704	0.525438	-0.238641	24.3409	-13.6352	26.2719	-11.9321
15.6061	0.479904	-0.26635	0.518008	-0.232934	23.9952	-13.3175	25.9004	-11.6467
15.8061	0.472599	-0.260555	0.510705	-0.227147	23.6299	-13.0277	25.5352	-11.3573
16.006	0.464922	-0.254892	0.503528	-0.221285	23.2461	-12.7446	25.1764	-11.0642
16.206	0.458779	-0.248812	0.496475	-0.215351	22.9389	-12.4406	24.8237	-10.7675
16.4059	0.450372	-0.243022	0.489545	-0.20935	22.5186	-12.1511	24.4772	-10.4675
16.6059	0.44576	-0.236858	0.482737	-0.203284	22.288	-11.8429	24.1368	-10.1642
16.8058	0.438298	-0.230363	0.476048	-0.197158	21.9149	-11.5181	23.8024	-9.85791
17.0057	0.431636	-0.223426	0.469479	-0.190975	21.5818	-11.1713	23.4739	-9.54875
17.2057	0.425148	-0.217819	0.463027	-0.184738	21.2574	-10.891	23.1513	-9.23689
17.4057	0.418929	-0.212084	0.45669	-0.178449	20.9465	-10.6042	22.8345	-8.92247
17.6056	0.414287	-0.204547	0.450467	-0.172113	20.7143	-10.2274	22.5233	-8.60566
17.8056	0.407161	-0.197877	0.444356	-0.165732	20.358	-9.89386	22.2178	-8.28658
18.0055	0.402122	-0.191179	0.438356	-0.159308	20.1061	-9.55894	21.9178	-7.96538
18.2054	0.396211	-0.185204	0.432465	-0.152844	19.8106	-9.26018	21.6232	-7.64219
18.4054	0.39054	-0.177426	0.426681	-0.146343	19.527	-8.87131	21.3341	-7.31713
18.6054	0.38498	-0.171723	0.421004	-0.139807	19.249	-8.58614	21.0502	-6.99033
18.8053	0.378667	-0.164517	0.41543	-0.133238	18.9334	-8.22587	20.7715	-6.66189
19.0053	0.375071	-0.157574	0.409959	-0.126639	18.7536	-7.87869	20.4979	-6.33193
19.2052	0.368721	-0.150696	0.404588	-0.120011	18.436	-7.53479	20.2294	-6.00055
19.4051	0.363544	-0.142866	0.399317	-0.113357	18.1772	-7.1433	19.9658	-5.66786
19.6051	0.358436	-0.13716	0.394143	-0.106679	17.9218	-6.85802	19.7071	-5.33394
19.8051	0.353112	-0.128114	0.389065	-0.099978	17.6556	-6.40572	19.4532	-4.9989
20.005	0.348965	-0.123534	0.384081	-0.0932564	17.4483	-6.17669	19.2041	-4.66282
20.205	0.344235	-0.113809	0.37919	-0.0865157	17.2118	-5.69043	18.9595	-4.32578
20.4049	0.339494	-0.107889	0.37439	-0.0797575	16.9747	-5.39446	18.7195	-3.98787
20.6048	0.335716	-0.100016	0.36968	-0.0729833	16.7858	-5.00081	18.484	-3.64916
20.8048	0.330892	-0.0929441	0.365057	-0.0661946	16.5446	-4.64721	18.2529	-3.30973
21.0048	0.328468	-0.0854812	0.360521	-0.0593929	16.4234	-4.27406	18.0261	-2.96965
21.2047	0.322383	-0.0764381	0.35607	-0.0525794	16.1191	-3.8219	17.8035	-2.62897
21.4047	0.319389	-0.070019	0.351702	-0.0457555	15.9695	-3.50095	17.5851	-2.28777
21.6046	0.313775	-0.0630328	0.347416	-0.0389223	15.6888	-3.15164	17.3708	-1.94612
21.8045	0.313772	-0.0545839	0.34321	-0.032081	15.6886	-2.7292	17.1605	-1.60405
22.0045	0.306807	-0.0471757	0.339084	-0.0252328	15.3403	-2.35879	16.9542	-1.26164
22.2045	0.305448	-0.0388825	0.335034	-0.0183786	15.2724	-1.94412	16.7517	-0.91893
22.4044	0.298764	-0.0333701	0.331061	-0.0115195	14.9382	-1.66851	16.5531	-0.575975
22.6044	0.298205	-0.0234521	0.327163	-0.00465644	14.9102	-1.17261	16.3581	-0.232822
22.8043	0.293678	-0.0182981	0.323338	0.00220968	14.6839	-0.914903	16.1669	0.110484
23.0042	0.289614	-0.00868831	0.319585	0.009078	14.4807	-0.434416	15.9792	0.4539
23.2042	0.286751	-0.00122916	0.315903	0.0159477	14.3376	-0.0614578	15.7951	0.797384
23.4042	0.283276	0.00514345	0.31229	0.022818	14.1638	0.257172	15.6145	1.1409
23.6041	0.282356	0.0141373	0.308745	0.0296881	14.1178	0.706866	15.4373	1.4844
23.8041	0.27768	0.02103	0.305267	0.0365574	13.884	1.0515	15.2634	1.82787
24.004	0.275397	0.030012	0.301855	0.0434251	13.7698	1.5006	15.0927	2.17125
24.2039	0.272413	0.0367144	0.298507	0.0502907	13.6206	1.83572	14.9253	2.51453
24.4039	0.26953	0.0454708	0.295222	0.0571535	13.4765	2.27354	14.7611	2.85767
24.6039	0.267679	0.0533176	0.292	0.064013	13.384	2.66588	14.6	3.20065
24.8038	0.263226	0.0605624	0.288838	0.0708686	13.1613	3.02812	14.4419	3.54343
25.0038	0.262391	0.0683776	0.285736	0.0777198	13.1195	3.41888	14.2868	3.88599
25.2037	0.259932	0.0764691	0.282692	0.0845662	12.9966	3.82346	14.1346	4.22831
25.4036	0.257845	0.0861253	0.279707	0.0914072	12.8922	4.30627	13.9853	4.57036
25.6036	0.255928	0.0922277	0.276777	0.0982425	12.7964	4.61139	13.8389	4.91213
25.8036	0.252242	0.103163	0.273904	0.105072	12.6121	5.15814	13.6952	5.25358
26.0035	0.251	0.107719	0.271084	0.111894	12.55	5.38595	13.5542	5.59471
26.2035	0.248393	0.118866	0.268318	0.11871	12.4197	5.94331	13.4159	5.9355
26.4034	0.247378	0.126115	0.265605	0.125518	12.3689	6.30573	13.2802	6.27592
26.6033	0.244148	0.134595	0.262943	0.132319	12.2074	6.72974	13.1472	6.61596
26.8033	0.243224	0.142693	0.260332	0.139112	12.1612	7.13463	13.0166	6.95561
27.0033	0.240845	0.148285	0.25777	0.145897	12.0422	7.41426	12.8885	7.29485
27.2032	0.240628	0.160228	0.255257	0.152673	12.0314	8.01141	12.7628	7.63367
27.4032	0.238021	0.166277	0.252791	0.159441	11.901	8.31383	12.6396	7.97206
27.6031	0.236822	0.174642	0.250373	0.1662	11.8411	8.73212	12.5187	8.31
27.803	0.237243	0.182208	0.248001	0.17295	11.8621	9.1104	12.4	8.64749
28.003	0.233985	0.190104	0.245674	0.17969	11.6992	9.50518	12.2837	8.98451
28.203	0.233531	0.200135	0.243391	0.186421	11.6766	10.0067	12.1696	9.32105
28.4029	0.231308	0.205429	0.241153	0.193142	11.5654	10.2715	12.0576	9.65711
28.6029	0.230255	0.217883	0.238956	0.199854	11.5127	10.8941	11.9478	9.99268
28.8028	0.231219	0.225544	0.236803	0.206555	11.561	11.2772	11.8401	10.3278
29.0027	0.227073	0.233942	0.23469	0.213246	11.3537	11.6971	11.7345	10.6623
29.2027	0.230838	0.24238	0.232618	0.219927	11.5419	12.119	11.6309	10.9964
29.4027	0.224699	0.249128	0.230586	0.226598	11.235	12.4564	11.5293	11.3299
29.6026	0.229916	0.259541	0.228593	0.233258	11.4958	12.977	11.4296	11.6629
29.8026	0.224771	0.267289	0.226638	0.239908	11.2386	13.3644	11.3319	11.9954
30.0025	0.225486	0.276521	0.224721	0.246547	11.2743	13.8261	11.2361	12.3273
30.2024	0.222046	0.28222	0.222842	0.253175	11.1023	14.111	11.1421	12.6587
30.4024	0.222263	0.288714	0.220999	0.259792	11.1131	14.4357	11.0499	12.9896
30.6024	0.224477	0.301897	0.219191	0.266399	11.2238	15.0948	10.9596	13.3199
30.8023	0.217243	0.305593	0.217419	0.272994	10.8622	15.2797	10.871	13.6497
31.0023	0.219963	0.315281	0.215682	0.279579	10.9982	15.764	10.7841	13.979
31.2022	0.219882	0.315227	0.213978	0.286153	10.9941	15.7614	10.6989	14.3076
31.4021	0.222147	0.334697	0.212308	0.292715	11.1074	16.7349	10.6154	14.6358
31.6021	0.221792	0.337153	0.210671	0.299267	11.0896	16.8576	10.5335	14.9633
31.8021	0.21607	0.351596	0.209066	0.305807	10.8035	17.5798	10.4533	15.2904
32.002	0.219527	0.348408	0.207493	0.312337	10.9764	17.4204	10.3746	15.6168
32.2019	0.220251	0.368652	0.205951	0.318855	11.0125	18.4326	10.2975	15.9427
32.4019	0.218491	0.374931	0.204439	0.325362	10.9245	18.7466	10.222	16.2681
32.6018	0.218306	0.383045	0.202958	0.331858	10.9153	19.1522	10.1479	16.5929
32.8018	0.217391	0.392189	0.201507	0.338343	10.8695	19.6095	10.0753	16.9171
33.0018	0.222444	0.399095	0.200084	0.344817	11.1222	19.9547	10.0042	17.2408
33.2017	0.215239	0.412716	0.198691	0.351279	10.7619	20.6358	9.93454	17.564
33.4016	0.220897	0.418475	0.197325	0.357731	11.0449	20.9237	9.86627	17.8865
33.6016	0.21262	0.426423	0.195988	0.364171	10.631	21.3211	9.79939	18.2086
33.8015	0.221985	0.437184	0.194677	0.370601	11.0993	21.8592	9.73387	18.53
34.0015	0.211861	0.441103	0.193394	0.377019	10.593	22.0552	9.6697	18.851
34.2015	0.215352	0.458459	0.192137	0.383427	10.7676	22.923	9.60685	19.1713
34.4014	0.208654	0.454919	0.190906	0.389824	10.4327	22.746	9.54529	19.4912
34.6013	0.215037	0.470016	0.1897	0.396209	10.7519	23.5008	9.48502	19.8105
34.8013	0.218321	0.47831	0.18852	0.402584	10.9161	23.9155	9.42601	20.1292
35.0012	0.211537	0.490788	0.187365	0.408948	10.5769	24.5394	9.36823	20.4474
35.2012	0.214549	0.502099	0.186233	0.415301	10.7274	25.1049	9.31167	20.7651
35.4012	0.203602	0.497033	0.185126	0.421644	10.1801	24.8517	9.25632	21.0822
35.6011	0.226264	0.512504	0.184043	0.427976	11.3132	25.6252	9.20214	21.3988
35.801	0.211703	0.522711	0.182983	0.434297	10.5852	26.1356	9.14913	21.7148
36.001	0.217607	0.543835	0.181945	0.440608	10.8804	27.1917	9.09727	22.0304
36.2009	0.215747	0.544771	0.180931	0.446908	10.7874	27.2385	9.04653	22.3454
36.4009	0.21665	0.560475	0.179938	0.453197	10.8325	28.0238	8.99691	22.6599
36.6009	0.225737	0.569744	0.178968	0.459477	11.2868	28.4872	8.94838	22.9738
36.8008	0.218985	0.582	0.178018	0.465746	10.9493	29.1	8.90092	23.2873
37.0007	0.22535	0.594329	0.177091	0.472004	11.2675	29.7165	8.85453	23.6002
37.2007	0.22248	0.598214	0.176184	0.478253	11.124	29.9107	8.80918	23.9126
37.4006	0.22453	0.611961	0.175297	0.484491	11.2265	30.598	8.76487	24.2245
37.6006	0.232089	0.618738	0.174431	0.490719	11.6045	30.9369	8.72156	24.536
37.8006	0.219764	0.633322	0.173585	0.496937	10.9882	31.6661	8.67926	24.8469
38.0005	0.230668	0.639045	0.172759	0.503145	11.5334	31.9522	8.63795	25.1573
38.2004	0.220632	0.650714	0.171952	0.509344	11.0316	32.5357	8.59761	25.4672
38.4004	0.227679	0.657815	0.171164	0.515532	11.3839	32.8908	8.55822	25.7766
38.6003	0.227994	0.661487	0.170396	0.521711	11.3997	33.0744	8.51978	26.0855
38.8003	0.228396	0.686228	0.169645	0.52788	11.4198	34.3114	8.48227	26.394
39.0003	0.232181	0.680169	0.168914	0.534039	11.609	34.0085	8.44568	26.702
39.2002	0.233778	0.713308	0.1682	0.540189	11.6889	35.6654	8.40999	27.0094
39.4001	0.237287	0.707971	0.167504	0.546329	11.8643	35.3985	8.3752	27.3165
39.6001	0.241041	0.728511	0.166826	0.55246	12.0521	36.4255	8.34129	27.623
39.8	0.240352	0.737753	0.166165	0.558582	12.0176	36.8876	8.30824	27.9291
40	0.246267	0.745039	0.165521	0.564694	12.3134	37.2519	8.27605	28.2347
