Freq_GHz	r_meas	x_meas	r_fit	x_fit	R_meas_ohm	X_meas_ohm	R_fit_ohm	X_fit_ohm
0.01	835.884	797.494	0.10737	-1533.8	41794.2	39874.7	5.36852	-76690.1
0.20995	-2.15915	-70.7419	0.10737	-73.0502	-107.958	-3537.09	5.36852	-3652.51
0.4099	-0.412962	-36.1129	0.10737	-37.4085	-20.6481	-1805.64	5.36852	-1870.43
0.60985	-0.0503574	-24.3262	0.10737	-25.135	-2.51787	-1216.31	5.36852	-1256.75
0.8098	-0.0786482	-18.2627	0.10737	-18.9199	-3.93241	-913.137	5.36851	-945.997
1.00975	0.0675169	-14.6346	0.10737	-15.1643	3.37584	-731.729	5.3685	-758.214
1.2097	0.123801	-12.2251	0.10737	-12.6485	6.19005	-611.253	5.36849	-632.423
1.40965	0.0803667	-10.51	0.10737	-10.8449	4.01834	-525.498	5.36848	-542.246
1.6096	0.0751034	-9.18452	0.107369	-9.48821	3.75517	-459.226	5.36847	-474.41
1.80955	0.0818595	-8.15627	0.107369	-8.43019	4.09298	-407.813	5.36845	-421.51
2.0095	0.0879208	-7.34228	0.107369	-7.58172	4.39604	-367.114	5.36843	-379.086
2.20945	0.0986733	-6.67265	0.107368	-6.8859	4.93366	-333.632	5.36842	-344.295
2.4094	0.112229	-6.12107	0.107368	-6.30472	5.61144	-306.053	5.3684	-315.236
2.60935	0.0915556	-5.6582	0.107367	-5.81183	4.57778	-282.91	5.36837	-290.592
2.8093	0.106792	-5.25284	0.107367	-5.38838	5.33959	-262.642	5.36835	-269.419
3.00925	0.0924696	-4.89908	0.107366	-5.02053	4.62348	-244.954	5.36832	-251.027
3.2092	0.0899547	-4.58806	0.107366	-4.69789	4.49773	-229.403	5.3683	-234.894
3.40915	0.0807575	-4.3121	0.107365	-4.41249	4.03787	-215.605	5.36827	-220.625
3.6091	0.079247	-4.06081	0.107365	-4.15816	3.96235	-203.04	5.36824	-207.908
3.80905	0.0856719	-3.8408	0.107364	-3.92999	4.2836	-192.04	5.3682	-196.5
4.009	0.0830213	-3.64306	0.107363	-3.72408	4.15107	-182.153	5.36817	-186.204
4.20895	0.0775652	-3.46284	0.107363	-3.53725	3.87826	-173.142	5.36813	-176.863
4.4089	0.0805148	-3.29886	0.107362	-3.36691	4.02574	-164.943	5.3681	-168.345
4.60885	0.0819696	-3.14577	0.107361	-3.2109	4.09848	-157.288	5.36806	-160.545
4.8088	0.0759133	-3.01387	0.10736	-3.06745	3.79566	-150.693	5.36802	-153.372
5.00875	0.0766789	-2.88338	0.107359	-2.93504	3.83394	-144.169	5.36797	-146.752
5.2087	0.0744614	-2.76492	0.107359	-2.81241	3.72307	-138.246	5.36793	-140.621
5.40865	0.0736031	-2.65297	0.107358	-2.69847	3.68016	-132.648	5.36788	-134.924
5.6086	0.0737348	-2.55203	0.107357	-2.59229	3.68674	-127.601	5.36783	-129.615
5.80855	0.0716581	-2.45668	0.107356	-2.49308	3.58291	-122.834	5.36778	-124.654
6.0085	0.0727655	-2.36675	0.107355	-2.40013	3.63828	-118.337	5.36773	-120.006
6.20845	0.0740447	-2.28465	0.107354	-2.31283	3.70223	-114.233	5.36768	-115.642
6.4084	0.0766279	-2.20237	0.107352	-2.23067	3.83139	-110.119	5.36762	-111.534
6.60835	0.0749275	-2.1319	0.107351	-2.15318	3.74637	-106.595	5.36756	-107.659
6.8083	0.0755637	-2.05838	0.10735	-2.07994	3.77818	-102.919	5.3675	-103.997
7.00825	0.0746002	-1.99325	0.107349	-2.01058	3.73001	-99.6625	5.36744	-100.529
7.2082	0.0729255	-1.93051	0.107348	-1.94479	3.64627	-96.5257	5.36738	-97.2397
7.40815	0.0744894	-1.86882	0.107346	-1.88228	3.72447	-93.4408	5.36732	-94.1142
7.6081	0.0740346	-1.81205	0.107345	-1.82279	3.70173	-90.6027	5.36725	-91.1397
7.80805	0.0758997	-1.75828	0.107344	-1.76609	3.79499	-87.9139	5.36718	-88.3045
8.008	0.0751667	-1.70735	0.107342	-1.71196	3.75833	-85.3675	5.36711	-85.5981
8.20795	0.0744183	-1.65748	0.107341	-1.66023	3.72091	-82.8739	5.36704	-83.0113
8.4079	0.073435	-1.61089	0.107339	-1.61071	3.67175	-80.5447	5.36697	-80.5354
8.60785	0.0741596	-1.55168	0.107338	-1.56326	3.70798	-77.584	5.3669	-78.1628
8.8078	0.0741795	-1.51917	0.107336	-1.51773	3.70897	-75.9587	5.36682	-75.8863
9.00775	0.0736732	-1.47841	0.107335	-1.47399	3.68366	-73.9207	5.36674	-73.6997
9.2077	0.0748099	-1.43899	0.107333	-1.43194	3.7405	-71.9494	5.36666	-71.597
9.40765	0.0737338	-1.40048	0.107332	-1.39146	3.68669	-70.024	5.36658	-69.5728
9.6076	0.0743569	-1.36253	0.10733	-1.35245	3.71785	-68.1265	5.3665	-67.6224
9.80755	0.0767997	-1.32697	0.107328	-1.31482	3.83999	-66.3486	5.36641	-65.7411
10.0075	0.0744716	-1.29167	0.107326	-1.2785	3.72358	-64.5837	5.36632	-63.9249
10.2074	0.0773872	-1.25575	0.107325	-1.2434	3.86936	-62.7876	5.36623	-62.1699
10.4074	0.0759928	-1.2238	0.107323	-1.20945	3.79964	-61.19	5.36614	-60.4725
10.6074	0.078043	-1.19653	0.107321	-1.17659	3.90215	-59.8264	5.36605	-58.8296
10.8073	0.0768429	-1.16633	0.107319	-1.14476	3.84215	-58.3167	5.36596	-57.2381
11.0073	0.0760475	-1.13712	0.107317	-1.1139	3.80238	-56.856	5.36586	-55.6951
11.2072	0.0769413	-1.10808	0.107315	-1.08396	3.84707	-55.4041	5.36576	-54.1982
11.4071	0.0778643	-1.08115	0.107313	-1.0549	3.89321	-54.0576	5.36567	-52.7448
11.6071	0.0778148	-1.05264	0.107311	-1.02666	3.89074	-52.6318	5.36556	-51.3328
11.8071	0.0770569	-1.02855	0.107309	-0.999199	3.85285	-51.4275	5.36546	-49.96
12.007	0.0779131	-0.998987	0.107307	-0.972488	3.89565	-49.9494	5.36536	-48.6244
12.207	0.0768129	-0.975938	0.107305	-0.946486	3.84065	-48.7969	5.36525	-47.3243
12.4069	0.0771	-0.950352	0.107303	-0.921158	3.855	-47.5176	5.36514	-46.0579
12.6068	0.0773694	-0.93066	0.107301	-0.896472	3.86847	-46.533	5.36503	-44.8236
12.8068	0.0782841	-0.9053	0.107298	-0.872399	3.9142	-45.265	5.36492	-43.62
13.0068	0.0773785	-0.884955	0.107296	-0.84891	3.86893	-44.2478	5.36481	-42.4455
13.2067	0.0789004	-0.862461	0.107294	-0.825978	3.94502	-43.1231	5.36469	-41.2989
13.4067	0.0774352	-0.841104	0.107292	-0.803579	3.87176	-42.0552	5.36458	-40.179
13.6066	0.0760036	-0.87916	0.107289	-0.781689	3.80018	-43.958	5.36446	-39.0844
13.8065	0.076574	-0.848349	0.107287	-0.760286	3.8287	-42.4175	5.36434	-38.0143
14.0065	0.0776964	-0.820891	0.107284	-0.739349	3.88482	-41.0445	5.36422	-36.9674
14.2065	0.0774231	-0.790914	0.107282	-0.718858	3.87115	-39.5457	5.36409	-35.9429
14.4064	0.0786953	-0.765683	0.107279	-0.698795	3.93476	-38.2841	5.36397	-34.9398
14.6064	0.0791911	-0.736747	0.107277	-0.679142	3.95955	-36.8373	5.36384	-33.9571
14.8063	0.0807911	-0.710532	0.107274	-0.659884	4.03955	-35.5266	5.36371	-32.9942
15.0062	0.0814198	-0.68312	0.107272	-0.641002	4.07099	-34.156	5.36358	-32.0501
15.2062	0.082357	-0.661954	0.107269	-0.622484	4.11785	-33.0977	5.36345	-31.1242
15.4062	0.0819325	-0.644985	0.107266	-0.604315	4.09662	-32.2493	5.36331	-30.2158
15.6061	0.083236	-0.628537	0.107264	-0.586481	4.1618	-31.4269	5.36318	-29.3241
15.8061	0.0835566	-0.612382	0.107261	-0.56897	4.17783	-30.6191	5.36304	-28.4485
16.006	0.0835679	-0.597512	0.107258	-0.55177	4.1784	-29.8756	5.3629	-27.5885
16.206	0.0843237	-0.582101	0.107255	-0.534869	4.21618	-29.105	5.36276	-26.7434
16.4059	0.0840122	-0.566116	0.107252	-0.518256	4.20061	-28.3058	5.36262	-25.9128
16.6059	0.0856431	-0.550971	0.107249	-0.50192	4.28215	-27.5486	5.36247	-25.096
16.8058	0.0856475	-0.535245	0.107246	-0.485853	4.28237	-26.7622	5.36232	-24.2926
17.0057	0.0861688	-0.519146	0.107244	-0.470044	4.30844	-25.9573	5.36218	-23.5022
17.2057	0.0865531	-0.505154	0.107241	-0.454484	4.32766	-25.2577	5.36203	-22.7242
17.4057	0.0869014	-0.490177	0.107237	-0.439165	4.34507	-24.5089	5.36187	-21.9583
17.6056	0.0889732	-0.475936	0.107234	-0.424079	4.44866	-23.7968	5.36172	-21.204
17.8056	0.0886436	-0.460514	0.107231	-0.409218	4.43218	-23.0257	5.36157	-20.4609
18.0055	0.090313	-0.447316	0.107228	-0.394574	4.51565	-22.3658	5.36141	-19.7287
18.2054	0.0901286	-0.433086	0.107225	-0.38014	4.50643	-21.6543	5.36125	-19.007
18.4054	0.0914831	-0.419697	0.107222	-0.365909	4.57415	-20.9849	5.36109	-18.2954
18.6054	0.0914343	-0.405985	0.107219	-0.351875	4.57171	-20.2992	5.36093	-17.5937
18.8053	0.0922219	-0.392024	0.107215	-0.338031	4.6111	-19.6012	5.36076	-16.9016
19.0053	0.0930431	-0.37956	0.107212	-0.324372	4.65216	-18.978	5.3606	-16.2186
19.2052	0.0932006	-0.365919	0.107209	-0.310892	4.66003	-18.296	5.36043	-15.5446
19.4051	0.0949723	-0.35285	0.107205	-0.297584	4.74862	-17.6425	5.36026	-14.8792
19.6051	0.0942363	-0.340639	0.107202	-0.284445	4.71181	-17.0319	5.36009	-14.2222
19.8051	0.0957723	-0.327303	0.107198	-0.271468	4.78861	-16.3652	5.35992	-13.5734
20.005	0.0957204	-0.315564	0.107195	-0.258649	4.78602	-15.7782	5.35974	-12.9325
20.205	0.0976033	-0.302349	0.107191	-0.245984	4.88017	-15.1174	5.35957	-12.2992
20.4049	0.0981481	-0.290494	0.107188	-0.233467	4.9074	-14.5247	5.35939	-11.6733
20.6048	0.0984189	-0.278136	0.107184	-0.221094	4.92094	-13.9068	5.35921	-11.0547
20.8048	0.0990814	-0.266269	0.107181	-0.208862	4.95407	-13.3134	5.35903	-10.4431
21.0048	0.100653	-0.254457	0.107177	-0.196766	5.03264	-12.7229	5.35885	-9.83828
21.2047	0.101399	-0.241395	0.107173	-0.184802	5.06993	-12.0698	5.35866	-9.24009
21.4047	0.102234	-0.230244	0.107169	-0.172967	5.11169	-11.5122	5.35847	-8.64833
21.6046	0.102016	-0.218405	0.107166	-0.161256	5.10082	-10.9202	5.35829	-8.06282
21.8045	0.105039	-0.207472	0.107162	-0.149668	5.25197	-10.3736	5.3581	-7.4834
22.0045	0.104347	-0.194734	0.107158	-0.138198	5.21737	-9.73669	5.3579	-6.90989
22.2045	0.106475	-0.183881	0.107154	-0.126843	5.32376	-9.19403	5.35771	-6.34213
22.4044	0.105833	-0.172765	0.10715	-0.1156	5.29166	-8.63823	5.35752	-5.77998
22.6044	0.108196	-0.161232	0.107146	-0.104466	5.40981	-8.0616	5.35732	-5.22328
22.8043	0.108202	-0.150903	0.107142	-0.0934379	5.41009	-7.54514	5.35712	-4.6719
23.0042	0.109231	-0.139201	0.107138	-0.0825136	5.46157	-6.96006	5.35692	-4.12568
23.2042	0.110523	-0.128491	0.107134	-0.0716899	5.52616	-6.42453	5.35672	-3.5845
23.4042	0.110748	-0.11811	0.10713	-0.0609645	5.53742	-5.90551	5.35651	-3.04822
23.6041	0.112873	-0.106864	0.107126	-0.0503347	5.64366	-5.34321	5.35631	-2.51673
23.8041	0.113347	-0.0970182	0.107122	-0.0397982	5.66734	-4.85091	5.3561	-1.98991
24.004	0.114294	-0.0856153	0.107118	-0.0293526	5.71468	-4.28077	5.35589	-1.46763
24.2039	0.115136	-0.0752956	0.107114	-0.0189957	5.75681	-3.76478	5.35568	-0.949783
24.4039	0.116315	-0.0643361	0.107109	-0.00872522	5.81574	-3.21681	5.35547	-0.436261
24.6039	0.117343	-0.054044	0.107105	0.00146082	5.86714	-2.7022	5.35525	0.073041
24.8038	0.117789	-0.0439167	0.107101	0.0115645	5.88943	-2.19584	5.35504	0.578226
25.0038	0.119408	-0.0333809	0.107096	0.0215878	5.97041	-1.66904	5.35482	1.07939
25.2037	0.12006	-0.0233317	0.107092	0.0315327	6.00301	-1.16659	5.3546	1.57664
25.4036	0.121548	-0.0118551	0.107088	0.041401	6.07742	-0.592757	5.35438	2.07005
25.6036	0.122633	-0.00251072	0.107083	0.0511945	6.13167	-0.125536	5.35416	2.55972
25.8036	0.123494	0.0089379	0.107079	0.0609149	6.17469	0.446895	5.35393	3.04574
26.0035	0.124755	0.0176309	0.107074	0.0705639	6.23774	0.881543	5.35371	3.52819
26.2035	0.125181	0.0290354	0.10707	0.0801431	6.25905	1.45177	5.35348	4.00716
26.4034	0.126991	0.038865	0.107065	0.0896542	6.34957	1.94325	5.35325	4.48271
26.6033	0.127285	0.049207	0.10706	0.0990987	6.36424	2.46035	5.35302	4.95493
26.8033	0.129318	0.0590425	0.107056	0.108478	6.46588	2.95213	5.35278	5.4239
27.0033	0.129717	0.0677187	0.107051	0.117794	6.48585	3.38594	5.35255	5.88968
27.2032	0.132022	0.0794463	0.107046	0.127047	6.60111	3.97232	5.35231	6.35235
27.4032	0.132763	0.0884482	0.107041	0.136239	6.63814	4.42241	5.35207	6.81197
27.6031	0.133315	0.0981771	0.107037	0.145372	6.66577	4.90886	5.35183	7.26862
27.803	0.136414	0.107473	0.107032	0.154447	6.82068	5.37366	5.35159	7.72234
28.003	0.137204	0.116298	0.107027	0.163464	6.86021	5.81492	5.35135	8.17322
28.203	0.138157	0.127852	0.107022	0.172426	6.90784	6.39262	5.3511	8.6213
28.4029	0.138756	0.136057	0.107017	0.181333	6.93781	6.80287	5.35085	9.06665
28.6029	0.140201	0.148083	0.107012	0.190186	7.01006	7.40415	5.35061	9.50932
28.8028	0.14319	0.158098	0.107007	0.198987	7.15948	7.90488	5.35036	9.94937
29.0027	0.142147	0.168384	0.107002	0.207737	7.10735	8.4192	5.3501	10.3869
29.2027	0.147317	0.177493	0.106997	0.216437	7.36583	8.87464	5.34985	10.8218
29.4027	0.145492	0.186748	0.106992	0.225087	7.27459	9.33738	5.34959	11.2543
29.6026	0.150752	0.197391	0.106987	0.233689	7.53761	9.86957	5.34934	11.6844
29.8026	0.15011	0.206936	0.106982	0.242243	7.50552	10.3468	5.34908	12.1122
30.0025	0.152033	0.216773	0.106976	0.250752	7.60167	10.8386	5.34882	12.5376
30.2024	0.152035	0.224984	0.106971	0.259215	7.60175	11.2492	5.34855	12.9607
30.4024	0.153519	0.23287	0.106966	0.267633	7.67595	11.6435	5.34829	13.3817
30.6024	0.157187	0.245474	0.10696	0.276008	7.85936	12.2737	5.34802	13.8004
30.8023	0.154604	0.251907	0.106955	0.28434	7.73021	12.5954	5.34776	14.217
31.0023	0.157446	0.262262	0.10695	0.29263	7.87232	13.1131	5.34749	14.6315
31.2022	0.158748	0.265869	0.106944	0.300879	7.9374	13.2935	5.34722	15.0439
31.4021	0.163019	0.281616	0.106939	0.309087	8.15093	14.0808	5.34694	15.4544
31.6021	0.164568	0.287928	0.106933	0.317256	8.22838	14.3964	5.34667	15.8628
31.8021	0.162812	0.301581	0.106928	0.325386	8.14061	15.079	5.34639	16.2693
32.002	0.166624	0.30359	0.106922	0.333478	8.33118	15.1795	5.34611	16.6739
32.2019	0.168746	0.319881	0.106917	0.341533	8.43729	15.994	5.34583	17.0766
32.4019	0.168663	0.328726	0.106911	0.349551	8.43317	16.4363	5.34555	17.4775
32.6018	0.170346	0.337906	0.106905	0.357532	8.51731	16.8953	5.34527	17.8766
32.8018	0.171635	0.348003	0.1069	0.365479	8.58175	17.4001	5.34498	18.2739
33.0018	0.1774	0.356734	0.106894	0.37339	8.86998	17.8367	5.3447	18.6695
33.2017	0.173419	0.368505	0.106888	0.381268	8.67094	18.4252	5.34441	19.0634
33.4016	0.177837	0.376355	0.106882	0.389112	8.89183	18.8177	5.34412	19.4556
33.6016	0.17459	0.384994	0.106877	0.396923	8.72949	19.2497	5.34383	19.8461
33.8015	0.18245	0.395742	0.106871	0.404702	9.12252	19.7871	5.34353	20.2351
34.0015	0.175951	0.403037	0.106865	0.412449	8.79753	20.1518	5.34324	20.6224
34.2015	0.179959	0.418381	0.106859	0.420165	8.99795	20.9191	5.34294	21.0082
34.4014	0.178169	0.421353	0.106853	0.42785	8.90847	21.0677	5.34264	21.3925
34.6013	0.183067	0.433129	0.106847	0.435505	9.15337	21.6564	5.34234	21.7752
34.8013	0.186189	0.442885	0.106841	0.44313	9.30943	22.1442	5.34204	22.1565
35.0012	0.183554	0.456312	0.106835	0.450727	9.17768	22.8156	5.34174	22.5363
35.2012	0.184055	0.467005	0.106829	0.458294	9.20276	23.3502	5.34143	22.9147
35.4012	0.17999	0.468014	0.106823	0.465834	8.9995	23.4007	5.34113	23.2917
35.6011	0.194489	0.482546	0.106816	0.473346	9.72443	24.1273	5.34082	23.6673
35.801	0.187772	0.491949	0.10681	0.480831	9.38861	24.5975	5.34051	24.0416
36.001	0.193398	0.511941	0.106804	0.488289	9.66989	25.597	5.34019	24.4145
36.2009	0.192532	0.516146	0.106798	0.495721	9.62658	25.8073	5.33988	24.7861
36.4009	0.194553	0.531544	0.106791	0.503127	9.72763	26.5772	5.33956	25.1564
36.6009	0.201227	0.541811	0.106785	0.510508	10.0613	27.0905	5.33925	25.5254
36.8008	0.199621	0.554776	0.106779	0.517863	9.98103	27.7388	5.33893	25.8932
37.0007	0.205147	0.567902	0.106772	0.525194	10.2574	28.3951	5.33861	26.2597
37.2007	0.203656	0.5738	0.106766	0.532501	10.1828	28.69	5.33829	26.6251
37.4006	0.208025	0.5887	0.106759	0.539784	10.4013	29.435	5.33796	26.9892
37.6006	0.213689	0.595355	0.106753	0.547044	10.6845	29.7678	5.33764	27.3522
37.8006	0.207438	0.610092	0.106746	0.55428	10.3719	30.5046	5.33731	27.714
38.0005	0.214539	0.618172	0.10674	0.561494	10.727	30.9086	5.33698	28.0747
38.2004	0.209771	0.628927	0.106733	0.568685	10.4886	31.4464	5.33665	28.4343
38.4004	0.215815	0.638853	0.106726	0.575855	10.7907	31.9427	5.33632	28.7927
38.6003	0.217767	0.646176	0.10672	0.583002	10.8884	32.3088	5.33598	29.1501
38.8003	0.219733	0.667193	0.106713	0.590129	10.9867	33.3597	5.33565	29.5064
39.0003	0.221637	0.666282	0.106706	0.597234	11.0818	33.3141	5.33531	29.8617
39.2002	0.223663	0.694313	0.106699	0.604319	11.1831	34.7156	5.33497	30.216
39.4001	0.228633	0.69611	0.106693	0.611384	11.4316	34.8055	5.33463	30.5692
39.6001	0.233453	0.714239	0.106686	0.618428	11.6727	35.7119	5.33428	30.9214
39.8	0.23346	0.723006	0.106679	0.625453	11.673	36.1503	5.33394	31.2726
40	0.239387	0.734596	0.106672	0.632458	11.9694	36.7298	5.33359	31.6229
