Freq_GHz	S11_meas_dB	S11_meas_deg	S11_fit_dB	S11_fit_deg
0.01	-0.0108795	0.0684694	-7.92849e-07	-0.0747108
0.20995	0.00748658	-1.61824	-0.000349465	-1.56857
0.4099	0.00549591	-3.17192	-0.00133191	-3.06249
0.60985	0.00147579	-4.70795	-0.00294765	-4.55656
0.8098	0.00408407	-6.26824	-0.00519593	-6.05083
1.00975	-0.00545085	-7.81787	-0.00807566	-7.54538
1.2097	-0.0142931	-9.35172	-0.0115855	-9.04027
1.40965	-0.0125251	-10.8698	-0.0157237	-10.5356
1.6096	-0.0152843	-12.4268	-0.0204882	-12.0313
1.80955	-0.0210576	-13.9784	-0.0258769	-13.5276
2.0095	-0.027812	-15.5095	-0.0318869	-15.0245
2.20945	-0.0376453	-17.0429	-0.0385155	-16.5221
2.4094	-0.0506661	-18.5509	-0.0457592	-18.0204
2.60935	-0.0481625	-20.0403	-0.0536144	-19.5194
2.8093	-0.0648585	-21.5488	-0.0620773	-21.0193
3.00925	-0.064231	-23.0658	-0.0711435	-22.5201
3.2092	-0.0708443	-24.5827	-0.0808083	-24.0218
3.40915	-0.0715756	-26.1045	-0.0910667	-25.5245
3.6091	-0.0786845	-27.6588	-0.101913	-27.0282
3.80905	-0.0944428	-29.1743	-0.113343	-28.5331
4.009	-0.10101	-30.6846	-0.125348	-30.0391
4.20895	-0.103676	-32.2012	-0.137924	-31.5462
4.4089	-0.117653	-33.7104	-0.151062	-33.0545
4.60885	-0.130617	-35.2492	-0.164757	-34.5641
4.8088	-0.130719	-36.6921	-0.178999	-36.075
5.00875	-0.14294	-38.2323	-0.193781	-37.5872
5.2087	-0.14955	-39.744	-0.209094	-39.1007
5.40865	-0.158978	-41.2811	-0.22493	-40.6155
5.6086	-0.170394	-42.7669	-0.241279	-42.1317
5.80855	-0.176836	-44.2687	-0.258132	-43.6493
6.0085	-0.19136	-45.7772	-0.275477	-45.1683
6.20845	-0.206668	-47.2412	-0.293304	-46.6887
6.4084	-0.227355	-48.7981	-0.311603	-48.2105
6.60835	-0.234558	-50.2148	-0.330361	-49.7337
6.8083	-0.250454	-51.7737	-0.349567	-51.2583
7.00825	-0.260379	-53.2339	-0.369208	-52.7843
7.2082	-0.267792	-54.7154	-0.389271	-54.3117
7.40815	-0.28779	-56.2435	-0.409742	-55.8404
7.6081	-0.299981	-57.7231	-0.430609	-57.3705
7.80805	-0.321948	-59.1878	-0.451856	-58.9018
8.008	-0.333211	-60.6432	-0.473468	-60.4344
8.20795	-0.344667	-62.1325	-0.495432	-61.9683
8.4079	-0.35452	-63.5848	-0.51773	-63.5033
8.60785	-0.377679	-65.5164	-0.540347	-65.0395
8.8078	-0.389175	-66.6225	-0.563266	-66.5768
9.00775	-0.401345	-68.0583	-0.586471	-68.1151
9.2077	-0.422785	-69.4956	-0.609945	-69.6544
9.40765	-0.432099	-70.9574	-0.633669	-71.1946
9.6076	-0.451736	-72.4463	-0.657625	-72.7356
9.80755	-0.482703	-73.8854	-0.681796	-74.2774
10.0075	-0.484316	-75.3781	-0.706162	-75.8199
10.2074	-0.521107	-76.9334	-0.730704	-77.3629
10.4074	-0.527971	-78.3766	-0.755404	-78.9064
10.6074	-0.556904	-79.6333	-0.780241	-80.4503
10.8073	-0.564938	-81.0771	-0.805196	-81.9945
11.0073	-0.575517	-82.5145	-0.830249	-83.5389
11.2072	-0.599315	-83.9786	-0.855379	-85.0833
11.4071	-0.622983	-85.3742	-0.880566	-86.6277
11.6071	-0.640572	-86.8978	-0.905789	-88.1719
11.8071	-0.64981	-88.2221	-0.931028	-89.7158
12.007	-0.676744	-89.884	-0.956262	-91.2592
12.207	-0.682779	-91.2223	-0.98147	-92.8021
12.4069	-0.703095	-92.7376	-1.00663	-94.3442
12.6068	-0.719571	-93.9304	-1.03172	-95.8855
12.8068	-0.746719	-95.4988	-1.05673	-97.4257
13.0068	-0.753197	-96.7942	-1.08163	-98.9648
13.2067	-0.785327	-98.2446	-1.10639	-100.503
13.4067	-0.787223	-99.667	-1.13101	-102.039
13.6066	-0.744109	-97.1735	-1.15546	-103.573
13.8065	-0.772929	-99.188	-1.17971	-105.106
14.0065	-0.80576	-101.033	-1.20376	-106.637
14.2065	-0.826849	-103.112	-1.22758	-108.165
14.4064	-0.861279	-104.903	-1.25115	-109.692
14.6064	-0.891191	-107.016	-1.27445	-111.215
14.8063	-0.932172	-108.975	-1.29747	-112.736
15.0062	-0.963977	-111.083	-1.32019	-114.254
15.2062	-0.994441	-112.745	-1.34259	-115.769
15.4062	-1.00488	-114.109	-1.36465	-117.28
15.6061	-1.03625	-115.441	-1.38635	-118.788
15.8061	-1.05548	-116.775	-1.40769	-120.293
16.006	-1.06968	-118.022	-1.42865	-121.793
16.206	-1.09409	-119.327	-1.4492	-123.29
16.4059	-1.10528	-120.707	-1.46935	-124.782
16.6059	-1.14145	-122.02	-1.48907	-126.27
16.8058	-1.15675	-123.412	-1.50835	-127.753
17.0057	-1.17946	-124.853	-1.52719	-129.231
17.2057	-1.19834	-126.122	-1.54556	-130.704
17.4057	-1.21773	-127.497	-1.56346	-132.172
17.6056	-1.26088	-128.809	-1.58089	-133.634
17.8056	-1.27128	-130.263	-1.59782	-135.091
18.0055	-1.30829	-131.509	-1.61426	-136.542
18.2054	-1.31951	-132.879	-1.63019	-137.987
18.4054	-1.35249	-134.172	-1.64562	-139.426
18.6054	-1.36503	-135.519	-1.66052	-140.859
18.8053	-1.39024	-136.899	-1.67491	-142.285
19.0053	-1.41455	-138.141	-1.68877	-143.704
19.2052	-1.42979	-139.518	-1.70211	-145.117
19.4051	-1.46935	-140.839	-1.71491	-146.522
19.6051	-1.46912	-142.098	-1.72717	-147.92
19.8051	-1.50529	-143.471	-1.73891	-149.311
20.005	-1.51492	-144.696	-1.75011	-150.695
20.205	-1.55654	-146.076	-1.76077	-152.07
20.4049	-1.57553	-147.329	-1.7709	-153.438
20.6048	-1.59034	-148.646	-1.7805	-154.798
20.8048	-1.61089	-149.916	-1.78956	-156.15
21.0048	-1.64614	-151.185	-1.7981	-157.494
21.2047	-1.6687	-152.601	-1.80612	-158.83
21.4047	-1.69105	-153.817	-1.81361	-160.157
21.6046	-1.69612	-155.12	-1.82059	-161.475
21.8045	-1.75459	-156.315	-1.82706	-162.785
22.0045	-1.75171	-157.733	-1.83302	-164.086
22.2045	-1.79488	-158.936	-1.83849	-165.379
22.4044	-1.79098	-160.185	-1.84346	-166.662
22.6044	-1.83823	-161.474	-1.84794	-167.936
22.8043	-1.84423	-162.642	-1.85195	-169.202
23.0042	-1.86822	-163.965	-1.85548	-170.458
23.2042	-1.89592	-165.18	-1.85855	-171.705
23.4042	-1.9047	-166.365	-1.86116	-172.942
23.6041	-1.94649	-167.646	-1.86333	-174.17
23.8041	-1.9587	-168.775	-1.86506	-175.389
24.004	-1.97937	-170.085	-1.86635	-176.598
24.2039	-1.99745	-171.273	-1.86723	-177.798
24.4039	-2.02122	-172.538	-1.8677	-178.989
24.6039	-2.04179	-173.727	-1.86777	179.831
24.8038	-2.05169	-174.9	-1.86744	178.659
25.0038	-2.0819	-176.121	-1.86673	177.498
25.2037	-2.0946	-177.288	-1.86565	176.346
25.4036	-2.1217	-178.621	-1.86421	175.204
25.6036	-2.14112	-179.708	-1.86241	174.071
25.8036	-2.15614	178.96	-1.86027	172.948
26.0035	-2.17787	177.948	-1.8578	171.835
26.2035	-2.18419	176.621	-1.855	170.731
26.4034	-2.21461	175.476	-1.85189	169.637
26.6033	-2.2177	174.273	-1.84848	168.552
26.8033	-2.25106	173.128	-1.84478	167.477
27.0033	-2.25554	172.12	-1.84079	166.412
27.2032	-2.29203	170.756	-1.83652	165.356
27.4032	-2.30148	169.712	-1.832	164.309
27.6031	-2.30689	168.586	-1.82722	163.272
27.803	-2.35654	167.503	-1.82219	162.245
28.003	-2.3656	166.484	-1.81693	161.227
28.203	-2.3754	165.153	-1.81144	160.218
28.4029	-2.38059	164.209	-1.80573	159.219
28.6029	-2.39738	162.828	-1.79981	158.229
28.8028	-2.44154	161.672	-1.79369	157.248
29.0027	-2.41538	160.508	-1.78738	156.276
29.2027	-2.49641	159.447	-1.78089	155.313
29.4027	-2.45681	158.413	-1.77422	154.36
29.6026	-2.53638	157.182	-1.76738	153.415
29.8026	-2.51578	156.116	-1.76039	152.479
30.0025	-2.53791	155.004	-1.75324	151.553
30.2024	-2.52887	154.09	-1.74595	150.635
30.4024	-2.5448	153.205	-1.73852	149.725
30.6024	-2.59099	151.785	-1.73096	148.825
30.8023	-2.53998	151.1	-1.72328	147.933
31.0023	-2.57388	149.943	-1.71548	147.05
31.2022	-2.59062	149.539	-1.70757	146.175
31.4021	-2.6391	147.792	-1.69956	145.308
31.6021	-2.6553	147.096	-1.69146	144.45
31.8021	-2.60657	145.65	-1.68326	143.6
32.002	-2.66519	145.397	-1.67498	142.758
32.2019	-2.6737	143.646	-1.66662	141.925
32.4019	-2.65804	142.715	-1.65818	141.099
32.6018	-2.66954	141.735	-1.64968	140.282
32.8018	-2.6727	140.67	-1.64112	139.472
33.0018	-2.74772	139.699	-1.6325	138.67
33.2017	-2.66454	138.537	-1.62382	137.876
33.4016	-2.71852	137.683	-1.6151	137.09
33.6016	-2.65262	136.847	-1.60633	136.311
33.8015	-2.75221	135.666	-1.59753	135.54
34.0015	-2.6396	135.019	-1.58869	134.776
34.2015	-2.6702	133.446	-1.57982	134.019
34.4014	-2.63766	133.177	-1.57092	133.27
34.6013	-2.68689	131.96	-1.562	132.528
34.8013	-2.71277	130.97	-1.55306	131.793
35.0012	-2.6465	129.715	-1.5441	131.065
35.2012	-2.63153	128.691	-1.53514	130.345
35.4012	-2.57108	128.65	-1.52616	129.631
35.6011	-2.74697	127.079	-1.51718	128.924
35.801	-2.63149	126.299	-1.50819	128.224
36.001	-2.66607	124.379	-1.49921	127.53
36.2009	-2.64473	124.009	-1.49023	126.843
36.4009	-2.63785	122.59	-1.48125	126.163
36.6009	-2.70447	121.573	-1.47228	125.489
36.8008	-2.65276	120.454	-1.46333	124.821
37.0007	-2.69486	119.224	-1.45438	124.16
37.2007	-2.66129	118.738	-1.44545	123.505
37.4006	-2.68225	117.394	-1.43654	122.856
37.6006	-2.73862	116.739	-1.42765	122.214
37.8006	-2.6232	115.605	-1.41878	121.577
38.0005	-2.69266	114.822	-1.40993	120.946
38.2004	-2.60697	114.016	-1.40111	120.322
38.4004	-2.6571	113.111	-1.39232	119.703
38.6003	-2.66271	112.49	-1.38355	119.09
38.8003	-2.63383	110.788	-1.37481	118.482
39.0003	-2.6588	110.828	-1.36611	117.881
39.2002	-2.61201	108.622	-1.35743	117.285
39.4001	-2.66495	108.401	-1.34879	116.694
39.6001	-2.67331	106.95	-1.34019	116.109
39.8	-2.65066	106.297	-1.33162	115.529
40	-2.68662	105.341	-1.32309	114.955
