Freq_GHz	S11_meas_dB	S11_meas_deg	S11_model_dB	S11_model_deg
0.01	-4.38426	0.410593	-4.43698	-0.0763162
0.20995	-4.3351	-1.81169	-4.43714	-1.60228
0.4099	-4.34303	-3.68655	-4.43759	-3.12834
0.60985	-4.34598	-5.51185	-4.43833	-4.65459
0.8098	-4.33828	-7.34404	-4.43936	-6.18114
1.00975	-4.34746	-9.10872	-4.44068	-7.70807
1.2097	-4.34483	-10.8986	-4.44228	-9.23549
1.40965	-4.33475	-12.6844	-4.44417	-10.7635
1.6096	-4.33846	-14.5381	-4.44632	-12.2921
1.80955	-4.3383	-16.373	-4.44875	-13.8215
2.0095	-4.33936	-18.1576	-4.45145	-15.3518
2.20945	-4.34219	-19.9951	-4.4544	-16.8829
2.4094	-4.35161	-21.6719	-4.45761	-18.4151
2.60935	-4.32757	-23.3807	-4.46107	-19.9484
2.8093	-4.34489	-25.1597	-4.46476	-21.4828
3.00925	-4.32278	-26.8703	-4.46868	-23.0185
3.2092	-4.32405	-28.6399	-4.47282	-24.5555
3.40915	-4.30173	-30.36	-4.47718	-26.0939
3.6091	-4.29784	-32.2615	-4.48173	-27.6337
3.80905	-4.31212	-33.9871	-4.48647	-29.1751
4.009	-4.28939	-35.7836	-4.49139	-30.718
4.20895	-4.29379	-37.4593	-4.49647	-32.2626
4.4089	-4.27444	-39.216	-4.50171	-33.8089
4.60885	-4.28392	-40.9908	-4.50709	-35.3569
4.8088	-4.25483	-42.6327	-4.5126	-36.9066
5.00875	-4.24466	-44.3729	-4.51821	-38.4582
5.2087	-4.23655	-46.0061	-4.52392	-40.0116
5.40865	-4.22601	-47.8222	-4.52972	-41.5668
5.6086	-4.21854	-49.5234	-4.53558	-43.1239
5.80855	-4.19134	-51.1467	-4.54149	-44.683
6.0085	-4.20833	-52.9091	-4.54744	-46.2439
6.20845	-4.18144	-54.5273	-4.5534	-47.8067
6.4084	-4.18267	-56.3388	-4.55936	-49.3715
6.60835	-4.15991	-57.8193	-4.5653	-50.9381
6.8083	-4.1631	-59.6741	-4.5712	-52.5066
7.00825	-4.14763	-61.2141	-4.57705	-54.0769
7.2082	-4.12935	-62.9043	-4.58282	-55.6491
7.40815	-4.12423	-64.5966	-4.5885	-57.223
7.6081	-4.11342	-66.2316	-4.59406	-58.7986
7.80805	-4.10643	-67.9146	-4.5995	-60.376
8.008	-4.09203	-69.3998	-4.60478	-61.9549
8.20795	-4.07963	-71.1652	-4.60989	-63.5354
8.4079	-4.07071	-72.674	-4.61481	-65.1174
8.60785	-4.04025	-74.368	-4.61952	-66.7008
8.8078	-4.04573	-75.957	-4.62399	-68.2855
9.00775	-4.01675	-77.5244	-4.62822	-69.8713
9.2077	-4.01634	-79.061	-4.63217	-71.4583
9.40765	-3.99673	-80.6499	-4.63584	-73.0462
9.6076	-3.98656	-82.232	-4.63919	-74.635
9.80755	-3.99164	-83.7852	-4.64222	-76.2246
10.0075	-3.94597	-85.2677	-4.64489	-77.8147
10.2074	-3.97223	-86.8195	-4.6472	-79.4053
10.4074	-3.93589	-88.3456	-4.64913	-80.9962
10.6074	-3.94952	-89.9553	-4.65065	-82.5872
10.8073	-3.91073	-91.3076	-4.65176	-84.1782
11.0073	-3.90732	-92.9213	-4.65242	-85.769
11.2072	-3.89903	-94.3114	-4.65263	-87.3594
11.4071	-3.8853	-95.8978	-4.65238	-88.9493
11.6071	-3.87182	-97.5342	-4.65163	-90.5384
11.8071	-3.83694	-98.7384	-4.65039	-92.1266
12.007	-3.83284	-100.479	-4.64864	-93.7136
12.207	-3.82018	-101.598	-4.64636	-95.2993
12.4069	-3.79028	-103.484	-4.64354	-96.8834
12.6068	-3.78375	-104.377	-4.64018	-98.4657
12.8068	-3.77234	-106.386	-4.63625	-100.046
13.0068	-3.75077	-107.615	-4.63175	-101.624
13.2067	-3.74178	-109.201	-4.62667	-103.2
13.4067	-3.71705	-110.605	-4.62101	-104.773
13.6066	-3.7224	-111.934	-4.61475	-106.343
13.8065	-3.69875	-113.526	-4.6079	-107.91
14.0065	-3.70705	-114.74	-4.60044	-109.473
14.2065	-3.66009	-116.341	-4.59237	-111.033
14.4064	-3.67188	-117.562	-4.58368	-112.589
14.6064	-3.63205	-119.066	-4.57439	-114.141
14.8063	-3.65225	-120.491	-4.56448	-115.689
15.0062	-3.61469	-121.912	-4.55395	-117.232
15.2062	-3.60241	-123.363	-4.54281	-118.77
15.4062	-3.58175	-124.608	-4.53106	-120.303
15.6061	-3.58097	-126.121	-4.5187	-121.831
15.8061	-3.57965	-127.453	-4.50574	-123.353
16.006	-3.54287	-128.821	-4.49217	-124.87
16.206	-3.55647	-130.119	-4.47801	-126.381
16.4059	-3.51018	-131.53	-4.46326	-127.885
16.6059	-3.52746	-132.77	-4.44792	-129.383
16.8058	-3.5084	-134.14	-4.43202	-130.875
17.0057	-3.49211	-135.576	-4.41555	-132.359
17.2057	-3.47313	-136.777	-4.39853	-133.837
17.4057	-3.45305	-138.001	-4.38096	-135.308
17.6056	-3.4828	-139.348	-4.36286	-136.771
17.8056	-3.44306	-140.698	-4.34424	-138.226
18.0055	-3.44872	-141.958	-4.32511	-139.674
18.2054	-3.42848	-143.103	-4.30548	-141.114
18.4054	-3.42792	-144.543	-4.28537	-142.546
18.6054	-3.40756	-145.729	-4.26479	-143.969
18.8053	-3.37702	-147.004	-4.24376	-145.384
19.0053	-3.3955	-148.196	-4.22228	-146.791
19.2052	-3.35917	-149.454	-4.20039	-148.188
19.4051	-3.35997	-150.873	-4.17808	-149.577
19.6051	-3.33584	-151.811	-4.15537	-150.957
19.8051	-3.32465	-153.392	-4.13229	-152.328
20.005	-3.31278	-154.2	-4.10885	-153.69
20.205	-3.31341	-155.785	-4.08506	-155.042
20.4049	-3.30036	-156.748	-4.06094	-156.385
20.6048	-3.287	-158.078	-4.03651	-157.719
20.8048	-3.27517	-159.228	-4.01178	-159.042
21.0048	-3.29718	-160.43	-3.98676	-160.357
21.2047	-3.2564	-161.899	-3.96148	-161.661
21.4047	-3.26526	-162.96	-3.93596	-162.956
21.6046	-3.19212	-163.98	-3.91019	-164.241
21.8045	-3.28921	-165.35	-3.88421	-165.516
22.0045	-3.19376	-166.587	-3.85803	-166.781
22.2045	-3.25626	-167.872	-3.83167	-168.036
22.4044	-3.18135	-168.732	-3.80513	-169.281
22.6044	-3.2394	-170.35	-3.77844	-170.516
22.8043	-3.1896	-170.992	-3.7516	-171.741
23.0042	-3.16237	-172.488	-3.72464	-172.956
23.2042	-3.1804	-173.55	-3.69757	-174.161
23.4042	-3.13819	-174.589	-3.67039	-175.355
23.6041	-3.1732	-175.839	-3.64314	-176.54
23.8041	-3.14038	-176.812	-3.61581	-177.714
24.004	-3.14671	-178.146	-3.58843	-178.879
24.2039	-3.14063	-179.089	-3.561	179.967
24.4039	-3.12261	179.631	-3.53353	178.823
24.6039	-3.13206	178.429	-3.50605	177.689
24.8038	-3.07168	177.47	-3.47856	176.564
25.0038	-3.11701	176.298	-3.45107	175.45
25.2037	-3.10225	175.321	-3.42359	174.346
25.4036	-3.10123	173.735	-3.39613	173.251
25.6036	-3.09327	173.093	-3.36871	172.167
25.8036	-3.04059	171.533	-3.34134	171.092
26.0035	-3.08217	171.05	-3.31401	170.027
26.2035	-3.04194	169.423	-3.28675	168.972
26.4034	-3.07202	168.513	-3.25956	167.926
26.6033	-3.01848	167.323	-3.23245	166.89
26.8033	-3.05331	166.322	-3.20542	165.864
27.0033	-3.02557	165.615	-3.17849	164.847
27.2032	-3.03862	163.986	-3.15166	163.84
27.4032	-3.01183	163.266	-3.12495	162.842
27.6031	-2.98814	162.368	-3.09834	161.853
27.803	-3.03699	161.221	-3.07186	160.873
28.003	-3.00701	160.454	-3.04551	159.903
28.203	-3.00925	158.905	-3.01929	158.942
28.4029	-2.99645	158.446	-2.99322	157.99
28.6029	-2.97826	156.775	-2.96728	157.047
28.8028	-3.02851	155.901	-2.9415	156.112
29.0027	-2.90137	154.75	-2.91587	155.187
29.2027	-3.05702	153.774	-2.8904	154.27
29.4027	-2.91834	152.979	-2.86509	153.362
29.6026	-3.06314	151.446	-2.83994	152.463
29.8026	-2.95323	150.806	-2.81497	151.572
30.0025	-2.97115	149.364	-2.79017	150.69
30.2024	-2.91066	149.206	-2.76554	149.816
30.4024	-2.95017	148.212	-2.7411	148.95
30.6024	-2.99334	146.406	-2.71683	148.093
30.8023	-2.86938	146.291	-2.69275	147.243
31.0023	-2.87269	145.081	-2.66885	146.402
31.2022	-2.95328	145.771	-2.64514	145.569
31.4021	-2.99418	142.637	-2.62162	144.743
31.6021	-3.00693	142.789	-2.59829	143.926
31.8021	-2.81065	140.852	-2.57515	143.116
32.002	-2.99673	141.817	-2.55221	142.314
32.2019	-2.95663	138.944	-2.52946	141.519
32.4019	-2.92545	138.436	-2.50691	140.732
32.6018	-2.92428	137.7	-2.48455	139.953
32.8018	-2.9191	136.374	-2.46239	139.18
33.0018	-3.02254	135.635	-2.44042	138.416
33.2017	-2.81258	134.169	-2.41866	137.658
33.4016	-2.98634	133.566	-2.39709	136.907
33.6016	-2.78078	132.936	-2.37572	136.164
33.8015	-2.99069	131.549	-2.35455	135.427
34.0015	-2.77237	131.622	-2.33357	134.697
34.2015	-2.84022	129.295	-2.31279	133.975
34.4014	-2.71846	130.234	-2.29222	133.259
34.6013	-2.80437	128.775	-2.27183	132.549
34.8013	-2.94881	127.979	-2.25165	131.846
35.0012	-2.69843	126.5	-2.23166	131.15
35.2012	-2.78875	125.452	-2.21186	130.46
35.4012	-2.51971	127.077	-2.19226	129.777
35.6011	-2.98497	124.541	-2.17286	129.1
35.801	-2.71175	124.06	-2.15365	128.429
36.001	-2.76089	121.147	-2.13463	127.764
36.2009	-2.73825	121.729	-2.1158	127.106
36.4009	-2.70402	120.005	-2.09716	126.453
36.6009	-2.86251	119.038	-2.07871	125.807
36.8008	-2.68119	117.911	-2.06044	125.166
37.0007	-2.77708	116.71	-2.04237	124.531
37.2007	-2.68347	116.538	-2.02448	123.902
37.4006	-2.68141	115.1	-2.00677	123.279
37.6006	-2.83017	114.649	-1.98925	122.661
37.8006	-2.56617	113.342	-1.97191	122.049
38.0005	-2.73964	112.673	-1.95474	121.443
38.2004	-2.55741	112.317	-1.93776	120.841
38.4004	-2.64682	111.009	-1.92096	120.246
38.6003	-2.62475	111.56	-1.90433	119.655
38.8003	-2.56658	108.596	-1.88788	119.07
39.0003	-2.66001	109.976	-1.8716	118.49
39.2002	-2.57055	106.223	-1.85549	117.915
39.4001	-2.65602	106.996	-1.83955	117.346
39.6001	-2.62052	105.103	-1.82378	116.781
39.8	-2.65872	104.695	-1.80817	116.221
40	-2.66607	103.7	-1.79274	115.666
