Freq_GHz	S11_meas_dB	S11_meas_deg	S11_model_dB	S11_model_deg
0.01	-0.0108795	0.0684694	-7.92849e-07	-0.0747108
0.20995	0.00748658	-1.61824	-0.000349463	-1.56856
0.4099	0.00549591	-3.17192	-0.00133189	-3.06247
0.60985	0.00147579	-4.70795	-0.00294755	-4.55648
0.8098	0.00408407	-6.26824	-0.0051956	-6.05064
1.00975	-0.00545085	-7.81787	-0.00807486	-7.54501
1.2097	-0.0142931	-9.35172	-0.0115838	-9.03963
1.40965	-0.0125251	-10.8698	-0.0157206	-10.5345
1.6096	-0.0152843	-12.4268	-0.0204831	-12.0298
1.80955	-0.0210576	-13.9784	-0.0258687	-13.5255
2.0095	-0.027812	-15.5095	-0.0318746	-15.0216
2.20945	-0.0376453	-17.0429	-0.0384974	-16.5182
2.4094	-0.0506661	-18.5509	-0.0457338	-18.0153
2.60935	-0.0481625	-20.0403	-0.0535796	-19.513
2.8093	-0.0648585	-21.5488	-0.0620308	-21.0113
3.00925	-0.064231	-23.0658	-0.0710825	-22.5103
3.2092	-0.0708443	-24.5827	-0.0807297	-24.0099
3.40915	-0.0715756	-26.1045	-0.0909672	-25.5103
3.6091	-0.0786845	-27.6588	-0.101789	-27.0115
3.80905	-0.0944428	-29.1743	-0.113189	-28.5134
4.009	-0.10101	-30.6846	-0.125161	-30.0161
4.20895	-0.103676	-32.2012	-0.137698	-31.5197
4.4089	-0.117653	-33.7104	-0.150792	-33.0241
4.60885	-0.130617	-35.2492	-0.164436	-34.5295
4.8088	-0.130719	-36.6921	-0.178622	-36.0357
5.00875	-0.14294	-38.2323	-0.193341	-37.5429
5.2087	-0.14955	-39.744	-0.208584	-39.051
5.40865	-0.158978	-41.2811	-0.224342	-40.56
5.6086	-0.170394	-42.7669	-0.240605	-42.07
5.80855	-0.176836	-44.2687	-0.257363	-43.581
6.0085	-0.19136	-45.7772	-0.274605	-45.0929
6.20845	-0.206668	-47.2412	-0.29232	-46.6058
6.4084	-0.227355	-48.7981	-0.310497	-48.1196
6.60835	-0.234558	-50.2148	-0.329124	-49.6343
6.8083	-0.250454	-51.7737	-0.348188	-51.15
7.00825	-0.260379	-53.2339	-0.367677	-52.6666
7.2082	-0.267792	-54.7154	-0.387578	-54.184
7.40815	-0.28779	-56.2435	-0.407877	-55.7023
7.6081	-0.299981	-57.7231	-0.42856	-57.2214
7.80805	-0.321948	-59.1878	-0.449613	-58.7414
8.008	-0.333211	-60.6432	-0.47102	-60.262
8.20795	-0.344667	-62.1325	-0.492767	-61.7834
8.4079	-0.35452	-63.5848	-0.514838	-63.3055
8.60785	-0.377679	-65.5164	-0.537217	-64.8282
8.8078	-0.389175	-66.6225	-0.559887	-66.3514
9.00775	-0.401345	-68.0583	-0.582833	-67.8751
9.2077	-0.422785	-69.4956	-0.606036	-69.3993
9.40765	-0.432099	-70.9574	-0.62948	-70.9239
9.6076	-0.451736	-72.4463	-0.653147	-72.4487
9.80755	-0.482703	-73.8854	-0.677018	-73.9738
10.0075	-0.484316	-75.3781	-0.701076	-75.499
10.2074	-0.521107	-76.9334	-0.725302	-77.0243
10.4074	-0.527971	-78.3766	-0.749677	-78.5495
10.6074	-0.556904	-79.6333	-0.774183	-80.0746
10.8073	-0.564938	-81.0771	-0.798799	-81.5995
11.0073	-0.575517	-82.5145	-0.823507	-83.124
11.2072	-0.599315	-83.9786	-0.848287	-84.6481
11.4071	-0.622983	-85.3742	-0.87312	-86.1717
11.6071	-0.640572	-86.8978	-0.897985	-87.6946
11.8071	-0.64981	-88.2221	-0.922863	-89.2167
12.007	-0.676744	-89.884	-0.947734	-90.7379
12.207	-0.682779	-91.2223	-0.972578	-92.2581
12.4069	-0.703095	-92.7376	-0.997376	-93.7771
12.6068	-0.719571	-93.9304	-1.02211	-95.2948
12.8068	-0.746719	-95.4988	-1.04675	-96.8111
13.0068	-0.753197	-96.7942	-1.07129	-98.3258
13.2067	-0.785327	-98.2446	-1.09571	-99.8388
13.4067	-0.787223	-99.667	-1.11998	-101.35
13.6066	-0.744109	-97.1735	-1.14408	-102.859
13.8065	-0.772929	-99.188	-1.16801	-104.366
14.0065	-0.80576	-101.033	-1.19173	-105.87
14.2065	-0.826849	-103.112	-1.21523	-107.372
14.4064	-0.861279	-104.903	-1.2385	-108.872
14.6064	-0.891191	-107.016	-1.26151	-110.368
14.8063	-0.932172	-108.975	-1.28426	-111.862
15.0062	-0.963977	-111.083	-1.30671	-113.352
15.2062	-0.994441	-112.745	-1.32886	-114.839
15.4062	-1.00488	-114.109	-1.35069	-116.323
15.6061	-1.03625	-115.441	-1.37218	-117.803
15.8061	-1.05548	-116.775	-1.39332	-119.279
16.006	-1.06968	-118.022	-1.4141	-120.751
16.206	-1.09409	-119.327	-1.4345	-122.219
16.4059	-1.10528	-120.707	-1.45451	-123.683
16.6059	-1.14145	-122.02	-1.47412	-125.142
16.8058	-1.15675	-123.412	-1.49331	-126.596
17.0057	-1.17946	-124.853	-1.51208	-128.045
17.2057	-1.19834	-126.122	-1.53041	-129.49
17.4057	-1.21773	-127.497	-1.54829	-130.929
17.6056	-1.26088	-128.809	-1.56572	-132.362
17.8056	-1.27128	-130.263	-1.58268	-133.791
18.0055	-1.30829	-131.509	-1.59918	-135.213
18.2054	-1.31951	-132.879	-1.61519	-136.63
18.4054	-1.35249	-134.172	-1.63072	-138.04
18.6054	-1.36503	-135.519	-1.64576	-139.444
18.8053	-1.39024	-136.899	-1.6603	-140.842
19.0053	-1.41455	-138.141	-1.67435	-142.234
19.2052	-1.42979	-139.518	-1.68789	-143.618
19.4051	-1.46935	-140.839	-1.70093	-144.996
19.6051	-1.46912	-142.098	-1.71346	-146.367
19.8051	-1.50529	-143.471	-1.72548	-147.731
20.005	-1.51492	-144.696	-1.73699	-149.088
20.205	-1.55654	-146.076	-1.74799	-150.437
20.4049	-1.57553	-147.329	-1.75848	-151.779
20.6048	-1.59034	-148.646	-1.76846	-153.113
20.8048	-1.61089	-149.916	-1.77793	-154.439
21.0048	-1.64614	-151.185	-1.7869	-155.758
21.2047	-1.6687	-152.601	-1.79537	-157.068
21.4047	-1.69105	-153.817	-1.80333	-158.371
21.6046	-1.69612	-155.12	-1.8108	-159.665
21.8045	-1.75459	-156.315	-1.81778	-160.951
22.0045	-1.75171	-157.733	-1.82428	-162.229
22.2045	-1.79488	-158.936	-1.83029	-163.498
22.4044	-1.79098	-160.185	-1.83582	-164.759
22.6044	-1.83823	-161.474	-1.84089	-166.011
22.8043	-1.84423	-162.642	-1.84549	-167.255
23.0042	-1.86822	-163.965	-1.84964	-168.489
23.2042	-1.89592	-165.18	-1.85333	-169.715
23.4042	-1.9047	-166.365	-1.85658	-170.932
23.6041	-1.94649	-167.646	-1.8594	-172.14
23.8041	-1.9587	-168.775	-1.86179	-173.339
24.004	-1.97937	-170.085	-1.86376	-174.53
24.2039	-1.99745	-171.273	-1.86531	-175.711
24.4039	-2.02122	-172.538	-1.86647	-176.883
24.6039	-2.04179	-173.727	-1.86723	-178.046
24.8038	-2.05169	-174.9	-1.8676	-179.199
25.0038	-2.0819	-176.121	-1.8676	179.656
25.2037	-2.0946	-177.288	-1.86723	178.52
25.4036	-2.1217	-178.621	-1.8665	177.394
25.6036	-2.14112	-179.708	-1.86542	176.277
25.8036	-2.15614	178.96	-1.864	175.169
26.0035	-2.17787	177.948	-1.86225	174.07
26.2035	-2.18419	176.621	-1.86018	172.981
26.4034	-2.21461	175.476	-1.85779	171.9
26.6033	-2.2177	174.273	-1.8551	170.829
26.8033	-2.25106	173.128	-1.85211	169.767
27.0033	-2.25554	172.12	-1.84884	168.714
27.2032	-2.29203	170.756	-1.84529	167.67
27.4032	-2.30148	169.712	-1.84147	166.636
27.6031	-2.30689	168.586	-1.83739	165.61
27.803	-2.35654	167.503	-1.83307	164.593
28.003	-2.3656	166.484	-1.8285	163.586
28.203	-2.3754	165.153	-1.8237	162.587
28.4029	-2.38059	164.209	-1.81867	161.597
28.6029	-2.39738	162.828	-1.81343	160.616
28.8028	-2.44154	161.672	-1.80798	159.644
29.0027	-2.41538	160.508	-1.80234	158.681
29.2027	-2.49641	159.447	-1.7965	157.726
29.4027	-2.45681	158.413	-1.79047	156.78
29.6026	-2.53638	157.182	-1.78427	155.843
29.8026	-2.51578	156.116	-1.7779	154.915
30.0025	-2.53791	155.004	-1.77138	153.994
30.2024	-2.52887	154.09	-1.76469	153.083
30.4024	-2.5448	153.205	-1.75786	152.18
30.6024	-2.59099	151.785	-1.75089	151.285
30.8023	-2.53998	151.1	-1.74379	150.398
31.0023	-2.57388	149.943	-1.73656	149.52
31.2022	-2.59062	149.539	-1.72922	148.65
31.4021	-2.6391	147.792	-1.72176	147.787
31.6021	-2.6553	147.096	-1.71419	146.933
31.8021	-2.60657	145.65	-1.70652	146.087
32.002	-2.66519	145.397	-1.69875	145.249
32.2019	-2.6737	143.646	-1.6909	144.419
32.4019	-2.65804	142.715	-1.68296	143.597
32.6018	-2.66954	141.735	-1.67494	142.782
32.8018	-2.6727	140.67	-1.66685	141.975
33.0018	-2.74772	139.699	-1.65869	141.175
33.2017	-2.66454	138.537	-1.65046	140.383
33.4016	-2.71852	137.683	-1.64218	139.598
33.6016	-2.65262	136.847	-1.63384	138.821
33.8015	-2.75221	135.666	-1.62545	138.051
34.0015	-2.6396	135.019	-1.61702	137.288
34.2015	-2.6702	133.446	-1.60855	136.533
34.4014	-2.63766	133.177	-1.60003	135.784
34.6013	-2.68689	131.96	-1.59149	135.043
34.8013	-2.71277	130.97	-1.58291	134.308
35.0012	-2.6465	129.715	-1.57431	133.58
35.2012	-2.63153	128.691	-1.56569	132.86
35.4012	-2.57108	128.65	-1.55704	132.145
35.6011	-2.74697	127.079	-1.54838	131.438
35.801	-2.63149	126.299	-1.53971	130.737
36.001	-2.66607	124.379	-1.53103	130.043
36.2009	-2.64473	124.009	-1.52234	129.355
36.4009	-2.63785	122.59	-1.51365	128.673
36.6009	-2.70447	121.573	-1.50495	127.998
36.8008	-2.65276	120.454	-1.49626	127.329
37.0007	-2.69486	119.224	-1.48757	126.666
37.2007	-2.66129	118.738	-1.47889	126.01
37.4006	-2.68225	117.394	-1.47021	125.359
37.6006	-2.73862	116.739	-1.46155	124.715
37.8006	-2.6232	115.605	-1.4529	124.076
38.0005	-2.69266	114.822	-1.44426	123.443
38.2004	-2.60697	114.016	-1.43564	122.816
38.4004	-2.6571	113.111	-1.42704	122.195
38.6003	-2.66271	112.49	-1.41845	121.579
38.8003	-2.63383	110.788	-1.40989	120.969
39.0003	-2.6588	110.828	-1.40136	120.365
39.2002	-2.61201	108.622	-1.39285	119.766
39.4001	-2.66495	108.401	-1.38436	119.172
39.6001	-2.67331	106.95	-1.3759	118.584
39.8	-2.65066	106.297	-1.36748	118.001
40	-2.68662	105.341	-1.35908	117.423
