Freq_GHz	S11_meas_dB	S11_meas_deg	S11_fit_dB	S11_fit_deg	Re_S11_meas	Im_S11_meas	Re_S11_fit	Im_S11_fit
0.01	-23.108999	-1.4869643	-20.827833	-0.17195151	0.069888188	-0.0018141751	0.0909089	-0.00027282934
0.20995	-23.48107	-4.896554	-20.818643	-3.6083116	0.06673576	-0.0057172296	0.09082514	-0.0057274613
0.4099	-23.468191	-10.155453	-20.792843	-7.0348439	0.066028661	-0.01182744	0.09058912	-0.011178871
0.60985	-23.331022	-15.016677	-20.750717	-10.442409	0.065820138	-0.017656988	0.090200919	-0.01662399
0.8098	-23.143728	-19.754824	-20.692716	-13.822283	0.065534701	-0.023535591	0.089660669	-0.022059751
1.00975	-23.002712	-24.020981	-20.619447	-17.166331	0.06464333	-0.028809433	0.08896855	-0.027483086
1.2097	-22.767994	-28.686699	-20.53165	-20.467147	0.063786306	-0.034902739	0.088124796	-0.03289093
1.40965	-22.534935	-32.524986	-20.430176	-23.718169	0.062974065	-0.040157523	0.087129692	-0.038280219
1.6096	-22.2623	-36.775482	-20.315958	-26.913742	0.061732066	-0.046140298	0.085983576	-0.043647891
1.80955	-21.965986	-40.714664	-20.189988	-30.049154	0.060443727	-0.052016728	0.084686836	-0.048990886
2.0095	-21.670815	-44.326099	-20.053292	-33.120636	0.059019118	-0.057646854	0.083239912	-0.054306146
2.20945	-21.357611	-47.53035	-19.906906	-36.125328	0.057749949	-0.063090072	0.081643299	-0.059590618
2.4094	-21.072475	-50.734676	-19.751859	-39.06123	0.055939666	-0.06842937	0.079897543	-0.06484125
2.60935	-20.701883	-53.868988	-19.58915	-41.927126	0.05438612	-0.074497254	0.078003244	-0.070054997
2.8093	-20.414141	-56.745689	-19.419744	-44.722508	0.052282419	-0.079730857	0.075961054	-0.075228814
3.00925	-20.107044	-59.287334	-19.244553	-47.447484	0.050447739	-0.084920907	0.073771682	-0.080359665
3.2092	-19.825569	-62.154266	-19.064434	-50.102691	0.04765676	-0.090214469	0.071435888	-0.085444518
3.40915	-19.482796	-64.372795	-18.880183	-52.689208	0.04590503	-0.095694557	0.068954489	-0.090480345
3.6091	-19.146456	-66.845901	-18.69253	-55.208476	0.043380716	-0.10143915	0.066328356	-0.095464128
3.80905	-18.887388	-69.240776	-18.502146	-57.662221	0.040287959	-0.1062866	0.063558417	-0.10039285
4.009	-18.535456	-71.34758	-18.309636	-60.05239	0.037856579	-0.11214903	0.060645654	-0.10526352
4.20895	-18.286425	-73.481003	-18.115545	-62.381088	0.034634297	-0.11678123	0.057591109	-0.11007313
4.4089	-17.966953	-75.383034	-17.920361	-64.650532	0.031890829	-0.12228233	0.054395878	-0.11481869
4.60885	-17.706011	-77.437561	-17.72452	-66.863001	0.028324714	-0.12710884	0.051061116	-0.11949723
4.8088	-17.380516	-79.029945	-17.528405	-69.02081	0.025727863	-0.1327287	0.047588038	-0.12410578
5.00875	-17.136139	-80.806648	-17.332354	-71.126269	0.022216681	-0.13727085	0.043977914	-0.1286414
5.2087	-16.872986	-82.477058	-17.136663	-73.181667	0.018765806	-0.14210074	0.040232076	-0.13310114
5.40865	-16.592836	-84.161987	-16.941591	-75.189254	0.015057362	-0.1472651	0.036351916	-0.13748207
5.6086	-16.340513	-85.73246	-16.747362	-77.151218	0.011340382	-0.15197375	0.032338885	-0.14178128
5.80855	-16.082748	-87.149803	-16.554167	-79.069684	0.0078061288	-0.15679241	0.028194497	-0.14599588
6.0085	-15.858174	-89.015045	-16.362171	-80.946699	0.0027692596	-0.16107462	0.023920324	-0.15012298
6.20845	-15.607888	-90.167374	-16.171516	-82.784234	-0.00048436231	-0.16580734	0.019518003	-0.15415974
6.4084	-15.379061	-91.753593	-15.98232	-84.584171	-0.0052093713	-0.17015453	0.014989233	-0.15810331
6.60835	-15.165409	-92.857239	-15.794682	-86.348311	-0.0086970801	-0.17425663	0.010335774	-0.16195086
6.8083	-14.931664	-94.619797	-15.608684	-88.078368	-0.014435984	-0.17865021	0.0055594507	-0.16569962
7.00825	-14.714737	-95.751724	-15.424394	-89.775973	-0.018416576	-0.18283998	0.00066215197	-0.16934679
7.2082	-14.481344	-97.048271	-15.241867	-91.442671	-0.023163109	-0.18734341	-0.0043541702	-0.17288965
7.40815	-14.276212	-98.449112	-15.061144	-93.079929	-0.028398976	-0.19118338	-0.0094874991	-0.17632546
7.6081	-14.087757	-99.720383	-14.88226	-94.689137	-0.033349366	-0.19468478	-0.014735753	-0.17965154
7.80805	-13.870445	-101.10446	-14.705238	-96.271606	-0.039005901	-0.19873285	-0.020096787	-0.18286522
8.008	-13.670306	-102.11568	-14.530096	-97.828578	-0.043497918	-0.20262909	-0.025568387	-0.18596389
8.20795	-13.474576	-103.47286	-14.356843	-99.361226	-0.049385412	-0.20613515	-0.031148278	-0.18894495
8.4079	-13.300671	-104.60227	-14.185484	-100.87066	-0.054519587	-0.20926993	-0.036834118	-0.19180583
8.60785	-13.07959	-105.85223	-14.01602	-102.35791	-0.06059451	-0.21339378	-0.042623497	-0.19454402
8.8078	-12.920545	-107.04578	-13.848446	-103.82399	-0.066227975	-0.21600451	-0.048513943	-0.19715704
9.00775	-12.717025	-108.12023	-13.682755	-105.2698	-0.071932627	-0.2198153	-0.054502917	-0.19964245
9.2077	-12.566198	-109.27374	-13.518936	-106.69624	-0.077680438	-0.22214685	-0.060587815	-0.20199786
9.40765	-12.384477	-110.47132	-13.356978	-108.10413	-0.084046487	-0.22513602	-0.066765968	-0.20422091
9.6076	-12.210258	-111.53476	-13.196864	-109.49425	-0.089997576	-0.2280663	-0.073034641	-0.2063093
9.80755	-12.058547	-112.75334	-13.038578	-110.86733	-0.096498264	-0.23008463	-0.079391037	-0.20826078
10.0075	-11.871094	-113.65638	-12.882103	-112.22408	-0.10229654	-0.2335209	-0.085832293	-0.21007316
10.20745	-11.755157	-115.03075	-12.72742	-113.56515	-0.10931755	-0.23410414	-0.092355483	-0.21174429
10.4074	-11.559114	-115.9208	-12.574509	-114.89116	-0.11551895	-0.23768226	-0.098957619	-0.21327208
10.60735	-11.424017	-117.19598	-12.423349	-116.20269	-0.12267303	-0.23873711	-0.10563565	-0.21465451
10.8073	-11.244381	-118.07679	-12.27392	-117.5003	-0.12896836	-0.24177194	-0.11238647	-0.2158896
11.00725	-11.107696	-119.1025	-12.126201	-118.78451	-0.13538954	-0.24322202	-0.11920689	-0.21697545
11.2072	-10.96964	-120.22787	-11.98017	-120.05581	-0.14238557	-0.24436941	-0.1260937	-0.21791023
11.40715	-10.819151	-121.35607	-11.835806	-121.31467	-0.14974151	-0.24573946	-0.1330436	-0.21869216
11.6071	-10.651427	-122.51826	-11.693089	-122.56152	-0.15771113	-0.24738288	-0.14005325	-0.21931955
11.80705	-10.519623	-123.22527	-11.551995	-123.79679	-0.1632096	-0.24917048	-0.14711924	-0.21979077
12.007	-10.354641	-124.68559	-11.412506	-125.02086	-0.17275703	-0.24962695	-0.15423811	-0.22010427
12.20695	-10.242361	-125.28082	-11.2746	-126.23411	-0.17762226	-0.25104307	-0.16140637	-0.22025858
12.4069	-10.070883	-126.69112	-11.138256	-127.43689	-0.18741071	-0.25151209	-0.16862044	-0.2202523
12.60685	-9.9923077	-127.27939	-11.003456	-128.62954	-0.19170956	-0.25184265	-0.17587673	-0.22008412
12.8068	-9.8318243	-128.71463	-10.870178	-129.81237	-0.20164886	-0.25156725	-0.18317157	-0.21975283
13.00675	-9.6967373	-129.49255	-10.738404	-130.98568	-0.20825966	-0.25270611	-0.19050127	-0.21925727
13.2067	-9.5828323	-130.69893	-10.608114	-132.14975	-0.21635259	-0.25154259	-0.19786207	-0.21859639
13.40665	-9.4499722	-131.58459	-10.479291	-133.30486	-0.22360917	-0.25199355	-0.20525021	-0.21776924
13.6066	-9.3543577	-132.55212	-10.351917	-134.45124	-0.23035424	-0.25092889	-0.21266185	-0.21677495
13.80655	-9.2067108	-133.65302	-10.225973	-135.58916	-0.23916391	-0.25068194	-0.22009313	-0.21561273
14.0065	-9.1245975	-134.60593	-10.101442	-136.71882	-0.24561082	-0.2490128	-0.22754016	-0.21428193
14.20645	-8.9566488	-135.6626	-9.9783091	-137.84045	-0.25504531	-0.24921352	-0.23499903	-0.21278195
14.4064	-8.8765287	-136.52063	-9.8565564	-138.95426	-0.26114644	-0.24764007	-0.24246577	-0.21111232
14.60635	-8.7372475	-137.56314	-9.7361686	-140.06044	-0.26990229	-0.24677326	-0.24993641	-0.20927267
14.8063	-8.6599455	-138.63858	-9.6171303	-141.15917	-0.27694016	-0.24382437	-0.25740696	-0.20726272
15.00625	-8.5170164	-139.69931	-9.4994265	-142.25062	-0.28607536	-0.24261547	-0.26487339	-0.20508229
15.2062	-8.4122229	-140.71628	-9.3830427	-143.33497	-0.29386044	-0.24038258	-0.27233168	-0.20273134
15.40615	-8.3032503	-141.62056	-9.2679646	-144.41237	-0.30137497	-0.23869083	-0.27977778	-0.20020991
15.6061	-8.2099504	-142.67953	-9.1541786	-145.48296	-0.30903662	-0.23559735	-0.28720764	-0.19751814
15.80605	-8.10429	-143.67522	-9.0416711	-146.54689	-0.31691578	-0.23300887	-0.29461718	-0.1946563
16.006	-7.9893141	-144.65808	-8.9304294	-147.60429	-0.32514159	-0.23057041	-0.30200236	-0.19162477
16.20595	-7.904151	-145.63127	-8.8204405	-148.6553	-0.33225256	-0.22723183	-0.30935912	-0.18842404
16.4059	-7.7729621	-146.63499	-8.7116923	-149.70002	-0.3412982	-0.22474577	-0.31668339	-0.18505469
16.60585	-7.7144947	-147.55623	-8.6041726	-150.73857	-0.34719678	-0.22071001	-0.32397112	-0.18151743
16.8058	-7.6017008	-148.6013	-8.4978699	-151.77107	-0.35575445	-0.21714237	-0.33121829	-0.17781309
17.00575	-7.5045695	-149.66978	-8.3927727	-152.7976	-0.36378718	-0.21283754	-0.33842088	-0.1739426
17.2057	-7.4037175	-150.55782	-8.2888699	-153.81828	-0.37132874	-0.2095933	-0.34557489	-0.169907
17.40565	-7.307466	-151.44757	-8.1861507	-154.83319	-0.37871211	-0.20607284	-0.35267634	-0.16570745
17.6056	-7.247179	-152.51984	-8.0846045	-155.84241	-0.38516625	-0.20033537	-0.35972128	-0.16134523
17.80555	-7.134439	-153.53754	-7.9842209	-156.84603	-0.39374132	-0.19599018	-0.36670581	-0.15682171
18.0055	-7.0606651	-154.50331	-7.88499	-157.84413	-0.40037501	-0.19094069	-0.37362604	-0.15213839
18.20545	-6.9665513	-155.39133	-7.7869017	-158.83678	-0.40767963	-0.18672494	-0.38047814	-0.14729686
18.4054	-6.8816023	-156.49727	-7.6899465	-159.82404	-0.41524907	-0.18057896	-0.3872583	-0.14229884
18.60535	-6.7913113	-157.33147	-7.5941149	-160.80599	-0.42220021	-0.17633776	-0.39396277	-0.13714614
18.8053	-6.6898327	-158.36449	-7.4993976	-161.78269	-0.43030883	-0.17067989	-0.40058787	-0.1318407
19.00525	-6.6388569	-159.31085	-7.4057855	-162.75419	-0.43561821	-0.16451214	-0.40712993	-0.12638454
19.2052	-6.5335054	-160.29095	-7.3132696	-163.72055	-0.44371785	-0.15895307	-0.41358539	-0.12077979
19.40515	-6.4519386	-161.36708	-7.2218411	-164.68183	-0.45083876	-0.15201243	-0.41995071	-0.11502869
19.6051	-6.3659301	-162.16678	-7.1314914	-165.63806	-0.45742357	-0.14715525	-0.42622244	-0.10913358
19.80505	-6.2817731	-163.38898	-7.0422119	-166.5893	-0.46494133	-0.13870241	-0.43239719	-0.10309688
20.005	-6.2105784	-164.02351	-6.9539943	-167.53559	-0.47028787	-0.13464406	-0.43847165	-0.096921121
20.20495	-6.1366887	-165.31496	-6.8668302	-168.47697	-0.47724568	-0.12506988	-0.44444256	-0.090608921
20.4049	-6.0550003	-166.11812	-6.7807115	-169.41348	-0.4834776	-0.11948636	-0.45030678	-0.08416299
20.60485	-5.9941435	-167.1555	-6.69563	-170.34515	-0.4889756	-0.11149198	-0.45606122	-0.077586123
20.8048	-5.9110613	-168.09697	-6.6115777	-171.27202	-0.49545808	-0.10443676	-0.4617029	-0.070881201
21.00475	-5.8738194	-169.06401	-6.5285467	-172.19413	-0.49928628	-0.096472677	-0.4672289	-0.064051184
21.2047	-5.767024	-170.2558	-6.4465291	-173.11149	-0.50738507	-0.087131823	-0.47263642	-0.057099113
21.40465	-5.7159781	-171.08847	-6.3655172	-174.02414	-0.51159548	-0.080219195	-0.47792273	-0.050028102
21.6046	-5.6145916	-172.005	-6.2855031	-174.93211	-0.51883411	-0.072871208	-0.48308521	-0.042841337
21.80455	-5.6211357	-173.07303	-6.2064791	-175.83541	-0.51971055	-0.06314012	-0.48812134	-0.035542071
22.0045	-5.4927297	-174.03922	-6.1284376	-176.73408	-0.52845621	-0.055177278	-0.4930287	-0.028133623
22.20445	-5.4713621	-175.08977	-6.051371	-177.62813	-0.53068293	-0.045591025	-0.49780496	-0.020619372
22.4044	-5.3463702	-175.80367	-5.9752717	-178.51758	-0.53890927	-0.039540318	-0.5024479	-0.013002754
22.60435	-5.3392253	-177.0511	-5.900132	-179.40246	-0.54008643	-0.027821747	-0.50695543	-0.0052872586
22.8043	-5.2544236	-177.70567	-5.8259446	179.71723	-0.54567057	-0.021862308	-0.51132554	0.0025235765
23.00425	-5.1788573	-178.91328	-5.7527017	178.84146	-0.55078108	-0.010447831	-0.51555633	0.010426167
23.2042	-5.1250672	-179.84653	-5.680396	177.97022	-0.55430026	-0.0014847283	-0.51964603	0.018416889
23.40415	-5.0592065	179.35919	-5.60902	177.10349	-0.55848628	0.0062465075	-0.52359297	0.026492079
23.6041	-5.0408421	178.23981	-5.538566	176.24127	-0.55943924	0.017192004	-0.5273956	0.034648042
23.80405	-4.951344	177.38936	-5.4690267	175.38354	-0.56491333	0.025757688	-0.53105247	0.042881054
24.004	-4.9058623	176.28024	-5.4003945	174.53028	-0.56727154	0.036880266	-0.53456226	0.051187365
24.20395	-4.8474317	175.45851	-5.332662	173.68149	-0.57050926	0.045315762	-0.53792374	0.059563205
24.4039	-4.7895751	174.38672	-5.2658217	172.83716	-0.57336831	0.05635343	-0.54113584	0.068004786
24.60385	-4.7508726	173.42746	-5.199866	171.99728	-0.57490045	0.066239048	-0.54419755	0.076508309
24.8038	-4.66366	172.55608	-5.1347874	171.16184	-0.57961727	0.075730984	-0.54710801	0.085069966
25.00375	-4.6429105	171.60332	-5.0705784	170.33083	-0.57966096	0.085562563	-0.54986647	0.093685944
25.2037	-4.5913496	170.62753	-5.0072316	169.50424	-0.5815618	0.095989862	-0.55247228	0.10235243
25.40365	-4.5448618	169.46361	-4.9447392	168.68206	-0.5826018	0.10836164	-0.55492492	0.11106561
25.6036	-4.5041361	168.73431	-4.8830939	167.8643	-0.5839067	0.1163125	-0.55722397	0.11982169
25.80355	-4.4260387	167.43536	-4.8222879	167.05093	-0.58636855	0.13068899	-0.55936912	0.12861688
26.0035	-4.3986845	166.89461	-4.7623138	166.24197	-0.58695459	0.13664682	-0.56136018	0.13744739
26.20345	-4.339128	165.5741	-4.7031639	165.43739	-0.58766532	0.15117	-0.56319706	0.14630947
26.4034	-4.3123193	164.71429	-4.6448306	164.63719	-0.58714009	0.16046597	-0.56487979	0.15519939
26.60335	-4.2436676	163.72878	-4.5873064	163.84137	-0.58892975	0.17189404	-0.56640848	0.16411343
26.8033	-4.2167606	162.77451	-4.5305834	163.04993	-0.58780335	0.18224213	-0.56778337	0.17304792
27.00325	-4.1667047	162.13289	-4.4746542	162.26285	-0.58911094	0.18990427	-0.5690048	0.1819992
27.2032	-4.1464067	160.72624	-4.4195109	161.48013	-0.58563858	0.20478666	-0.57007319	0.19096367
27.40315	-4.091311	160.04054	-4.3651461	160.70177	-0.58685659	0.21312821	-0.57098907	0.19993776
27.6031	-4.0576963	159.07344	-4.3115519	159.92775	-0.58543704	0.22386768	-0.57175308	0.20891793
27.80305	-4.0535431	158.18723	-4.2587207	159.15809	-0.58218283	0.23300705	-0.57236594	0.21790069
28.003	-3.9837549	157.30443	-4.2066447	158.39276	-0.58319072	0.24390098	-0.57282845	0.22688262
28.20295	-3.9595096	156.15039	-4.1553163	157.63176	-0.57977625	0.25631168	-0.57314151	0.23586031
28.4029	-3.9119279	155.56578	-4.1047278	156.87509	-0.5803011	0.26365427	-0.57330612	0.24483044
28.60285	-3.8723624	154.15221	-4.0548713	156.12274	-0.57623931	0.27915817	-0.57332335	0.25378973
28.8028	-3.8754194	153.26868	-4.0057393	155.37471	-0.57166498	0.28790918	-0.57319435	0.26273495
29.00275	-3.7890253	152.36659	-3.9573239	154.63099	-0.57272976	0.29984125	-0.57292035	0.27166293
29.2027	-3.8377163	151.36891	-3.9096174	153.89157	-0.56425019	0.3080365	-0.57250265	0.28057059
29.40265	-3.7205262	150.68797	-3.8626121	153.15645	-0.56816371	0.31899548	-0.57194263	0.28945488
29.6026	-3.7887082	149.4588	-3.8163004	152.42562	-0.55680211	0.32852104	-0.57124175	0.29831282
29.80255	-3.6867399	148.66553	-3.7706744	151.69907	-0.55872124	0.3401684	-0.57040152	0.30714152
30.0025	-3.6802187	147.63675	-3.7257265	150.9768	-0.55293855	0.35040818	-0.56942352	0.31593813
30.20245	-3.6113915	147.05672	-3.6814489	150.25879	-0.55373341	0.35881983	-0.56830938	0.32469988
30.4024	-3.6017509	146.34358	-3.6378341	149.54505	-0.54983446	0.36609008	-0.56706082	0.33342408
30.60235	-3.6106095	144.87985	-3.5948742	148.83556	-0.53975283	0.37962829	-0.56567958	0.3421081
30.8023	-3.4843571	144.58099	-3.5525617	148.13031	-0.54563901	0.38803799	-0.56416747	0.35074938
31.00225	-3.5082519	143.50192	-3.510889	147.4293	-0.53675599	0.3971507	-0.56252634	0.35934546
31.2022	-3.5070419	143.50879	-3.4698482	146.73251	-0.53687839	0.39714166	-0.5607581	0.36789391
31.40215	-3.5008962	141.40305	-3.429432	146.03994	-0.52229276	0.41689531	-0.55886469	0.37639241
31.6021	-3.4896901	141.14886	-3.3896327	145.35158	-0.52110996	0.41974952	-0.5568481	0.3848387
31.80205	-3.366297	139.71768	-3.3504428	144.66742	-0.51776713	0.43882385	-0.55471035	0.39323061
32.002	-3.4282186	139.99951	-3.3118546	143.98744	-0.51622605	0.43317262	-0.5524535	0.40156603
32.20195	-3.3930876	137.88583	-3.2738608	143.31164	-0.5019244	0.45374903	-0.55007963	0.40984292
32.4019	-3.3510094	137.26732	-3.2364539	142.64	-0.49941053	0.46137045	-0.54759087	0.41805933
32.60185	-3.3291543	136.44072	-3.1996264	141.97252	-0.49394392	0.4697075	-0.54498937	0.42621339
32.8018	-3.2935123	135.52654	-3.1633709	141.30919	-0.48838693	0.47949201	-0.54227729	0.4343033
33.00175	-3.3542259	134.74954	-3.12768	140.64998	-0.47848346	0.48268509	-0.53945681	0.44232732
33.2017	-3.2120595	133.50117	-3.0925465	139.99489	-0.47557452	0.50113048	-0.53653016	0.4502838
33.40165	-3.2832525	132.83904	-3.057963	139.34391	-0.46591711	0.50245753	-0.53349955	0.45817117
33.6016	-3.1401703	132.18683	-3.0239223	138.69702	-0.46781057	0.51616155	-0.53036722	0.46598792
33.80155	-3.252882	130.98193	-2.9904172	138.05421	-0.4509633	0.5191045	-0.52713542	0.47373261
34.0015	-3.0938942	130.76436	-2.9574405	137.41546	-0.45728289	0.53043402	-0.5238064	0.48140389
34.20145	-3.1027884	129.0352	-2.9249851	136.78077	-0.44061742	0.54343422	-0.52038244	0.48900047
34.4014	-3.0140378	129.4812	-2.893044	136.15011	-0.44940273	0.54553371	-0.51686579	0.49652114
34.60135	-3.0697315	127.9398	-2.86161	135.52348	-0.43178815	0.55386215	-0.51325873	0.50396473
34.8013	-3.0960274	127.10265	-2.8306764	134.90085	-0.42236923	0.55841854	-0.50956353	0.51133018
35.00125	-2.9688239	126.04664	-2.800236	134.28222	-0.41808411	0.57445945	-0.50578245	0.51861648
35.2012	-2.9831257	124.95095	-2.7702821	133.66756	-0.40635308	0.58139103	-0.50191777	0.52582267
35.40115	-2.8422899	125.59323	-2.7408078	133.05686	-0.41959331	0.58622807	-0.49797173	0.53294789
35.6011	-3.1191635	123.79846	-2.7118064	132.45011	-0.38844544	0.58028661	-0.49394659	0.5399913
35.80105	-2.8926382	123.11737	-2.6832712	131.84729	-0.39160094	0.60031674	-0.48984459	0.54695217
36.001	-2.9197562	121.12961	-2.6551956	131.24838	-0.36938766	0.61162604	-0.48566795	0.5538298
36.20095	-2.8924098	121.07781	-2.6275729	130.65336	-0.36999761	0.61388946	-0.48141891	0.56062357
36.4009	-2.8647215	119.6827	-2.6003966	130.06222	-0.35607491	0.62470399	-0.47709965	0.56733289
36.60085	-2.9603295	118.72256	-2.5736603	129.47494	-0.34177408	0.62368002	-0.47271238	0.57395727
36.8008	-2.840471	117.78513	-2.5473575	128.8915	-0.33613111	0.63793063	-0.46825925	0.58049623
37.00075	-2.8904138	116.62907	-2.521482	128.31189	-0.32133902	0.64088682	-0.46374242	0.58694939
37.2007	-2.8436086	116.35125	-2.4960273	127.73608	-0.31994712	0.64590862	-0.45916404	0.5933164
37.40065	-2.8337951	115.16767	-2.4709873	127.16405	-0.30688356	0.6531171	-0.4545262	0.59959695
37.6006	-2.9105475	114.47501	-2.4463559	126.5958	-0.29633551	0.65100123	-0.449831	0.60579081
37.80055	-2.7195048	113.49446	-2.422127	126.03129	-0.29149281	0.67056488	-0.44508052	0.61189779
38.0005	-2.838537	112.84397	-2.3982944	125.47051	-0.27999762	0.66465971	-0.44027679	0.61791773
38.20045	-2.6860721	112.07877	-2.3748523	124.91345	-0.27589681	0.68017482	-0.43542185	0.62385053
38.4004	-2.7528296	111.39441	-2.3517948	124.36007	-0.2657031	0.67818915	-0.43051767	0.62969615
38.60035	-2.7470407	111.0985	-2.3291159	123.81036	-0.2623718	0.68000541	-0.42556624	0.63545457
38.8003	-2.6876407	109.16225	-2.30681	123.26431	-0.24088804	0.69320648	-0.4205695	0.64112583
39.00025	-2.7477369	109.56512	-2.2848714	122.72189	-0.24406179	0.68672775	-0.41552937	0.64670999
39.2002	-2.6794066	107.01395	-2.2632944	122.18307	-0.21493677	0.70241478	-0.41044772	0.65220716
39.40015	-2.7333519	107.35368	-2.2420735	121.64785	-0.21774134	0.69678701	-0.40532643	0.65761751
39.6001	-2.7211323	105.75907	-2.2212031	121.11619	-0.19854623	0.70356549	-0.40016733	0.66294122
39.80005	-2.6889849	105.09383	-2.2006778	120.58809	-0.19107006	0.70844043	-0.3949722	0.6681785
40	-2.7346992	104.46069	-2.1804923	120.06351	-0.1822682	0.70677891	-0.38974284	0.67332962
