Freq_GHz	S11_meas_dB	S11_meas_deg	S11_fit_dB	S11_fit_deg	Re_S11_meas	Im_S11_meas	Re_S11_fit	Im_S11_fit
0.01	-4.3842621	0.41059342	-4.4369753	-0.076375682	0.60363685	0.0043258607	0.59999945	-0.00079980401
0.20995	-4.3351035	-1.8116938	-4.4371147	-1.6035275	0.606775	-0.019192636	0.59975539	-0.016789639
0.4099	-4.3430324	-3.6865528	-4.4375072	-3.1307886	0.60526948	-0.038998374	0.59906777	-0.032767221
0.60985	-4.3459768	-5.5118489	-4.4381519	-4.6582628	0.60351557	-0.058237908	0.59793706	-0.048720889
0.8098	-4.3382802	-7.3440447	-4.4390471	-6.1860535	0.60187811	-0.077572682	0.59636405	-0.064638997
1.00975	-4.347456	-9.1087179	-4.4401906	-7.7142634	0.59857118	-0.095968985	0.59434981	-0.080509917
1.2097	-4.3448286	-10.898556	-4.4415795	-9.2429943	0.5954618	-0.11465231	0.59189575	-0.096322054
1.40965	-4.3347507	-12.684372	-4.4432104	-10.772347	0.59228645	-0.13330777	0.58900356	-0.11206384
1.6096	-4.3384609	-14.538085	-4.4450792	-12.30242	0.58741331	-0.15233206	0.58567524	-0.12772377
1.80955	-4.3383026	-16.372952	-4.4471811	-13.833312	0.58224522	-0.17106545	0.5819131	-0.14329035
2.0095	-4.3393579	-18.157597	-4.4495108	-15.365118	0.57656527	-0.1890923	0.57771975	-0.15875219
2.20945	-4.3421931	-19.995113	-4.4520623	-16.897932	0.57001941	-0.20741504	0.57309812	-0.17409793
2.4094	-4.351613	-21.671944	-4.454829	-18.431846	0.56309491	-0.22376335	0.56805141	-0.18931629
2.60935	-4.3275661	-23.380749	-4.4578037	-19.966948	0.5577138	-0.24112187	0.56258317	-0.20439608
2.8093	-4.344893	-25.159655	-4.4609787	-21.503326	0.54886394	-0.25780386	0.5566972	-0.21932619
3.00925	-4.3227773	-26.870346	-4.4643455	-23.041061	0.54230219	-0.27477278	0.55039764	-0.23409559
3.2092	-4.3240457	-28.639914	-4.4678951	-24.580234	0.53348071	-0.29134542	0.54368892	-0.24869338
3.40915	-4.3017306	-30.359955	-4.471618	-26.120923	0.52584457	-0.30801735	0.53657576	-0.26310876
3.6091	-4.2978401	-32.261501	-4.4755039	-27.663198	0.5155652	-0.32544212	0.52906318	-0.27733103
3.80905	-4.3121185	-33.98711	-4.4795421	-29.207131	0.50470101	-0.34025995	0.5211565	-0.29134965
4.009	-4.2893929	-35.783566	-4.4837214	-30.752785	0.49507979	-0.35684698	0.51286134	-0.30515419
4.20895	-4.2937913	-37.459278	-4.4880297	-32.300222	0.48418771	-0.37098385	0.5041836	-0.31873437
4.4089	-4.2744379	-39.216	-4.4924547	-33.849497	0.47364151	-0.38651289	0.49512947	-0.33208007
4.60885	-4.2839227	-40.990799	-4.4969834	-35.400661	0.46093994	-0.40055904	0.48570544	-0.34518133
4.8088	-4.2548299	-42.632721	-4.5016023	-36.953761	0.4507808	-0.41498956	0.47591828	-0.35802834
5.00875	-4.2446647	-44.372883	-4.5062975	-38.508837	0.43848383	-0.42898874	0.46577504	-0.3706115
5.2087	-4.2365546	-46.006115	-4.5110543	-40.065925	0.42647693	-0.44172412	0.45528303	-0.38292138
5.40865	-4.2260118	-47.822205	-4.5158579	-41.625055	0.41276454	-0.45557054	0.44444986	-0.39494874
5.6086	-4.2185388	-49.523438	-4.5206927	-43.18625	0.39940121	-0.46802629	0.4332834	-0.40668457
5.80855	-4.1913371	-51.146732	-4.5255429	-44.749529	0.38719334	-0.48065563	0.42179179	-0.41812005
6.0085	-4.2083344	-52.90913	-4.5303922	-46.314902	0.37150002	-0.49137381	0.40998342	-0.4292466
6.20845	-4.1814408	-54.527348	-4.5352239	-47.882374	0.35858427	-0.5032245	0.39786695	-0.44005587
6.4084	-4.182672	-56.338753	-4.5400208	-49.451945	0.34244975	-0.51423489	0.38545129	-0.45053975
6.60835	-4.159915	-57.819279	-4.5447655	-51.023604	0.32991229	-0.52428297	0.37274557	-0.46069038
6.8083	-4.1631012	-59.674107	-4.5494403	-52.597337	0.31265515	-0.53449051	0.35975919	-0.47050017
7.00825	-4.1476283	-61.214149	-4.554027	-54.173121	0.29870912	-0.54366785	0.34650176	-0.47996179
7.2082	-4.129355	-62.904293	-4.5585074	-55.750925	0.2831391	-0.55340456	0.33298312	-0.48906819
7.40815	-4.1242266	-64.596619	-4.5628629	-57.330712	0.26682975	-0.56185659	0.31921333	-0.49781262
7.6081	-4.1134195	-66.231606	-4.5670746	-58.912436	0.25100232	-0.56994974	0.30520266	-0.50618861
7.80805	-4.1064301	-67.914597	-4.5711236	-60.496045	0.23434339	-0.57754024	0.29096157	-0.51419
8.008	-4.0920286	-69.399818	-4.574991	-62.081477	0.21965925	-0.58438831	0.27650071	-0.52181095
8.20795	-4.0796285	-71.165192	-4.5786574	-63.668663	0.20183985	-0.59172207	0.26183091	-0.52904593
8.4079	-4.0707078	-72.673996	-4.5821037	-65.257527	0.18638082	-0.59744475	0.24696319	-0.53588974
8.60785	-4.0402508	-74.367981	-4.5853106	-66.847985	0.16923048	-0.60481036	0.23190871	-0.54233751
8.8078	-4.0457339	-75.956985	-4.5882589	-68.439942	0.15229797	-0.60888602	0.21667878	-0.54838474
9.00775	-4.0167542	-77.524445	-4.5909295	-70.033299	0.13603868	-0.61487217	0.20128486	-0.55402725
9.2077	-4.0163422	-79.061012	-4.5933033	-71.627945	0.11950767	-0.61832827	0.18573854	-0.55926122
9.40765	-3.996732	-80.649872	-4.5953616	-73.223765	0.10254842	-0.6228087	0.1700515	-0.56408321
9.6076	-3.9865627	-82.232033	-4.5970855	-74.820633	0.085413266	-0.6261353	0.15423554	-0.56849012
9.80755	-3.991636	-83.785194	-4.5984568	-76.418416	0.068370884	-0.62785352	0.13830255	-0.57247925
10.0075	-3.9459705	-85.26767	-4.5994572	-78.016972	0.052379333	-0.63273001	0.1222645	-0.57604825
10.20745	-3.9722331	-86.819534	-4.6000691	-79.616155	0.035118294	-0.63200265	0.1061334	-0.57919516
10.4074	-3.93589	-88.345612	-4.600275	-81.215807	0.018351007	-0.63536667	0.08992135	-0.58191842
10.60735	-3.9495199	-89.955284	-4.6000581	-82.815765	0.00049529538	-0.63463479	0.073640445	-0.58421682
10.8073	-3.9107318	-91.307587	-4.5994018	-84.415857	-0.014547008	-0.63730937	0.057302822	-0.58608958
11.00725	-3.9073236	-92.921333	-4.5982903	-86.015908	-0.032501549	-0.6368968	0.040920621	-0.58753628
11.2072	-3.8990269	-94.311356	-4.5967082	-87.615731	-0.047987706	-0.63652867	0.024505973	-0.5885569
11.40715	-3.8852954	-95.897835	-4.5946407	-89.215135	-0.065695857	-0.63596069	0.0080709875	-0.58915181
11.6071	-3.8718197	-97.534157	-4.5920739	-90.813924	-0.083959289	-0.6348095	-0.0083722624	-0.58932177
11.80705	-3.8369422	-98.738365	-4.5889943	-92.411894	-0.097673218	-0.63545131	-0.024811756	-0.58906793
12.007	-3.8328426	-100.47872	-4.5853892	-94.008835	-0.11698218	-0.63249028	-0.041235541	-0.58839184
12.20695	-3.8201842	-101.59776	-4.581247	-95.604534	-0.1295008	-0.63100395	-0.057631744	-0.58729541
12.4069	-3.7902803	-103.48395	-4.5765564	-97.198772	-0.15071768	-0.62855993	-0.07398859	-0.58578094
12.60685	-3.7837491	-104.37692	-4.5713074	-98.791325	-0.16061598	-0.6266057	-0.090294414	-0.58385113
12.8068	-3.7723441	-106.3863	-4.5654906	-100.38196	-0.18272773	-0.6214041	-0.10653768	-0.58150903
13.00675	-3.7507699	-107.6153	-4.5590975	-101.97046	-0.19650132	-0.6188772	-0.12270698	-0.57875806
13.2067	-3.7417812	-109.2008	-4.5521207	-103.55657	-0.2137707	-0.61383824	-0.13879108	-0.57560201
13.40665	-3.7170479	-110.60483	-4.5445537	-105.14007	-0.22939938	-0.61015098	-0.15477889	-0.57204502
13.6066	-3.7224026	-111.93374	-4.5363908	-106.72071	-0.2433381	-0.60429404	-0.17065952	-0.56809159
13.80655	-3.6987519	-113.52571	-4.5276274	-108.29825	-0.26074141	-0.59892908	-0.18642227	-0.56374654
14.0065	-3.7070539	-114.7401	-4.51826	-109.87245	-0.27311509	-0.59270176	-0.20205665	-0.55901504
14.20645	-3.6600947	-116.34113	-4.5082859	-111.44306	-0.29113808	-0.58801007	-0.21755237	-0.55390257
14.4064	-3.6718762	-117.56238	-4.4977034	-113.00983	-0.3031928	-0.58088297	-0.2328994	-0.54841493
14.60635	-3.6320477	-119.06564	-4.4865119	-114.57253	-0.31979025	-0.57536138	-0.24808794	-0.54255823
14.8063	-3.6522474	-120.49119	-4.4747119	-116.1309	-0.33322925	-0.56590997	-0.26310844	-0.53633886
15.00625	-3.6146867	-121.91208	-4.4623046	-117.6847	-0.34866395	-0.55988891	-0.27795162	-0.52976349
15.2062	-3.6024115	-123.36337	-4.4492924	-119.23369	-0.36324545	-0.55165774	-0.29260848	-0.52283907
15.40615	-3.5817537	-124.60828	-4.4356787	-120.77763	-0.37603834	-0.54493011	-0.30707029	-0.51557279
15.6061	-3.580971	-126.12148	-4.4214676	-122.31628	-0.39033248	-0.53485813	-0.32132863	-0.50797211
15.80605	-3.5796459	-127.45329	-4.4066644	-123.84939	-0.40271984	-0.52572158	-0.33537536	-0.50004469
16.006	-3.5428672	-128.82071	-4.3912751	-125.37675	-0.41691243	-0.51815085	-0.34920267	-0.49179843
16.20595	-3.556468	-130.11948	-4.3753067	-126.89811	-0.42787914	-0.50777233	-0.36280305	-0.48324143
16.4059	-3.5101836	-131.52971	-4.3587671	-128.41326	-0.44259836	-0.49974404	-0.37616931	-0.47438198
16.60585	-3.5274591	-132.76987	-4.3416648	-129.92197	-0.45241004	-0.48907404	-0.3892946	-0.46522854
16.8058	-3.5084026	-134.14006	-4.3240094	-131.42402	-0.4649945	-0.47916627	-0.40217238	-0.45578974
17.00575	-3.4921052	-135.57568	-4.3058109	-132.9192	-0.47774898	-0.46824379	-0.41479647	-0.44607436
17.2057	-3.4731259	-136.77702	-4.2870803	-134.4073	-0.48852738	-0.4591266	-0.427161	-0.43609131
17.40565	-3.4530544	-138.00148	-4.2678291	-135.88812	-0.49937965	-0.4496201	-0.43926046	-0.42584961
17.6056	-3.4827995	-139.3477	-4.2480696	-137.36147	-0.50806224	-0.43626709	-0.45108968	-0.4153584
17.80555	-3.4430583	-140.69824	-4.2278144	-138.82716	-0.52057997	-0.42611648	-0.46264383	-0.40462691
18.0055	-3.4487238	-141.95786	-4.2070771	-140.28499	-0.52947592	-0.41429941	-0.47391842	-0.39366443
18.20545	-3.4284828	-143.10295	-4.1858714	-141.7348	-0.53890401	-0.40457719	-0.48490932	-0.38248034
18.4054	-3.4279201	-144.54306	-4.1642117	-143.17641	-0.54893719	-0.39093098	-0.49561271	-0.37108403
18.60535	-3.4075563	-145.7292	-4.1421126	-144.60966	-0.55821925	-0.38037463	-0.50602515	-0.35948497
18.8053	-3.377018	-147.00362	-4.1195893	-146.03439	-0.56853646	-0.36916083	-0.51614351	-0.34769261
19.00525	-3.395503	-148.19554	-4.0966572	-147.45045	-0.5748678	-0.35649509	-0.52596501	-0.33571643
19.2052	-3.3591704	-149.4541	-4.0733321	-148.85771	-0.58500118	-0.34522358	-0.5354872	-0.3235659
19.40515	-3.3599701	-150.87292	-4.0496298	-150.25601	-0.59331512	-0.33060235	-0.54470796	-0.31125047
19.6051	-3.335839	-151.81084	-4.0255667	-151.64524	-0.60031275	-0.32173866	-0.5536255	-0.29877955
19.80505	-3.3246493	-153.39241	-4.001159	-153.02526	-0.60974909	-0.30544063	-0.56223834	-0.28616253
20.005	-3.3127825	-154.19971	-3.9764232	-154.39598	-0.61483151	-0.297225	-0.57054531	-0.27340872
20.20495	-3.3134098	-155.78471	-3.9513758	-155.75728	-0.62277252	-0.28008485	-0.57854556	-0.26052737
20.4049	-3.3003571	-156.74811	-3.9260334	-157.10906	-0.62833727	-0.26997955	-0.58623854	-0.24752767
20.60485	-3.287004	-158.07756	-3.9004126	-158.45122	-0.63540806	-0.25572152	-0.59362399	-0.23441871
20.8048	-3.2751663	-159.22778	-3.87453	-159.78369	-0.64128672	-0.24324624	-0.60070195	-0.22120947
21.00475	-3.2971835	-160.4296	-3.8484019	-161.10638	-0.64461149	-0.22916065	-0.60747271	-0.20790885
21.2047	-3.2563961	-161.89935	-3.8220449	-162.41922	-0.65333796	-0.21355197	-0.61393688	-0.1945256
21.40465	-3.2652586	-162.9603	-3.7954753	-163.72215	-0.65650989	-0.20121273	-0.62009529	-0.18106839
21.6046	-3.1921222	-163.98	-3.768709	-165.0151	-0.66556738	-0.19109983	-0.62594905	-0.16754571
21.80455	-3.2892096	-165.3501	-3.7417622	-166.29803	-0.66249969	-0.17318451	-0.63149951	-0.15396593
22.0045	-3.1937587	-166.58733	-3.7146505	-167.5709	-0.67344474	-0.16059455	-0.63674827	-0.1403373
22.20445	-3.2562556	-167.87231	-3.6873895	-168.83365	-0.67202396	-0.14440919	-0.64169714	-0.12666786
22.4044	-3.1813536	-168.7317	-3.6599944	-170.08626	-0.67995261	-0.13547676	-0.64634817	-0.11296553
22.60435	-3.2394023	-170.35033	-3.6324802	-171.3287	-0.67895534	-0.11544222	-0.65070361	-0.099238066
22.8043	-3.1895962	-170.99226	-3.6048616	-172.56095	-0.68411769	-0.10844833	-0.65476591	-0.085493026
23.00425	-3.1623745	-172.48811	-3.5771531	-173.783	-0.6888711	-0.090837037	-0.65853773	-0.071737813
23.2042	-3.1804001	-173.54959	-3.5493687	-174.99483	-0.68900431	-0.077898104	-0.6620219	-0.057979644
23.40415	-3.1381905	-174.58875	-3.5215223	-176.19643	-0.69366647	-0.065708208	-0.66522143	-0.044225554
23.6041	-3.1731951	-175.83873	-3.4936271	-177.38782	-0.69213981	-0.050357207	-0.66813948	-0.030482392
23.80405	-3.1403816	-176.81229	-3.4656964	-178.56899	-0.69551808	-0.038735844	-0.67077939	-0.016756816
24.004	-3.146714	-178.14578	-3.4377428	-179.73995	-0.69572377	-0.022523046	-0.67314463	-0.003055293
24.20395	-3.1406262	-179.08879	-3.4097786	179.09929	-0.6964882	-0.011077614	-0.67523882	0.010615902
24.4039	-3.1226103	179.63104	-3.3818159	177.94869	-0.69800813	0.0044949321	-0.67706569	0.02425069
24.60385	-3.1320636	178.42899	-3.3538662	176.80825	-0.69700123	0.019116075	-0.67862911	0.037843187
24.8038	-3.0716848	177.46999	-3.3259408	175.67794	-0.70144273	0.030993757	-0.67993305	0.051387709
25.00375	-3.117013	176.29779	-3.2980504	174.55772	-0.69701494	0.045100932	-0.68098157	0.064878764
25.2037	-3.1022544	175.32062	-3.2702056	173.44756	-0.69732828	0.057078172	-0.68177886	0.07831106
25.40365	-3.101233	173.73514	-3.2424163	172.34742	-0.69556384	0.076359197	-0.68232915	0.091679502
25.6036	-3.0932658	173.09309	-3.2146924	171.25727	-0.695302	0.084225871	-0.68263678	0.10497919
25.80355	-3.0405917	171.53252	-3.187043	170.17705	-0.69696415	0.10375761	-0.68270614	0.11820542
26.0035	-3.0821662	171.05	-3.1594771	169.10673	-0.69274193	0.10909993	-0.6825417	0.13135367
26.20345	-3.0419374	169.42299	-3.1320033	168.04625	-0.69256519	0.12932245	-0.68214797	0.14441963
26.4034	-3.0720203	168.51291	-3.1046298	166.99556	-0.68803668	0.1398212	-0.68152951	0.15739918
26.60335	-3.0184777	167.32314	-3.0773643	165.9546	-0.68922061	0.15503011	-0.68069091	0.17028836
26.8033	-3.0533106	166.32207	-3.0502144	164.92332	-0.6836597	0.16637931	-0.67963681	0.18308342
27.00325	-3.0255687	165.61534	-3.023187	163.90165	-0.6837358	0.1753584	-0.67837188	0.19578079
27.2032	-3.0386207	163.98642	-2.996289	162.88955	-0.67745597	0.19443115	-0.67690078	0.20837707
27.40315	-3.0118258	163.26613	-2.9695268	161.88693	-0.6770436	0.20355915	-0.67522821	0.22086906
27.6031	-2.9881449	162.3678	-2.9429065	160.89375	-0.67560839	0.21473358	-0.67335887	0.23325372
27.80305	-3.0369883	161.22073	-2.9164338	159.90992	-0.66741067	0.2269357	-0.67129747	0.24552817
28.003	-3.0070069	160.45377	-2.8901141	158.93539	-0.66661021	0.23666454	-0.66904869	0.25768972
28.20295	-3.009254	158.90538	-2.8639526	157.97008	-0.65980112	0.25452489	-0.66661724	0.26973583
28.4029	-2.996448	158.44553	-2.837954	157.01393	-0.65870755	0.26019546	-0.66400779	0.28166413
28.60285	-2.9782569	156.7749	-2.8121228	156.06685	-0.65220636	0.27987427	-0.66122501	0.2934724
28.8028	-3.0285075	155.90143	-2.7864634	155.12878	-0.64412679	0.28811255	-0.65827352	0.30515858
29.00275	-2.9013736	154.75035	-2.7609797	154.19964	-0.64761903	0.30543213	-0.65515795	0.31672077
29.2027	-3.0570176	153.77351	-2.7356752	153.27936	-0.63091053	0.31080887	-0.65188287	0.32815718
29.40265	-2.9183357	152.97946	-2.7105535	152.36786	-0.63662653	0.32466495	-0.64845283	0.33946621
29.6026	-3.0631378	151.44574	-2.6856176	151.46507	-0.61733095	0.33594072	-0.64487235	0.35064636
29.80255	-2.9532301	150.80586	-2.6608706	150.5709	-0.62135356	0.34717937	-0.64114589	0.36169629
30.0025	-2.9711528	149.36449	-2.636315	149.68528	-0.61116162	0.36195142	-0.63727788	0.37261477
30.20245	-2.9106612	149.20634	-2.6119534	148.80813	-0.61442443	0.36617832	-0.63327269	0.38340071
30.4024	-2.9501703	148.21223	-2.5877879	147.93938	-0.60521968	0.37507328	-0.62913467	0.39405315
30.60235	-2.9933436	146.40585	-2.5638205	147.07894	-0.59015517	0.39201131	-0.62486809	0.40457124
30.8023	-2.8693817	146.29094	-2.5400531	146.22673	-0.59783933	0.39884587	-0.62047718	0.41495422
31.00225	-2.872694	145.08105	-2.5164873	145.38268	-0.58905974	0.41122347	-0.6159661	0.42520149
31.2022	-2.9532766	145.77087	-2.4931244	144.5467	-0.58848291	0.4003701	-0.61133896	0.43531251
31.40215	-2.9941795	142.63724	-2.4699657	143.71872	-0.56305902	0.42991153	-0.60659983	0.44528688
31.6021	-3.0069344	142.78923	-2.4470123	142.89865	-0.56336958	0.42778772	-0.60175268	0.45512428
31.80205	-2.8106527	140.8524	-2.4242651	142.08642	-0.56112755	0.45679057	-0.59680145	0.46482449
32.002	-2.9967251	141.81705	-2.4017248	141.28195	-0.55668418	0.43779908	-0.59175001	0.47438737
32.20195	-2.956635	138.94383	-2.379392	140.48515	-0.53650977	0.46730504	-0.58660215	0.48381289
32.4019	-2.9254549	138.4361	-2.357267	139.69595	-0.53426214	0.47373849	-0.5813616	0.49310109
32.60185	-2.9242849	137.69968	-2.3353503	138.91428	-0.52820038	0.48063076	-0.57603205	0.5022521
32.8018	-2.9191003	136.37376	-2.313642	138.14004	-0.517246	0.49301861	-0.57061708	0.51126611
33.00175	-3.0225372	135.63475	-2.2921421	137.37316	-0.50479675	0.4937341	-0.56512023	0.52014341
33.2017	-2.8125815	134.16914	-2.2708505	136.61357	-0.50404104	0.51887564	-0.55954497	0.52888434
33.40165	-2.9863439	133.56577	-2.2497671	135.86119	-0.48867458	0.51377312	-0.55389469	0.53748932
33.6016	-2.7807846	132.9362	-2.2288915	135.11593	-0.49456676	0.53154335	-0.54817272	0.54595882
33.80155	-2.9906895	131.54904	-2.2082233	134.37773	-0.47005631	0.53038657	-0.54238232	0.55429338
34.0015	-2.7723703	131.62173	-2.187762	133.64651	-0.4827105	0.54327478	-0.53652668	0.56249361
34.20145	-2.840224	129.295	-2.167507	132.92218	-0.45667521	0.55804743	-0.53060893	0.57056015
34.4014	-2.7184567	130.23427	-2.1474576	132.20468	-0.47233719	0.55825794	-0.5246321	0.57849372
34.60135	-2.8043711	128.7755	-2.1276131	131.49392	-0.45346461	0.56449035	-0.5185992	0.58629507
34.8013	-2.9488053	127.97917	-2.1079726	130.78984	-0.43822742	0.56132604	-0.51251313	0.593965
35.00125	-2.6984305	126.49968	-2.0885352	130.09237	-0.43597621	0.58919492	-0.50637674	0.60150435
35.2012	-2.7887528	125.45197	-2.0692998	129.40142	-0.420732	0.59089164	-0.50019282	0.60891402
35.40115	-2.5197132	127.07697	-2.0502655	128.71692	-0.45107682	0.59692903	-0.49396407	0.61619493
35.6011	-2.9849713	124.54059	-2.0314311	128.03881	-0.40209325	0.58416231	-0.48769316	0.62334805
35.80105	-2.7117465	124.06043	-2.0127955	127.36701	-0.40987615	0.60628605	-0.48138265	0.63037438
36.001	-2.760885	121.1467	-1.9943574	126.70144	-0.37639198	0.62280382	-0.47503507	0.63727493
36.20095	-2.7382529	121.72875	-1.9761155	126.04205	-0.38369779	0.62056295	-0.46865287	0.64405078
36.4009	-2.7040184	120.00528	-1.9580686	125.38876	-0.36630125	0.63431737	-0.46223843	0.65070302
36.60085	-2.8625119	119.038	-1.9402152	124.7415	-0.34911206	0.62883091	-0.4557941	0.65723275
36.8008	-2.6811869	117.91068	-1.9225539	124.1002	-0.34377495	0.64898535	-0.44932212	0.66364111
37.00075	-2.7770796	116.70969	-1.9050834	123.46479	-0.32647265	0.64884522	-0.4428247	0.66992926
37.2007	-2.6834731	116.53842	-1.8878021	122.83521	-0.32804799	0.65685908	-0.436304	0.67609839
37.40065	-2.6814132	115.10036	-1.8707085	122.2114	-0.31153385	0.66504267	-0.42976208	0.68214968
37.6006	-2.8301666	114.64885	-1.8538012	121.59327	-0.30108276	0.65614319	-0.42320097	0.68808436
37.80055	-2.5661712	113.34243	-1.8370784	120.98078	-0.29487225	0.68329241	-0.41662265	0.69390365
38.0005	-2.7396355	112.67268	-1.8205388	120.37385	-0.28119295	0.67311473	-0.41002902	0.69960879
38.20045	-2.5574098	112.31694	-1.8041805	119.77243	-0.28288119	0.68915516	-0.40342194	0.70520104
38.4004	-2.6468167	111.00915	-1.7880021	119.17644	-0.2643437	0.68831031	-0.3968032	0.71068167
38.60035	-2.6247468	111.56035	-1.7720019	118.58583	-0.27164242	0.68748004	-0.39017456	0.71605194
38.8003	-2.5665777	108.59563	-1.7561782	118.00054	-0.23730558	0.70531723	-0.38353771	0.72131314
39.00025	-2.660012	109.97606	-1.7405294	117.4205	-0.25150823	0.69191257	-0.37689428	0.72646656
39.2002	-2.5705469	106.22281	-1.7250538	116.84565	-0.20780581	0.71421088	-0.37024587	0.73151349
39.40015	-2.6560185	106.99606	-1.7097496	116.27593	-0.21529638	0.70437595	-0.36359403	0.73645523
39.6001	-2.620518	105.10307	-1.6946153	115.71129	-0.19269728	0.71401574	-0.35694023	0.74129308
39.80005	-2.6587222	104.69469	-1.6796491	115.15167	-0.18677988	0.71223147	-0.35028593	0.74602834
40	-2.6660707	103.7004	-1.6648492	114.597	-0.17424509	0.71476041	-0.34363253	0.75066232
