Freq_GHz	Re_S11_meas	Im_S11_meas	Re_S11_fit	Im_S11_fit	S11_meas_dB	S11_fit_dB
10000000	-0.13436305	-0.0051879412	-0.13636369	-4.3340758e-05	-17.427933	-17.306024
2.0995e+08	-0.13565401	-0.0014987813	-0.13638931	-0.00090982948	-17.350817	-17.3042
4.099e+08	-0.13635279	-0.0033223178	-0.13646151	-0.0017757196	-17.304142	-17.299062
6.0985e+08	-0.13638339	-0.004723552	-0.13658028	-0.0026404408	-17.299564	-17.290617
8.098e+08	-0.13641758	-0.0069361345	-0.13674563	-0.0035034218	-17.29138	-17.278881
1.00975e+09	-0.13645808	-0.0080209454	-0.13695758	-0.0043640902	-17.285036	-17.263871
1.2097e+09	-0.13643224	-0.010182436	-0.13721612	-0.0052218724	-17.277536	-17.245612
1.40965e+09	-0.13733764	-0.011191237	-0.13752127	-0.0060761926	-17.215466	-17.224133
1.6096e+09	-0.13723474	-0.012975813	-0.13787303	-0.006926473	-17.212065	-17.199466
1.80955e+09	-0.13822271	-0.01497669	-0.13827142	-0.0077721333	-17.137722	-17.171652
2.0095e+09	-0.13866677	-0.016448051	-0.13871645	-0.0086125901	-17.099874	-17.140732
2.20945e+09	-0.13870868	-0.017792245	-0.13920813	-0.0094472568	-17.087053	-17.106752
2.4094e+09	-0.13968132	-0.019799412	-0.13974648	-0.010275543	-17.010839	-17.069765
2.60935e+09	-0.14001165	-0.021553907	-0.14033151	-0.011096855	-16.974995	-17.029824
2.8093e+09	-0.14111482	-0.023088106	-0.14096325	-0.011910593	-16.89382	-16.986987
3.00925e+09	-0.14105664	-0.024371709	-0.1416417	-0.012716155	-16.884378	-16.941314
3.2092e+09	-0.1429497	-0.025842044	-0.14236688	-0.013512932	-16.756676	-16.89287
3.40915e+09	-0.14308059	-0.027560516	-0.14313882	-0.01430031	-16.730165	-16.841719
3.6091e+09	-0.14387719	-0.029327903	-0.14395753	-0.015077671	-16.663357	-16.78793
3.80905e+09	-0.14500144	-0.030461562	-0.14482302	-0.015844387	-16.584997	-16.731574
4.009e+09	-0.1458301	-0.032681401	-0.14573532	-0.016599828	-16.510239	-16.67272
4.20895e+09	-0.14736632	-0.033697556	-0.14669444	-0.017343355	-16.41069	-16.611443
4.4089e+09	-0.14778958	-0.035731537	-0.14770039	-0.018074323	-16.360403	-16.547815
4.60885e+09	-0.14934943	-0.036675364	-0.14875318	-0.018792077	-16.261627	-16.481911
4.8088e+09	-0.1498584	-0.038836448	-0.14985284	-0.019495957	-16.204079	-16.413806
5.00875e+09	-0.15135742	-0.040024526	-0.15099936	-0.020185296	-16.106384	-16.343575
5.2087e+09	-0.15240528	-0.041281745	-0.15219276	-0.020859415	-16.032507	-16.271294
5.40865e+09	-0.15395987	-0.043254625	-0.15343305	-0.02151763	-15.921911	-16.197036
5.6086e+09	-0.15514023	-0.04430497	-0.15472021	-0.022159245	-15.845021	-16.120876
5.80855e+09	-0.156078	-0.045936876	-0.15605426	-0.022783557	-15.772372	-16.042889
6.0085e+09	-0.15837795	-0.04732211	-0.15743519	-0.023389855	-15.634723	-15.963147
6.20845e+09	-0.15898506	-0.048641111	-0.15886299	-0.023977414	-15.584273	-15.881722
6.4084e+09	-0.16117651	-0.050270705	-0.16033764	-0.024545502	-15.450788	-15.798686
6.60835e+09	-0.16151731	-0.051154657	-0.16185913	-0.025093377	-15.420479	-15.714108
6.8083e+09	-0.16440375	-0.052757873	-0.16342744	-0.025620286	-15.256091	-15.628057
7.00825e+09	-0.16558091	-0.053978007	-0.16504252	-0.026125464	-15.181181	-15.540601
7.2082e+09	-0.16714711	-0.055930694	-0.16670436	-0.026608139	-15.077091	-15.451805
7.40815e+09	-0.16921008	-0.056304808	-0.16841291	-0.027067523	-14.975417	-15.361733
7.6081e+09	-0.17090668	-0.057552286	-0.17016811	-0.027502821	-14.878313	-15.270449
7.80805e+09	-0.17355187	-0.059363576	-0.17196991	-0.027913224	-14.730887	-15.178013
8.008e+09	-0.17447355	-0.06034681	-0.17381824	-0.028297912	-14.674653	-15.084485
8.20795e+09	-0.17725253	-0.061846291	-0.17571303	-0.028656056	-14.529219	-14.989923
8.4079e+09	-0.17842111	-0.062206418	-0.1776542	-0.02898681	-14.472864	-14.894382
8.60785e+09	-0.1814496	-0.064174139	-0.17964164	-0.029289321	-14.313023	-14.797919
8.8078e+09	-0.18308522	-0.064484218	-0.18167526	-0.029562722	-14.239074	-14.700585
9.00775e+09	-0.18516217	-0.066624336	-0.18375493	-0.029806132	-14.120217	-14.602431
9.2077e+09	-0.18720144	-0.066794246	-0.18588054	-0.030018662	-14.033386	-14.503507
9.40765e+09	-0.18992506	-0.06794756	-0.18805193	-0.030199408	-13.905294	-14.403862
9.6076e+09	-0.19196999	-0.069201877	-0.19026896	-0.030347454	-13.804749	-14.303541
9.80755e+09	-0.19465189	-0.069351162	-0.19253145	-0.030461873	-13.695829	-14.202589
1.00075e+10	-0.19633768	-0.071089914	-0.19483923	-0.030541724	-13.60491	-14.101049
1.02075e+10	-0.19953272	-0.070086083	-0.19719268	-0.030586062	-13.494461	-13.998937
1.04074e+10	-0.20167671	-0.072399405	-0.19958983	-0.030593904	-13.380438	-13.896371
1.06074e+10	-0.20508428	-0.072339076	-0.20203282	-0.030564281	-13.252077	-13.793286
1.08073e+10	-0.20672776	-0.074159519	-0.20451897	-0.030496235	-13.166287	-13.689823
1.10073e+10	-0.20997055	-0.074008917	-0.20705051	-0.030388699	-13.048253	-13.585915
1.12072e+10	-0.21239045	-0.074094172	-0.20962461	-0.03024077	-12.958525	-13.4817
1.14072e+10	-0.21566383	-0.074988746	-0.21224354	-0.030051276	-12.828773	-13.377107
1.16071e+10	-0.21943323	-0.075760934	-0.21490437	-0.029819375	-12.684865	-13.272274
1.18071e+10	-0.22050239	-0.076844452	-0.2176094	-0.029543791	-12.633934	-13.167126
1.2007e+10	-0.22602767	-0.076307724	-0.22035557	-0.029223745	-12.448009	-13.061798
1.2207e+10	-0.22597661	-0.077340358	-0.22314522	-0.028857853	-12.437675	-12.956215
1.24069e+10	-0.23238649	-0.077718272	-0.22597516	-0.028445407	-12.215332	-12.85051
1.26069e+10	-0.23139841	-0.078327328	-0.22884778	-0.02798491	-12.241683	-12.744603
1.28068e+10	-0.23779484	-0.076955586	-0.23175973	-0.027475731	-12.043386	-12.638627
1.30068e+10	-0.23956891	-0.077572767	-0.23471344	-0.026916261	-11.978368	-12.5325
1.32067e+10	-0.24359194	-0.077081136	-0.23770544	-0.026305949	-11.852296	-12.426353
1.34067e+10	-0.24653673	-0.07757906	-0.24073817	-0.025643071	-11.752309	-12.320102
1.36066e+10	-0.2488443	-0.076448118	-0.24380804	-0.024927166	-11.689766	-12.213878
1.38066e+10	-0.25386536	-0.076956526	-0.24691749	-0.02415639	-11.526129	-12.107594
1.40065e+10	-0.25527224	-0.075573358	-0.2500628	-0.023330381	-11.495054	-12.001379
1.42065e+10	-0.26090736	-0.076562888	-0.25324644	-0.022447174	-11.311527	-11.895145
1.44064e+10	-0.26227314	-0.075344589	-0.25646453	-0.02150651	-11.280536	-11.789021
1.46064e+10	-0.26668969	-0.075439888	-0.25971957	-0.020506302	-11.145564	-11.682917
1.48063e+10	-0.26952206	-0.07306222	-0.26300752	-0.019446405	-11.080155	-11.576959
1.50063e+10	-0.27442077	-0.073736455	-0.2663309	-0.018324609	-10.928907	-11.471058
1.52062e+10	-0.27846742	-0.072489609	-0.26968553	-0.017140889	-10.819757	-11.365338
1.54062e+10	-0.28099974	-0.071954818	-0.27307392	-0.01589291	-10.75006	-11.25971
1.56061e+10	-0.28477452	-0.070673192	-0.27649177	-0.014580776	-10.650411	-11.154295
1.58061e+10	-0.28855765	-0.068982338	-0.27994155	-0.013202031	-10.553985	-11.049005
1.6006e+10	-0.29316046	-0.068982603	-0.28341884	-0.011756915	-10.423848	-10.943959
1.6206e+10	-0.29560634	-0.066835683	-0.2869261	-0.010242847	-10.369203	-10.839068
1.64059e+10	-0.30102198	-0.066707407	-0.29045878	-0.0086602151	-10.219834	-10.734451
1.66059e+10	-0.30319578	-0.064852881	-0.2940193	-0.0070063159	-10.171249	-10.630018
1.68058e+10	-0.30724633	-0.063181285	-0.29760298	-0.0052816932	-10.070394	-10.525887
1.70058e+10	-0.31190339	-0.061096855	-0.30121222	-0.0034835214	-9.9560747	-10.421967
1.72057e+10	-0.31566225	-0.060236294	-0.30484221	-0.0016125111	-9.8602133	-10.318376
1.74057e+10	-0.31970855	-0.059541721	-0.30849532	0.00033428456	-9.7568359	-10.215023
1.76056e+10	-0.32215873	-0.055740343	-0.31216659	0.002355978	-9.7104979	-10.112024
1.78056e+10	-0.32745058	-0.054797256	-0.31585837	0.0044556354	-9.5771351	-10.009288
1.80055e+10	-0.33111615	-0.052183968	-0.31956557	0.0066321818	-9.4938412	-9.9069301
1.82055e+10	-0.33437704	-0.050949793	-0.32329049	0.0088888004	-9.4155922	-9.8048594
1.84054e+10	-0.33896943	-0.047798146	-0.32702794	0.011224218	-9.3112822	-9.7031899
1.86054e+10	-0.34273827	-0.046731089	-0.33078014	0.013641733	-9.2207527	-9.6018311
1.88053e+10	-0.34793626	-0.044468096	-0.3345418	0.016139863	-9.0996408	-9.5008956
1.90053e+10	-0.34997717	-0.041437393	-0.33831508	0.018722017	-9.0587463	-9.4002933
1.92052e+10	-0.35560719	-0.039327374	-0.34209458	0.021386494	-8.9277945	-9.3001356
1.94052e+10	-0.3599571	-0.035255158	-0.34588241	0.024136809	-8.8335228	-9.2003329
1.96051e+10	-0.36291312	-0.034629806	-0.34967306	0.026971032	-8.7645817	-9.1009952
1.98051e+10	-0.36895736	-0.029531162	-0.35346857	0.029892782	-8.6327429	-9.0020335
2.0005e+10	-0.37122374	-0.030320295	-0.35726334	0.032899886	-8.5784092	-8.9035567
2.0205e+10	-0.37585919	-0.023544909	-0.36105933	0.035996063	-8.4824877	-8.8054761
2.04049e+10	-0.37965583	-0.021988216	-0.36485087	0.039178889	-8.3976555	-8.7078995
2.06049e+10	-0.38401696	-0.01785648	-0.36863984	0.042452176	-8.3036118	-8.6107388
2.08048e+10	-0.38784731	-0.015389819	-0.37242049	0.045813238	-8.2199516	-8.5141007
2.10048e+10	-0.38932122	-0.011104578	-0.37619462	0.049265977	-8.1903067	-8.4178975
2.12047e+10	-0.39646464	-0.005496601	-0.37995643	0.052807433	-8.0350761	-8.3222347
2.14047e+10	-0.39887422	-0.0023866973	-0.38370761	0.056441594	-7.9831252	-8.2270254
2.16046e+10	-0.40567388	-0.0006826875	-0.38744233	0.060165217	-7.8364468	-8.1323737
2.18046e+10	-0.40376449	0.0064305968	-0.3911622	0.063982367	-7.8763361	-8.0381935
2.20045e+10	-0.41256661	0.0090716109	-0.39486135	0.067889511	-7.6880193	-7.9445876
2.22045e+10	-0.41239759	0.01577359	-0.39854128	0.071890786	-7.6873288	-7.8514706
2.24044e+10	-0.42021183	0.016520231	-0.4021961	0.07598236	-7.5239272	-7.7589439
2.26044e+10	-0.42050556	0.024751965	-0.40582724	0.080168437	-7.5095439	-7.666923
2.28043e+10	-0.42601982	0.025532308	-0.4094288	0.084444876	-7.3958325	-7.575508
2.30043e+10	-0.43007891	0.033325719	-0.41300211	0.08881594	-7.3030386	-7.4846152
2.32042e+10	-0.43263673	0.037501821	-0.41654127	0.093277178	-7.2450223	-7.3943431
2.34042e+10	-0.437857	0.041059539	-0.42004753	0.097832906	-7.1353312	-7.304609
2.36041e+10	-0.43800195	0.047653168	-0.42351502	0.10247835	-7.1193748	-7.21551
2.38041e+10	-0.44396628	0.0521275	-0.42694488	0.10721788	-6.9935379	-7.1269643
2.4004e+10	-0.44606314	0.058877006	-0.4303313	0.11204639	-6.9370618	-7.0390674
2.4204e+10	-0.44982342	0.062512745	-0.43367531	0.1169683	-6.8560824	-6.9517384
2.44039e+10	-0.45320548	0.069120541	-0.4369712	0.12197818	-6.7742338	-6.8650714
2.46039e+10	-0.45464677	0.075083272	-0.44021987	0.12708046	-6.7296576	-6.7789864
2.48038e+10	-0.46082398	0.080963654	-0.44341571	0.13226941	-6.5972676	-6.693576
2.50038e+10	-0.46118611	0.086445355	-0.44655953	0.13754949	-6.5725088	-6.608761
2.52037e+10	-0.46408158	0.092095353	-0.44964581	0.14291462	-6.5003657	-6.5246324
2.54037e+10	-0.46677641	0.10171825	-0.4526753	0.1483693	-6.4163332	-6.441112
2.56036e+10	-0.46892269	0.10440029	-0.45564259	0.15390712	-6.3678694	-6.3582893
2.58036e+10	-0.47353198	0.11578617	-0.45854832	0.1595326	-6.2408233	-6.276087
2.60035e+10	-0.47523695	0.11695219	-0.46138727	0.165239	-6.2064376	-6.1945929
2.62035e+10	-0.47766974	0.12807781	-0.46415998	0.17103086	-6.1159272	-6.1137306
2.64034e+10	-0.47832179	0.13259122	-0.46686138	0.17690112	-6.0840836	-6.0335864
2.66034e+10	-0.48139458	0.14223337	-0.46949194	0.18285433	-5.9864931	-5.9540848
2.68033e+10	-0.48289355	0.14891069	-0.47204681	0.18888311	-5.9284616	-5.8753102
2.70033e+10	-0.48645904	0.1521117	-0.47452634	0.19499203	-5.8539367	-5.7971884
2.72032e+10	-0.48451591	0.16379075	-0.4769259	0.20117341	-5.8239036	-5.7198018
2.74032e+10	-0.48883389	0.16820078	-0.47924579	0.20743181	-5.7308216	-5.6430773
2.76031e+10	-0.49113402	0.17601093	-0.48148159	0.21375925	-5.6512389	-5.5670956
2.78031e+10	-0.48917519	0.18175364	-0.48363353	0.2201603	-5.649097	-5.4917844
2.8003e+10	-0.49283612	0.18837551	-0.48569747	0.22662671	-5.5537324	-5.4172228
2.8203e+10	-0.49104136	0.19944613	-0.48767354	0.23316303	-5.5144768	-5.3433394
2.84029e+10	-0.49539558	0.2021802	-0.48955789	0.23976076	-5.4318833	-5.2702113
2.86029e+10	-0.49411768	0.21547594	-0.49135058	0.24642443	-5.3673105	-5.1977683
2.88028e+10	-0.49262294	0.22153099	-0.49304806	0.2531453	-5.3498416	-5.1260858
2.90028e+10	-0.49860835	0.23189535	-0.49465033	0.2599279	-5.194387	-5.0550943
2.92027e+10	-0.49079164	0.23704325	-0.49615414	0.26676323	-5.2714715	-4.9848674
2.94027e+10	-0.49968693	0.24637713	-0.49755944	0.27365585	-5.0809407	-4.9153368
2.96026e+10	-0.4890548	0.25391791	-0.49886332	0.28059652	-5.1762829	-4.846574
2.98026e+10	-0.49455899	0.26246907	-0.50006566	0.28758982	-5.037921	-4.7785118
3.00025e+10	-0.49129526	0.27206313	-0.50116389	0.2946263	-5.0115294	-4.7112198
3.02025e+10	-0.49733534	0.278189	-0.50215784	0.30171052	-4.8847551	-4.6446317
3.04024e+10	-0.49623201	0.28422535	-0.50304532	0.30883289	-4.8541207	-4.5788154
3.06024e+10	-0.48782429	0.29564197	-0.50382608	0.31599796	-4.8761353	-4.5137055
3.08023e+10	-0.49785429	0.30303957	-0.50449832	0.32319597	-4.6891484	-4.4493678
3.10023e+10	-0.49522565	0.31098808	-0.50506173	0.33043149	-4.6602211	-4.3857383
3.12022e+10	-0.49606175	0.30768508	-0.50551488	0.33769462	-4.6756749	-4.3228807
3.14022e+10	-0.48412214	0.32671283	-0.50585744	0.34498994	-4.6709852	-4.260732
3.16021e+10	-0.48708224	0.32718341	-0.50608836	0.35230745	-4.6306539	-4.1993539
3.18021e+10	-0.48805346	0.35024392	-0.50620724	0.35965174	-4.4265285	-4.1386844
3.2002e+10	-0.48772402	0.33884499	-0.50621345	0.36701271	-4.5260606	-4.0787836
3.2202e+10	-0.47611517	0.36127348	-0.50610654	0.37439497	-4.4708347	-4.0195903
3.24019e+10	-0.48020936	0.36803065	-0.50588626	0.38178837	-4.3646245	-3.9611626
3.26019e+10	-0.47768349	0.37441911	-0.50555213	0.38919753	-4.3371434	-3.9034405
3.28018e+10	-0.47401826	0.38673599	-0.50510431	0.39661226	-4.2682886	-3.8464802
3.30018e+10	-0.46698935	0.38731158	-0.50454225	0.40403721	-4.3404679	-3.7902226
3.32017e+10	-0.46913362	0.4092499	-0.50386651	0.41146218	-4.116478	-3.7347221
3.34017e+10	-0.46126015	0.40721644	-0.50307651	0.41889183	-4.2183528	-3.6799208
3.36016e+10	-0.46731002	0.42246394	-0.50217319	0.42631599	-4.0136876	-3.6258709
3.38016e+10	-0.45319485	0.42571957	-0.50115593	0.43373934	-4.1271262	-3.5725157
3.40015e+10	-0.46224057	0.43666064	-0.50002607	0.44115174	-3.9325452	-3.5199057
3.42015e+10	-0.44587536	0.45054763	-0.49878291	0.4485579	-3.9599223	-3.4679851
3.44014e+10	-0.46238274	0.4510703	-0.4974282	0.45594776	-3.7959094	-3.4168025
3.46014e+10	-0.448357	0.46009097	-0.49596117	0.46332605	-3.8435743	-3.3663033
3.48013e+10	-0.44059356	0.46316599	-0.49438397	0.47068278	-3.8865337	-3.3165343
3.50013e+10	-0.4394117	0.48443671	-0.49269575	0.47802273	-3.6879823	-3.2674418
3.52012e+10	-0.43138368	0.49090603	-0.49089904	0.48533601	-3.6949015	-3.219071
3.54012e+10	-0.45486573	0.49588132	-0.48899292	0.49262743	-3.4409251	-3.1713693
3.56011e+10	-0.41766761	0.48889651	-0.48698028	0.49988724	-3.8356016	-3.1243801
3.58011e+10	-0.4254226	0.51110124	-0.48486014	0.50712027	-3.5437255	-3.0780517
3.6001e+10	-0.40563816	0.52469249	-0.48263572	0.51431691	-3.567008	-3.032426
3.6201e+10	-0.41129925	0.52848975	-0.48030598	0.52148204	-3.4826806	-2.9874524
3.64009e+10	-0.39873695	0.54194261	-0.47787448	0.52860622	-3.4419627	-2.9431709
3.66009e+10	-0.38695198	0.5411626	-0.47534009	0.53569434	-3.5399959	-2.8995322
3.68008e+10	-0.3841311	0.55863679	-0.47270669	0.54273715	-3.3758996	-2.8565747
3.70008e+10	-0.37271199	0.56196622	-0.46997307	0.54973958	-3.4225569	-2.81425
3.72007e+10	-0.37316367	0.57093957	-0.46714341	0.55669258	-3.3233871	-2.772595
3.74007e+10	-0.36263675	0.58060818	-0.46421641	0.56360109	-3.2918727	-2.7315623
3.76006e+10	-0.35264237	0.5779321	-0.46119656	0.57045628	-3.3879125	-2.6911874
3.78006e+10	-0.35065532	0.60198362	-0.45808244	0.57726312	-3.1395085	-2.651424
3.80005e+10	-0.34194042	0.59566913	-0.45487882	0.584013	-3.2629273	-2.6123059
3.82005e+10	-0.33976887	0.61398719	-0.45158419	0.59071092	-3.0766153	-2.5737881
3.84004e+10	-0.32764708	0.61454612	-0.44820356	0.5973485	-3.1424077	-2.5359028
3.86004e+10	-0.32923243	0.6179116	-0.44473532	0.60393075	-3.0961895	-2.498606
3.88003e+10	-0.30641262	0.63587417	-0.44118473	0.61044954	-3.0257478	-2.4619288
3.90003e+10	-0.31531909	0.62515779	-0.43755006	0.61690991	-3.0958383	-2.425828
3.92002e+10	-0.28190239	0.64909805	-0.43383679	0.62330396	-3.0033808	-2.3903334
3.94002e+10	-0.29031308	0.64427325	-0.43004308	0.62963675	-3.0157781	-2.355403
3.96001e+10	-0.27362032	0.65222471	-0.42617463	0.63590064	-3.0079975	-2.3210651
3.98001e+10	-0.26693766	0.65894229	-0.42222946	0.64210068	-2.9631264	-2.2872788
4e+10	-0.25922378	0.66027866	-0.41821346	0.64822951	-2.9828968	-2.2540714
