Freq_GHz	Norm_dB_model_sat
0.1	-3.67622e-05
0.109982	-5.10345e-05
0.119964	-6.66638e-05
0.129946	-8.36501e-05
0.139928	-0.000101993
0.14991	-0.000121694
0.159892	-0.000142751
0.169874	-0.000165165
0.179856	-0.000188937
0.189838	-0.000214065
0.19982	-0.000240551
0.209802	-0.000268393
0.219784	-0.000297593
0.229766	-0.00032815
0.239748	-0.000360064
0.24973	-0.000393335
0.259712	-0.000427964
0.269694	-0.000463949
0.279676	-0.000501292
0.289658	-0.000539992
0.29964	-0.00058005
0.309622	-0.000621465
0.319604	-0.000664237
0.329586	-0.000708366
0.339568	-0.000753853
0.34955	-0.000800698
0.359532	-0.000848899
0.369514	-0.000898459
0.379496	-0.000949375
0.389478	-0.00100165
0.39946	-0.00105528
0.409442	-0.00111027
0.419424	-0.00116662
0.429406	-0.00122432
0.439388	-0.00128339
0.44937	-0.00134381
0.459352	-0.00140559
0.469334	-0.00146872
0.479316	-0.00153322
0.489298	-0.00159907
0.49928	-0.00166628
0.509262	-0.00173485
0.519244	-0.00180477
0.529226	-0.00187606
0.539208	-0.0019487
0.54919	-0.0020227
0.559172	-0.00209806
0.569154	-0.00217477
0.579136	-0.00225285
0.589118	-0.00233228
0.5991	-0.00241308
0.609082	-0.00249523
0.619064	-0.00257874
0.629046	-0.0026636
0.639028	-0.00274983
0.64901	-0.00283742
0.658992	-0.00292636
0.668974	-0.00301666
0.678956	-0.00310833
0.688938	-0.00320135
0.69892	-0.00329573
0.708902	-0.00339147
0.718884	-0.00348856
0.728866	-0.00358702
0.738848	-0.00368684
0.74883	-0.00378801
0.758812	-0.00389055
0.768794	-0.00399444
0.778776	-0.0040997
0.788758	-0.00420631
0.79874	-0.00431429
0.808722	-0.00442362
0.818704	-0.00453431
0.828686	-0.00464637
0.838668	-0.00475978
0.84865	-0.00487455
0.858632	-0.00499068
0.868614	-0.00510818
0.878596	-0.00522703
0.888578	-0.00534725
0.89856	-0.00546882
0.908542	-0.00559175
0.918524	-0.00571605
0.928506	-0.00584171
0.938488	-0.00596872
0.94847	-0.0060971
0.958452	-0.00622684
0.968434	-0.00635794
0.978416	-0.0064904
0.988398	-0.00662422
0.99838	-0.0067594
1.00836	-0.00689595
1.01834	-0.00703385
1.02833	-0.00717312
1.03831	-0.00731375
1.04829	-0.00745574
1.05827	-0.00759909
1.06825	-0.00774381
1.07824	-0.00788988
1.08822	-0.00803732
1.0982	-0.00818612
1.10818	-0.00833628
1.11816	-0.00848781
1.12815	-0.0086407
1.13813	-0.00879495
1.14811	-0.00895056
1.15809	-0.00910753
1.16807	-0.00926587
1.17806	-0.00942557
1.18804	-0.00958664
1.19802	-0.00974906
1.208	-0.00991285
1.21798	-0.010078
1.22797	-0.0102445
1.23795	-0.0104124
1.24793	-0.0105817
1.25791	-0.0107523
1.26789	-0.0109242
1.27788	-0.0110976
1.28786	-0.0112723
1.29784	-0.0114483
1.30782	-0.0116258
1.3178	-0.0118046
1.32779	-0.0119847
1.33777	-0.0121662
1.34775	-0.0123491
1.35773	-0.0125334
1.36771	-0.012719
1.3777	-0.012906
1.38768	-0.0130943
1.39766	-0.013284
1.40764	-0.0134751
1.41762	-0.0136676
1.42761	-0.0138614
1.43759	-0.0140565
1.44757	-0.0142531
1.45755	-0.014451
1.46753	-0.0146503
1.47752	-0.0148509
1.4875	-0.0150529
1.49748	-0.0152563
1.50746	-0.015461
1.51744	-0.0156671
1.52743	-0.0158746
1.53741	-0.0160835
1.54739	-0.0162937
1.55737	-0.0165053
1.56735	-0.0167182
1.57734	-0.0169325
1.58732	-0.0171482
1.5973	-0.0173652
1.60728	-0.0175837
1.61726	-0.0178034
1.62725	-0.0180246
1.63723	-0.0182471
1.64721	-0.018471
1.65719	-0.0186963
1.66717	-0.0189229
1.67716	-0.0191509
1.68714	-0.0193803
1.69712	-0.019611
1.7071	-0.0198431
1.71708	-0.0200766
1.72707	-0.0203114
1.73705	-0.0205476
1.74703	-0.0207852
1.75701	-0.0210242
1.76699	-0.0212645
1.77698	-0.0215062
1.78696	-0.0217493
1.79694	-0.0219937
1.80692	-0.0222395
1.8169	-0.0224867
1.82689	-0.0227353
1.83687	-0.0229852
1.84685	-0.0232365
1.85683	-0.0234891
1.86681	-0.0237432
1.8768	-0.0239986
1.88678	-0.0242554
1.89676	-0.0245135
1.90674	-0.0247731
1.91672	-0.025034
1.92671	-0.0252963
1.93669	-0.0255599
1.94667	-0.0258249
1.95665	-0.0260913
1.96663	-0.0263591
1.97662	-0.0266282
1.9866	-0.0268988
1.99658	-0.0271706
2.00656	-0.0274439
2.01654	-0.0277186
2.02653	-0.0279946
2.03651	-0.028272
2.04649	-0.0285507
2.05647	-0.0288309
2.06645	-0.0291124
2.07644	-0.0293953
2.08642	-0.0296796
2.0964	-0.0299652
2.10638	-0.0302522
2.11636	-0.0305406
2.12635	-0.0308304
2.13633	-0.0311215
2.14631	-0.0314141
2.15629	-0.031708
2.16627	-0.0320033
2.17626	-0.0322999
2.18624	-0.0325979
2.19622	-0.0328974
2.2062	-0.0331982
2.21618	-0.0335003
2.22617	-0.0338039
2.23615	-0.0341088
2.24613	-0.0344151
2.25611	-0.0347228
2.26609	-0.0350319
2.27608	-0.0353423
2.28606	-0.0356541
2.29604	-0.0359673
2.30602	-0.0362819
2.316	-0.0365979
2.32599	-0.0369152
2.33597	-0.037234
2.34595	-0.0375541
2.35593	-0.0378756
2.36591	-0.0381984
2.3759	-0.0385227
2.38588	-0.0388483
2.39586	-0.0391753
2.40584	-0.0395037
2.41582	-0.0398335
2.42581	-0.0401646
2.43579	-0.0404972
2.44577	-0.0408311
2.45575	-0.0411664
2.46573	-0.0415031
2.47572	-0.0418412
2.4857	-0.0421807
2.49568	-0.0425215
2.50566	-0.0428637
2.51564	-0.0432073
2.52563	-0.0435523
2.53561	-0.0438987
2.54559	-0.0442465
2.55557	-0.0445956
2.56555	-0.0449462
2.57554	-0.0452981
2.58552	-0.0456514
2.5955	-0.0460061
2.60548	-0.0463622
2.61546	-0.0467196
2.62545	-0.0470785
2.63543	-0.0474387
2.64541	-0.0478004
2.65539	-0.0481634
2.66537	-0.0485278
2.67536	-0.0488936
2.68534	-0.0492607
2.69532	-0.0496293
2.7053	-0.0499993
2.71528	-0.0503706
2.72527	-0.0507434
2.73525	-0.0511175
2.74523	-0.051493
2.75521	-0.0518699
2.76519	-0.0522482
2.77518	-0.0526279
2.78516	-0.0530089
2.79514	-0.0533914
2.80512	-0.0537753
2.8151	-0.0541605
2.82509	-0.0545471
2.83507	-0.0549352
2.84505	-0.0553246
2.85503	-0.0557154
2.86501	-0.0561076
2.87499	-0.0565012
2.88498	-0.0568962
2.89496	-0.0572926
2.90494	-0.0576904
2.91492	-0.0580895
2.9249	-0.0584901
2.93489	-0.0588921
2.94487	-0.0592954
2.95485	-0.0597002
2.96483	-0.0601063
2.97481	-0.0605138
2.9848	-0.0609228
2.99478	-0.0613331
3.00476	-0.0617448
3.01474	-0.062158
3.02472	-0.0625725
3.03471	-0.0629884
3.04469	-0.0634057
3.05467	-0.0638244
3.06465	-0.0642445
3.07463	-0.064666
3.08462	-0.0650889
3.0946	-0.0655132
3.10458	-0.0659389
3.11456	-0.066366
3.12454	-0.0667945
3.13453	-0.0672244
3.14451	-0.0676557
3.15449	-0.0680884
3.16447	-0.0685225
3.17445	-0.068958
3.18444	-0.0693949
3.19442	-0.0698332
3.2044	-0.0702729
3.21438	-0.070714
3.22436	-0.0711565
3.23435	-0.0716004
3.24433	-0.0720457
3.25431	-0.0724924
3.26429	-0.0729405
3.27427	-0.07339
3.28426	-0.0738409
3.29424	-0.0742932
3.30422	-0.074747
3.3142	-0.0752021
3.32418	-0.0756586
3.33417	-0.0761166
3.34415	-0.0765759
3.35413	-0.0770367
3.36411	-0.0774988
3.37409	-0.0779624
3.38408	-0.0784273
3.39406	-0.0788937
3.40404	-0.0793615
3.41402	-0.0798307
3.424	-0.0803013
3.43399	-0.0807733
3.44397	-0.0812467
3.45395	-0.0817215
3.46393	-0.0821977
3.47391	-0.0826753
3.4839	-0.0831544
3.49388	-0.0836348
3.50386	-0.0841167
3.51384	-0.0846
3.52382	-0.0850846
3.53381	-0.0855707
3.54379	-0.0860582
3.55377	-0.0865472
3.56375	-0.0870375
3.57373	-0.0875292
3.58372	-0.0880224
3.5937	-0.0885169
3.60368	-0.0890129
3.61366	-0.0895103
3.62364	-0.0900091
3.63363	-0.0905093
3.64361	-0.0910109
3.65359	-0.091514
3.66357	-0.0920184
3.67355	-0.0925243
3.68354	-0.0930316
3.69352	-0.0935403
3.7035	-0.0940504
3.71348	-0.0945619
3.72346	-0.0950749
3.73345	-0.0955892
3.74343	-0.096105
3.75341	-0.0966222
3.76339	-0.0971408
3.77337	-0.0976609
3.78336	-0.0981823
3.79334	-0.0987052
3.80332	-0.0992295
3.8133	-0.0997552
3.82328	-0.100282
3.83327	-0.100811
3.84325	-0.101341
3.85323	-0.101872
3.86321	-0.102405
3.87319	-0.102939
3.88318	-0.103475
3.89316	-0.104012
3.90314	-0.10455
3.91312	-0.10509
3.9231	-0.105632
3.93309	-0.106174
3.94307	-0.106719
3.95305	-0.107264
3.96303	-0.107811
3.97301	-0.10836
3.983	-0.10891
3.99298	-0.109461
4.00296	-0.110014
4.01294	-0.110568
4.02292	-0.111123
4.03291	-0.11168
4.04289	-0.112239
4.05287	-0.112799
4.06285	-0.11336
4.07283	-0.113923
4.08282	-0.114487
4.0928	-0.115052
4.10278	-0.115619
4.11276	-0.116188
4.12274	-0.116758
4.13273	-0.117329
4.14271	-0.117902
4.15269	-0.118476
4.16267	-0.119051
4.17265	-0.119628
4.18264	-0.120207
4.19262	-0.120787
4.2026	-0.121368
4.21258	-0.121951
4.22256	-0.122535
4.23255	-0.123121
4.24253	-0.123708
4.25251	-0.124296
4.26249	-0.124886
4.27247	-0.125477
4.28246	-0.12607
4.29244	-0.126664
4.30242	-0.12726
4.3124	-0.127857
4.32238	-0.128455
4.33237	-0.129055
4.34235	-0.129657
4.35233	-0.13026
4.36231	-0.130864
4.37229	-0.13147
4.38228	-0.132077
4.39226	-0.132685
4.40224	-0.133295
4.41222	-0.133907
4.4222	-0.13452
4.43219	-0.135134
4.44217	-0.13575
4.45215	-0.136367
4.46213	-0.136986
4.47211	-0.137606
4.4821	-0.138227
4.49208	-0.13885
4.50206	-0.139475
4.51204	-0.140101
4.52202	-0.140728
4.53201	-0.141357
4.54199	-0.141987
4.55197	-0.142618
4.56195	-0.143251
4.57193	-0.143886
4.58192	-0.144522
4.5919	-0.145159
4.60188	-0.145798
4.61186	-0.146439
4.62184	-0.14708
4.63183	-0.147724
4.64181	-0.148368
4.65179	-0.149014
4.66177	-0.149662
4.67175	-0.150311
4.68174	-0.150961
4.69172	-0.151613
4.7017	-0.152267
4.71168	-0.152921
4.72166	-0.153578
4.73165	-0.154235
4.74163	-0.154894
4.75161	-0.155555
4.76159	-0.156217
4.77157	-0.156881
4.78156	-0.157546
4.79154	-0.158212
4.80152	-0.15888
4.8115	-0.159549
4.82148	-0.16022
4.83147	-0.160892
4.84145	-0.161566
4.85143	-0.162241
4.86141	-0.162918
4.87139	-0.163596
4.88138	-0.164275
4.89136	-0.164956
4.90134	-0.165639
4.91132	-0.166322
4.9213	-0.167008
4.93129	-0.167695
4.94127	-0.168383
4.95125	-0.169073
4.96123	-0.169764
4.97121	-0.170456
4.9812	-0.17115
4.99118	-0.171846
5.00116	-0.172543
5.01114	-0.173242
5.02112	-0.173941
5.03111	-0.174643
5.04109	-0.175346
5.05107	-0.17605
5.06105	-0.176756
5.07103	-0.177463
5.08102	-0.178172
5.091	-0.178882
5.10098	-0.179594
5.11096	-0.180307
5.12094	-0.181021
5.13093	-0.181738
5.14091	-0.182455
5.15089	-0.183174
5.16087	-0.183894
5.17085	-0.184616
5.18084	-0.18534
5.19082	-0.186065
5.2008	-0.186791
5.21078	-0.187519
5.22076	-0.188248
5.23075	-0.188979
5.24073	-0.189711
5.25071	-0.190445
5.26069	-0.19118
5.27067	-0.191917
5.28066	-0.192655
5.29064	-0.193394
5.30062	-0.194135
5.3106	-0.194878
5.32058	-0.195622
5.33057	-0.196367
5.34055	-0.197114
5.35053	-0.197863
5.36051	-0.198613
5.37049	-0.199364
5.38048	-0.200117
5.39046	-0.200871
5.40044	-0.201627
5.41042	-0.202384
5.4204	-0.203143
5.43039	-0.203903
5.44037	-0.204665
5.45035	-0.205428
5.46033	-0.206193
5.47031	-0.206959
5.4803	-0.207727
5.49028	-0.208496
5.50026	-0.209266
5.51024	-0.210038
5.52022	-0.210812
5.53021	-0.211587
5.54019	-0.212364
5.55017	-0.213142
5.56015	-0.213921
5.57013	-0.214702
5.58012	-0.215485
5.5901	-0.216269
5.60008	-0.217054
5.61006	-0.217841
5.62004	-0.218629
5.63003	-0.219419
5.64001	-0.220211
5.64999	-0.221004
5.65997	-0.221798
5.66995	-0.222594
5.67994	-0.223391
5.68992	-0.22419
5.6999	-0.22499
5.70988	-0.225792
5.71986	-0.226595
5.72985	-0.2274
5.73983	-0.228207
5.74981	-0.229014
5.75979	-0.229824
5.76977	-0.230634
5.77976	-0.231447
5.78974	-0.232261
5.79972	-0.233076
5.8097	-0.233893
5.81968	-0.234711
5.82967	-0.235531
5.83965	-0.236352
5.84963	-0.237175
5.85961	-0.237999
5.86959	-0.238825
5.87958	-0.239652
5.88956	-0.24048
5.89954	-0.241311
5.90952	-0.242142
5.9195	-0.242976
5.92949	-0.24381
5.93947	-0.244647
5.94945	-0.245484
5.95943	-0.246324
5.96941	-0.247164
5.9794	-0.248007
5.98938	-0.24885
5.99936	-0.249696
6.00934	-0.250542
6.01932	-0.251391
6.02931	-0.25224
6.03929	-0.253092
6.04927	-0.253944
6.05925	-0.254799
6.06923	-0.255655
6.07922	-0.256512
6.0892	-0.257371
6.09918	-0.258231
6.10916	-0.259093
6.11914	-0.259956
6.12913	-0.260821
6.13911	-0.261687
6.14909	-0.262555
6.15907	-0.263425
6.16905	-0.264295
6.17904	-0.265168
6.18902	-0.266042
6.199	-0.266917
6.20898	-0.267794
6.21896	-0.268673
6.22895	-0.269553
6.23893	-0.270434
6.24891	-0.271317
6.25889	-0.272202
6.26887	-0.273088
6.27886	-0.273975
6.28884	-0.274864
6.29882	-0.275755
6.3088	-0.276647
6.31878	-0.27754
6.32877	-0.278436
6.33875	-0.279332
6.34873	-0.28023
6.35871	-0.28113
6.36869	-0.282031
6.37868	-0.282934
6.38866	-0.283838
6.39864	-0.284744
6.40862	-0.285651
6.4186	-0.28656
6.42859	-0.28747
6.43857	-0.288382
6.44855	-0.289296
6.45853	-0.290211
6.46851	-0.291127
6.4785	-0.292045
6.48848	-0.292965
6.49846	-0.293886
6.50844	-0.294808
6.51842	-0.295732
6.52841	-0.296658
6.53839	-0.297585
6.54837	-0.298514
6.55835	-0.299444
6.56833	-0.300375
6.57832	-0.301309
6.5883	-0.302244
6.59828	-0.30318
6.60826	-0.304118
6.61824	-0.305057
6.62823	-0.305998
6.63821	-0.30694
6.64819	-0.307884
6.65817	-0.30883
6.66815	-0.309777
6.67814	-0.310725
6.68812	-0.311676
6.6981	-0.312627
6.70808	-0.31358
6.71806	-0.314535
6.72805	-0.315491
6.73803	-0.316449
6.74801	-0.317409
6.75799	-0.318369
6.76797	-0.319332
6.77796	-0.320296
6.78794	-0.321261
6.79792	-0.322228
6.8079	-0.323197
6.81788	-0.324167
6.82787	-0.325139
6.83785	-0.326112
6.84783	-0.327087
6.85781	-0.328063
6.86779	-0.329041
6.87778	-0.33002
6.88776	-0.331001
6.89774	-0.331984
6.90772	-0.332968
6.9177	-0.333953
6.92769	-0.33494
6.93767	-0.335929
6.94765	-0.336919
6.95763	-0.337911
6.96761	-0.338904
6.9776	-0.339899
6.98758	-0.340896
6.99756	-0.341894
7.00754	-0.342893
7.01752	-0.343894
7.02751	-0.344897
7.03749	-0.345901
7.04747	-0.346907
7.05745	-0.347914
7.06743	-0.348923
7.07742	-0.349933
7.0874	-0.350945
7.09738	-0.351959
7.10736	-0.352974
7.11734	-0.35399
7.12733	-0.355008
7.13731	-0.356028
7.14729	-0.357049
7.15727	-0.358072
7.16725	-0.359097
7.17724	-0.360123
7.18722	-0.36115
7.1972	-0.362179
7.20718	-0.36321
7.21716	-0.364242
7.22715	-0.365276
7.23713	-0.366311
7.24711	-0.367348
7.25709	-0.368386
7.26707	-0.369426
7.27706	-0.370468
7.28704	-0.371511
7.29702	-0.372556
7.307	-0.373602
7.31698	-0.37465
7.32697	-0.375699
7.33695	-0.37675
7.34693	-0.377803
7.35691	-0.378857
7.36689	-0.379913
7.37688	-0.38097
7.38686	-0.382029
7.39684	-0.383089
7.40682	-0.384151
7.4168	-0.385215
7.42679	-0.38628
7.43677	-0.387347
7.44675	-0.388415
7.45673	-0.389485
7.46671	-0.390556
7.4767	-0.391629
7.48668	-0.392704
7.49666	-0.39378
7.50664	-0.394857
7.51662	-0.395937
7.52661	-0.397017
7.53659	-0.3981
7.54657	-0.399184
7.55655	-0.400269
7.56653	-0.401357
7.57652	-0.402445
7.5865	-0.403536
7.59648	-0.404628
7.60646	-0.405721
7.61644	-0.406816
7.62643	-0.407913
7.63641	-0.409011
7.64639	-0.410111
7.65637	-0.411212
7.66635	-0.412315
7.67634	-0.41342
7.68632	-0.414526
7.6963	-0.415634
7.70628	-0.416743
7.71626	-0.417854
7.72625	-0.418967
7.73623	-0.420081
7.74621	-0.421196
7.75619	-0.422314
7.76617	-0.423432
7.77616	-0.424553
7.78614	-0.425675
7.79612	-0.426799
7.8061	-0.427924
7.81608	-0.429051
7.82607	-0.430179
7.83605	-0.431309
7.84603	-0.432441
7.85601	-0.433574
7.86599	-0.434708
7.87598	-0.435845
7.88596	-0.436983
7.89594	-0.438122
7.90592	-0.439264
7.9159	-0.440406
7.92589	-0.441551
7.93587	-0.442697
7.94585	-0.443844
7.95583	-0.444993
7.96581	-0.446144
7.9758	-0.447296
7.98578	-0.44845
7.99576	-0.449606
8.00574	-0.450763
8.01572	-0.451922
8.02571	-0.453082
8.03569	-0.454244
8.04567	-0.455408
8.05565	-0.456573
8.06563	-0.45774
8.07562	-0.458908
8.0856	-0.460078
8.09558	-0.461249
8.10556	-0.462423
8.11554	-0.463597
8.12553	-0.464774
8.13551	-0.465952
8.14549	-0.467131
8.15547	-0.468313
8.16545	-0.469496
8.17544	-0.47068
8.18542	-0.471866
8.1954	-0.473054
8.20538	-0.474243
8.21536	-0.475434
8.22535	-0.476626
8.23533	-0.477821
8.24531	-0.479016
8.25529	-0.480214
8.26527	-0.481413
8.27526	-0.482613
8.28524	-0.483815
8.29522	-0.485019
8.3052	-0.486225
8.31518	-0.487432
8.32517	-0.48864
8.33515	-0.489851
8.34513	-0.491063
8.35511	-0.492276
8.36509	-0.493491
8.37508	-0.494708
8.38506	-0.495926
8.39504	-0.497146
8.40502	-0.498368
8.415	-0.499591
8.42498	-0.500816
8.43497	-0.502043
8.44495	-0.503271
8.45493	-0.5045
8.46491	-0.505732
8.47489	-0.506965
8.48488	-0.508199
8.49486	-0.509436
8.50484	-0.510674
8.51482	-0.511913
8.5248	-0.513154
8.53479	-0.514397
8.54477	-0.515641
8.55475	-0.516887
8.56473	-0.518135
8.57471	-0.519384
8.5847	-0.520635
8.59468	-0.521888
8.60466	-0.523142
8.61464	-0.524398
8.62462	-0.525655
8.63461	-0.526914
8.64459	-0.528175
8.65457	-0.529437
8.66455	-0.530701
8.67453	-0.531967
8.68452	-0.533234
8.6945	-0.534503
8.70448	-0.535774
8.71446	-0.537046
8.72444	-0.53832
8.73443	-0.539595
8.74441	-0.540872
8.75439	-0.542151
8.76437	-0.543431
8.77435	-0.544713
8.78434	-0.545997
8.79432	-0.547282
8.8043	-0.548569
8.81428	-0.549858
8.82426	-0.551148
8.83425	-0.55244
8.84423	-0.553733
8.85421	-0.555028
8.86419	-0.556325
8.87417	-0.557624
8.88416	-0.558924
8.89414	-0.560226
8.90412	-0.561529
8.9141	-0.562834
8.92408	-0.564141
8.93407	-0.565449
8.94405	-0.566759
8.95403	-0.568071
8.96401	-0.569384
8.97399	-0.570699
8.98398	-0.572015
8.99396	-0.573334
9.00394	-0.574654
9.01392	-0.575975
9.0239	-0.577298
9.03389	-0.578623
9.04387	-0.57995
9.05385	-0.581278
9.06383	-0.582608
9.07381	-0.583939
9.0838	-0.585272
9.09378	-0.586607
9.10376	-0.587944
9.11374	-0.589282
9.12372	-0.590622
9.13371	-0.591963
9.14369	-0.593306
9.15367	-0.594651
9.16365	-0.595997
9.17363	-0.597345
9.18362	-0.598695
9.1936	-0.600046
9.20358	-0.6014
9.21356	-0.602754
9.22354	-0.604111
9.23353	-0.605469
9.24351	-0.606829
9.25349	-0.60819
9.26347	-0.609553
9.27345	-0.610918
9.28344	-0.612284
9.29342	-0.613652
9.3034	-0.615022
9.31338	-0.616393
9.32336	-0.617766
9.33335	-0.619141
9.34333	-0.620518
9.35331	-0.621896
9.36329	-0.623275
9.37327	-0.624657
9.38326	-0.62604
9.39324	-0.627425
9.40322	-0.628811
9.4132	-0.630199
9.42318	-0.631589
9.43317	-0.632981
9.44315	-0.634374
9.45313	-0.635769
9.46311	-0.637165
9.47309	-0.638563
9.48308	-0.639963
9.49306	-0.641365
9.50304	-0.642768
9.51302	-0.644173
9.523	-0.645579
9.53299	-0.646988
9.54297	-0.648398
9.55295	-0.649809
9.56293	-0.651223
9.57291	-0.652638
9.5829	-0.654054
9.59288	-0.655473
9.60286	-0.656893
9.61284	-0.658314
9.62282	-0.659738
9.63281	-0.661163
9.64279	-0.66259
9.65277	-0.664018
9.66275	-0.665448
9.67273	-0.66688
9.68272	-0.668314
9.6927	-0.669749
9.70268	-0.671186
9.71266	-0.672624
9.72264	-0.674065
9.73263	-0.675507
9.74261	-0.67695
9.75259	-0.678396
9.76257	-0.679843
9.77255	-0.681291
9.78254	-0.682742
9.79252	-0.684194
9.8025	-0.685648
9.81248	-0.687103
9.82246	-0.688561
9.83245	-0.69002
9.84243	-0.69148
9.85241	-0.692942
9.86239	-0.694407
9.87237	-0.695872
9.88236	-0.69734
9.89234	-0.698809
9.90232	-0.70028
9.9123	-0.701752
9.92228	-0.703226
9.93227	-0.704702
9.94225	-0.70618
9.95223	-0.707659
9.96221	-0.70914
9.97219	-0.710623
9.98218	-0.712107
9.99216	-0.713593
10.0021	-0.715081
10.0121	-0.716571
10.0221	-0.718062
10.0321	-0.719555
10.0421	-0.72105
10.0521	-0.722546
10.062	-0.724044
10.072	-0.725544
10.082	-0.727045
10.092	-0.728548
10.102	-0.730053
10.1119	-0.73156
10.1219	-0.733068
10.1319	-0.734578
10.1419	-0.73609
10.1519	-0.737604
10.1619	-0.739119
10.1718	-0.740636
10.1818	-0.742154
10.1918	-0.743675
10.2018	-0.745197
10.2118	-0.74672
10.2217	-0.748246
10.2317	-0.749773
10.2417	-0.751302
10.2517	-0.752832
10.2617	-0.754365
10.2717	-0.755899
10.2816	-0.757435
10.2916	-0.758972
10.3016	-0.760511
10.3116	-0.762052
10.3216	-0.763595
10.3315	-0.765139
10.3415	-0.766685
10.3515	-0.768233
10.3615	-0.769783
10.3715	-0.771334
10.3815	-0.772887
10.3914	-0.774442
10.4014	-0.775998
10.4114	-0.777556
10.4214	-0.779116
10.4314	-0.780678
10.4413	-0.782241
10.4513	-0.783806
10.4613	-0.785373
10.4713	-0.786941
10.4813	-0.788512
10.4913	-0.790084
10.5012	-0.791657
10.5112	-0.793233
10.5212	-0.79481
10.5312	-0.796389
10.5412	-0.797969
10.5512	-0.799552
10.5611	-0.801136
10.5711	-0.802722
10.5811	-0.804309
10.5911	-0.805898
10.6011	-0.80749
10.611	-0.809082
10.621	-0.810677
10.631	-0.812273
10.641	-0.813871
10.651	-0.815471
10.661	-0.817072
10.6709	-0.818675
10.6809	-0.82028
10.6909	-0.821887
10.7009	-0.823495
10.7109	-0.825105
10.7208	-0.826717
10.7308	-0.828331
10.7408	-0.829946
10.7508	-0.831563
10.7608	-0.833182
10.7708	-0.834803
10.7807	-0.836425
10.7907	-0.838049
10.8007	-0.839675
10.8107	-0.841303
10.8207	-0.842932
10.8306	-0.844563
10.8406	-0.846196
10.8506	-0.84783
10.8606	-0.849467
10.8706	-0.851105
10.8806	-0.852744
10.8905	-0.854386
10.9005	-0.856029
10.9105	-0.857674
10.9205	-0.859321
10.9305	-0.86097
10.9404	-0.86262
10.9504	-0.864272
10.9604	-0.865926
10.9704	-0.867581
10.9804	-0.869239
10.9904	-0.870898
11.0003	-0.872558
11.0103	-0.874221
11.0203	-0.875885
11.0303	-0.877551
11.0403	-0.879219
11.0503	-0.880889
11.0602	-0.88256
11.0702	-0.884233
11.0802	-0.885908
11.0902	-0.887585
11.1002	-0.889263
11.1101	-0.890943
11.1201	-0.892625
11.1301	-0.894309
11.1401	-0.895994
11.1501	-0.897681
11.1601	-0.89937
11.17	-0.901061
11.18	-0.902753
11.19	-0.904447
11.2	-0.906143
11.21	-0.907841
11.2199	-0.909541
11.2299	-0.911242
11.2399	-0.912945
11.2499	-0.91465
11.2599	-0.916356
11.2699	-0.918065
11.2798	-0.919775
11.2898	-0.921487
11.2998	-0.9232
11.3098	-0.924916
11.3198	-0.926633
11.3297	-0.928352
11.3397	-0.930073
11.3497	-0.931795
11.3597	-0.933519
11.3697	-0.935245
11.3797	-0.936973
11.3896	-0.938703
11.3996	-0.940434
11.4096	-0.942167
11.4196	-0.943902
11.4296	-0.945639
11.4395	-0.947377
11.4495	-0.949117
11.4595	-0.950859
11.4695	-0.952603
11.4795	-0.954348
11.4895	-0.956096
11.4994	-0.957845
11.5094	-0.959596
11.5194	-0.961348
11.5294	-0.963103
11.5394	-0.964859
11.5493	-0.966617
11.5593	-0.968377
11.5693	-0.970138
11.5793	-0.971902
11.5893	-0.973667
11.5993	-0.975434
11.6092	-0.977202
11.6192	-0.978973
11.6292	-0.980745
11.6392	-0.982519
11.6492	-0.984295
11.6592	-0.986072
11.6691	-0.987852
11.6791	-0.989633
11.6891	-0.991416
11.6991	-0.9932
11.7091	-0.994987
11.719	-0.996775
11.729	-0.998565
11.739	-1.00036
11.749	-1.00215
11.759	-1.00395
11.769	-1.00574
11.7789	-1.00754
11.7889	-1.00934
11.7989	-1.01115
11.8089	-1.01295
11.8189	-1.01476
11.8288	-1.01656
11.8388	-1.01837
11.8488	-1.02019
11.8588	-1.022
11.8688	-1.02381
11.8788	-1.02563
11.8887	-1.02745
11.8987	-1.02927
11.9087	-1.03109
11.9187	-1.03292
11.9287	-1.03474
11.9386	-1.03657
11.9486	-1.0384
11.9586	-1.04023
11.9686	-1.04206
11.9786	-1.0439
11.9886	-1.04574
11.9985	-1.04757
12.0085	-1.04941
12.0185	-1.05126
12.0285	-1.0531
12.0385	-1.05495
12.0484	-1.05679
12.0584	-1.05864
12.0684	-1.06049
12.0784	-1.06235
12.0884	-1.0642
12.0984	-1.06606
12.1083	-1.06792
12.1183	-1.06978
12.1283	-1.07164
12.1383	-1.0735
12.1483	-1.07537
12.1583	-1.07723
12.1682	-1.0791
12.1782	-1.08097
12.1882	-1.08285
12.1982	-1.08472
12.2082	-1.0866
12.2181	-1.08848
12.2281	-1.09036
12.2381	-1.09224
12.2481	-1.09412
12.2581	-1.09601
12.2681	-1.09789
12.278	-1.09978
12.288	-1.10167
12.298	-1.10357
12.308	-1.10546
12.318	-1.10736
12.3279	-1.10926
12.3379	-1.11116
12.3479	-1.11306
12.3579	-1.11496
12.3679	-1.11687
12.3779	-1.11877
12.3878	-1.12068
12.3978	-1.12259
12.4078	-1.12451
12.4178	-1.12642
12.4278	-1.12834
12.4377	-1.13025
12.4477	-1.13217
12.4577	-1.1341
12.4677	-1.13602
12.4777	-1.13794
12.4877	-1.13987
12.4976	-1.1418
12.5076	-1.14373
12.5176	-1.14566
12.5276	-1.1476
12.5376	-1.14953
12.5475	-1.15147
12.5575	-1.15341
12.5675	-1.15535
12.5775	-1.1573
12.5875	-1.15924
12.5975	-1.16119
12.6074	-1.16314
12.6174	-1.16509
12.6274	-1.16704
12.6374	-1.169
12.6474	-1.17095
12.6574	-1.17291
12.6673	-1.17487
12.6773	-1.17683
12.6873	-1.1788
12.6973	-1.18076
12.7073	-1.18273
12.7172	-1.1847
12.7272	-1.18667
12.7372	-1.18864
12.7472	-1.19062
12.7572	-1.19259
12.7672	-1.19457
12.7771	-1.19655
12.7871	-1.19853
12.7971	-1.20052
12.8071	-1.2025
12.8171	-1.20449
12.827	-1.20648
12.837	-1.20847
12.847	-1.21046
12.857	-1.21246
12.867	-1.21445
12.877	-1.21645
12.8869	-1.21845
12.8969	-1.22045
12.9069	-1.22246
12.9169	-1.22446
12.9269	-1.22647
12.9368	-1.22848
12.9468	-1.23049
12.9568	-1.2325
12.9668	-1.23452
12.9768	-1.23653
12.9868	-1.23855
12.9967	-1.24057
13.0067	-1.2426
13.0167	-1.24462
13.0267	-1.24665
13.0367	-1.24867
13.0466	-1.2507
13.0566	-1.25273
13.0666	-1.25477
13.0766	-1.2568
13.0866	-1.25884
13.0966	-1.26088
13.1065	-1.26292
13.1165	-1.26496
13.1265	-1.267
13.1365	-1.26905
13.1465	-1.2711
13.1565	-1.27315
13.1664	-1.2752
13.1764	-1.27725
13.1864	-1.27931
13.1964	-1.28137
13.2064	-1.28343
13.2163	-1.28549
13.2263	-1.28755
13.2363	-1.28961
13.2463	-1.29168
13.2563	-1.29375
13.2663	-1.29582
13.2762	-1.29789
13.2862	-1.29996
13.2962	-1.30204
13.3062	-1.30412
13.3162	-1.3062
13.3261	-1.30828
13.3361	-1.31036
13.3461	-1.31244
13.3561	-1.31453
13.3661	-1.31662
13.3761	-1.31871
13.386	-1.3208
13.396	-1.3229
13.406	-1.32499
13.416	-1.32709
13.426	-1.32919
13.4359	-1.33129
13.4459	-1.33339
13.4559	-1.3355
13.4659	-1.33761
13.4759	-1.33972
13.4859	-1.34183
13.4958	-1.34394
13.5058	-1.34605
13.5158	-1.34817
13.5258	-1.35029
13.5358	-1.35241
13.5457	-1.35453
13.5557	-1.35665
13.5657	-1.35878
13.5757	-1.36091
13.5857	-1.36304
13.5957	-1.36517
13.6056	-1.3673
13.6156	-1.36943
13.6256	-1.37157
13.6356	-1.37371
13.6456	-1.37585
13.6556	-1.37799
13.6655	-1.38014
13.6755	-1.38228
13.6855	-1.38443
13.6955	-1.38658
13.7055	-1.38873
13.7154	-1.39088
13.7254	-1.39304
13.7354	-1.3952
13.7454	-1.39736
13.7554	-1.39952
13.7654	-1.40168
13.7753	-1.40384
13.7853	-1.40601
13.7953	-1.40818
13.8053	-1.41035
13.8153	-1.41252
13.8252	-1.4147
13.8352	-1.41687
13.8452	-1.41905
13.8552	-1.42123
13.8652	-1.42341
13.8752	-1.42559
13.8851	-1.42778
13.8951	-1.42996
13.9051	-1.43215
13.9151	-1.43434
13.9251	-1.43654
13.935	-1.43873
13.945	-1.44093
13.955	-1.44313
13.965	-1.44533
13.975	-1.44753
13.985	-1.44973
13.9949	-1.45194
14.0049	-1.45414
14.0149	-1.45635
14.0249	-1.45856
14.0349	-1.46078
14.0448	-1.46299
14.0548	-1.46521
14.0648	-1.46743
14.0748	-1.46965
14.0848	-1.47187
14.0948	-1.4741
14.1047	-1.47632
14.1147	-1.47855
14.1247	-1.48078
14.1347	-1.48301
14.1447	-1.48524
14.1547	-1.48748
14.1646	-1.48972
14.1746	-1.49196
14.1846	-1.4942
14.1946	-1.49644
14.2046	-1.49869
14.2145	-1.50093
14.2245	-1.50318
14.2345	-1.50543
14.2445	-1.50768
14.2545	-1.50994
14.2645	-1.51219
14.2744	-1.51445
14.2844	-1.51671
14.2944	-1.51897
14.3044	-1.52124
14.3144	-1.5235
14.3243	-1.52577
14.3343	-1.52804
14.3443	-1.53031
14.3543	-1.53258
14.3643	-1.53486
14.3743	-1.53713
14.3842	-1.53941
14.3942	-1.54169
14.4042	-1.54398
14.4142	-1.54626
14.4242	-1.54855
14.4341	-1.55083
14.4441	-1.55312
14.4541	-1.55542
14.4641	-1.55771
14.4741	-1.56001
14.4841	-1.5623
14.494	-1.5646
14.504	-1.5669
14.514	-1.56921
14.524	-1.57151
14.534	-1.57382
14.5439	-1.57613
14.5539	-1.57844
14.5639	-1.58075
14.5739	-1.58306
14.5839	-1.58538
14.5939	-1.5877
14.6038	-1.59002
14.6138	-1.59234
14.6238	-1.59466
14.6338	-1.59699
14.6438	-1.59932
14.6538	-1.60164
14.6637	-1.60398
14.6737	-1.60631
14.6837	-1.60864
14.6937	-1.61098
14.7037	-1.61332
14.7136	-1.61566
14.7236	-1.618
14.7336	-1.62035
14.7436	-1.62269
14.7536	-1.62504
14.7636	-1.62739
14.7735	-1.62974
14.7835	-1.6321
14.7935	-1.63445
14.8035	-1.63681
14.8135	-1.63917
14.8234	-1.64153
14.8334	-1.64389
14.8434	-1.64626
14.8534	-1.64863
14.8634	-1.651
14.8734	-1.65337
14.8833	-1.65574
14.8933	-1.65811
14.9033	-1.66049
14.9133	-1.66287
14.9233	-1.66525
14.9332	-1.66763
14.9432	-1.67001
14.9532	-1.6724
14.9632	-1.67479
14.9732	-1.67718
14.9832	-1.67957
14.9931	-1.68196
15.0031	-1.68436
15.0131	-1.68675
15.0231	-1.68915
15.0331	-1.69155
15.043	-1.69396
15.053	-1.69636
15.063	-1.69877
15.073	-1.70118
15.083	-1.70359
15.093	-1.706
15.1029	-1.70841
15.1129	-1.71083
15.1229	-1.71325
15.1329	-1.71567
15.1429	-1.71809
15.1529	-1.72051
15.1628	-1.72294
15.1728	-1.72536
15.1828	-1.72779
15.1928	-1.73023
15.2028	-1.73266
15.2127	-1.73509
15.2227	-1.73753
15.2327	-1.73997
15.2427	-1.74241
15.2527	-1.74485
15.2627	-1.7473
15.2726	-1.74974
15.2826	-1.75219
15.2926	-1.75464
15.3026	-1.75709
15.3126	-1.75955
15.3225	-1.762
15.3325	-1.76446
15.3425	-1.76692
15.3525	-1.76938
15.3625	-1.77184
15.3725	-1.77431
15.3824	-1.77678
15.3924	-1.77924
15.4024	-1.78172
15.4124	-1.78419
15.4224	-1.78666
15.4323	-1.78914
15.4423	-1.79162
15.4523	-1.7941
15.4623	-1.79658
15.4723	-1.79906
15.4823	-1.80155
15.4922	-1.80404
15.5022	-1.80653
15.5122	-1.80902
15.5222	-1.81151
15.5322	-1.81401
15.5421	-1.81651
15.5521	-1.81901
15.5621	-1.82151
15.5721	-1.82401
15.5821	-1.82651
15.5921	-1.82902
15.602	-1.83153
15.612	-1.83404
15.622	-1.83655
15.632	-1.83907
15.642	-1.84158
15.652	-1.8441
15.6619	-1.84662
15.6719	-1.84914
15.6819	-1.85167
15.6919	-1.85419
15.7019	-1.85672
15.7118	-1.85925
15.7218	-1.86178
15.7318	-1.86431
15.7418	-1.86685
15.7518	-1.86939
15.7618	-1.87193
15.7717	-1.87447
15.7817	-1.87701
15.7917	-1.87955
15.8017	-1.8821
15.8117	-1.88465
15.8216	-1.8872
15.8316	-1.88975
15.8416	-1.89231
15.8516	-1.89486
15.8616	-1.89742
15.8716	-1.89998
15.8815	-1.90254
15.8915	-1.90511
15.9015	-1.90767
15.9115	-1.91024
15.9215	-1.91281
15.9314	-1.91538
15.9414	-1.91795
15.9514	-1.92053
15.9614	-1.9231
15.9714	-1.92568
15.9814	-1.92826
15.9913	-1.93085
16.0013	-1.93343
16.0113	-1.93602
16.0213	-1.9386
16.0313	-1.94119
16.0412	-1.94379
16.0512	-1.94638
16.0612	-1.94898
16.0712	-1.95157
16.0812	-1.95417
16.0912	-1.95678
16.1011	-1.95938
16.1111	-1.96198
16.1211	-1.96459
16.1311	-1.9672
16.1411	-1.96981
16.1511	-1.97242
16.161	-1.97504
16.171	-1.97766
16.181	-1.98027
16.191	-1.9829
16.201	-1.98552
16.2109	-1.98814
16.2209	-1.99077
16.2309	-1.9934
16.2409	-1.99603
16.2509	-1.99866
16.2609	-2.00129
16.2708	-2.00393
16.2808	-2.00656
16.2908	-2.0092
16.3008	-2.01185
16.3108	-2.01449
16.3207	-2.01713
16.3307	-2.01978
16.3407	-2.02243
16.3507	-2.02508
16.3607	-2.02773
16.3707	-2.03039
16.3806	-2.03304
16.3906	-2.0357
16.4006	-2.03836
16.4106	-2.04103
16.4206	-2.04369
16.4305	-2.04636
16.4405	-2.04902
16.4505	-2.05169
16.4605	-2.05436
16.4705	-2.05704
16.4805	-2.05971
16.4904	-2.06239
16.5004	-2.06507
16.5104	-2.06775
16.5204	-2.07043
16.5304	-2.07312
16.5403	-2.07581
16.5503	-2.07849
16.5603	-2.08119
16.5703	-2.08388
16.5803	-2.08657
16.5903	-2.08927
16.6002	-2.09197
16.6102	-2.09467
16.6202	-2.09737
16.6302	-2.10007
16.6402	-2.10278
16.6502	-2.10549
16.6601	-2.1082
16.6701	-2.11091
16.6801	-2.11362
16.6901	-2.11634
16.7001	-2.11905
16.71	-2.12177
16.72	-2.12449
16.73	-2.12722
16.74	-2.12994
16.75	-2.13267
16.76	-2.1354
16.7699	-2.13813
16.7799	-2.14086
16.7899	-2.14359
16.7999	-2.14633
16.8099	-2.14907
16.8198	-2.15181
16.8298	-2.15455
16.8398	-2.15729
16.8498	-2.16004
16.8598	-2.16278
16.8698	-2.16553
16.8797	-2.16828
16.8897	-2.17104
16.8997	-2.17379
16.9097	-2.17655
16.9197	-2.17931
16.9296	-2.18207
16.9396	-2.18483
16.9496	-2.1876
16.9596	-2.19036
16.9696	-2.19313
16.9796	-2.1959
16.9895	-2.19867
16.9995	-2.20145
17.0095	-2.20422
17.0195	-2.207
17.0295	-2.20978
17.0394	-2.21256
17.0494	-2.21534
17.0594	-2.21813
17.0694	-2.22092
17.0794	-2.22371
17.0894	-2.2265
17.0993	-2.22929
17.1093	-2.23208
17.1193	-2.23488
17.1293	-2.23768
17.1393	-2.24048
17.1492	-2.24328
17.1592	-2.24609
17.1692	-2.24889
17.1792	-2.2517
17.1892	-2.25451
17.1992	-2.25732
17.2091	-2.26014
17.2191	-2.26295
17.2291	-2.26577
17.2391	-2.26859
17.2491	-2.27141
17.2591	-2.27423
17.269	-2.27706
17.279	-2.27988
17.289	-2.28271
17.299	-2.28554
17.309	-2.28838
17.3189	-2.29121
17.3289	-2.29405
17.3389	-2.29688
17.3489	-2.29972
17.3589	-2.30257
17.3689	-2.30541
17.3788	-2.30826
17.3888	-2.3111
17.3988	-2.31395
17.4088	-2.3168
17.4188	-2.31966
17.4287	-2.32251
17.4387	-2.32537
17.4487	-2.32823
17.4587	-2.33109
17.4687	-2.33395
17.4787	-2.33682
17.4886	-2.33968
17.4986	-2.34255
17.5086	-2.34542
17.5186	-2.34829
17.5286	-2.35117
17.5385	-2.35404
17.5485	-2.35692
17.5585	-2.3598
17.5685	-2.36268
17.5785	-2.36557
17.5885	-2.36845
17.5984	-2.37134
17.6084	-2.37423
17.6184	-2.37712
17.6284	-2.38001
17.6384	-2.38291
17.6483	-2.3858
17.6583	-2.3887
17.6683	-2.3916
17.6783	-2.3945
17.6883	-2.39741
17.6983	-2.40031
17.7082	-2.40322
17.7182	-2.40613
17.7282	-2.40904
17.7382	-2.41196
17.7482	-2.41487
17.7582	-2.41779
17.7681	-2.42071
17.7781	-2.42363
17.7881	-2.42655
17.7981	-2.42948
17.8081	-2.4324
17.818	-2.43533
17.828	-2.43826
17.838	-2.44119
17.848	-2.44413
17.858	-2.44706
17.868	-2.45
17.8779	-2.45294
17.8879	-2.45588
17.8979	-2.45883
17.9079	-2.46177
17.9179	-2.46472
17.9278	-2.46767
17.9378	-2.47062
17.9478	-2.47357
17.9578	-2.47653
17.9678	-2.47948
17.9778	-2.48244
17.9877	-2.4854
17.9977	-2.48837
18.0077	-2.49133
18.0177	-2.4943
18.0277	-2.49726
18.0376	-2.50023
18.0476	-2.50321
18.0576	-2.50618
18.0676	-2.50915
18.0776	-2.51213
18.0876	-2.51511
18.0975	-2.51809
18.1075	-2.52107
18.1175	-2.52406
18.1275	-2.52705
18.1375	-2.53003
18.1474	-2.53302
18.1574	-2.53602
18.1674	-2.53901
18.1774	-2.54201
18.1874	-2.54501
18.1974	-2.548
18.2073	-2.55101
18.2173	-2.55401
18.2273	-2.55702
18.2373	-2.56002
18.2473	-2.56303
18.2573	-2.56604
18.2672	-2.56906
18.2772	-2.57207
18.2872	-2.57509
18.2972	-2.57811
18.3072	-2.58113
18.3171	-2.58415
18.3271	-2.58717
18.3371	-2.5902
18.3471	-2.59323
18.3571	-2.59625
18.3671	-2.59929
18.377	-2.60232
18.387	-2.60536
18.397	-2.60839
18.407	-2.61143
18.417	-2.61447
18.4269	-2.61751
18.4369	-2.62056
18.4469	-2.62361
18.4569	-2.62665
18.4669	-2.6297
18.4769	-2.63276
18.4868	-2.63581
18.4968	-2.63887
18.5068	-2.64192
18.5168	-2.64498
18.5268	-2.64804
18.5367	-2.65111
18.5467	-2.65417
18.5567	-2.65724
18.5667	-2.66031
18.5767	-2.66338
18.5867	-2.66645
18.5966	-2.66952
18.6066	-2.6726
18.6166	-2.67568
18.6266	-2.67876
18.6366	-2.68184
18.6465	-2.68492
18.6565	-2.68801
18.6665	-2.6911
18.6765	-2.69419
18.6865	-2.69728
18.6965	-2.70037
18.7064	-2.70346
18.7164	-2.70656
18.7264	-2.70966
18.7364	-2.71276
18.7464	-2.71586
18.7564	-2.71897
18.7663	-2.72207
18.7763	-2.72518
18.7863	-2.72829
18.7963	-2.7314
18.8063	-2.73451
18.8162	-2.73763
18.8262	-2.74075
18.8362	-2.74386
18.8462	-2.74699
18.8562	-2.75011
18.8662	-2.75323
18.8761	-2.75636
18.8861	-2.75949
18.8961	-2.76262
18.9061	-2.76575
18.9161	-2.76888
18.926	-2.77202
18.936	-2.77515
18.946	-2.77829
18.956	-2.78143
18.966	-2.78458
18.976	-2.78772
18.9859	-2.79087
18.9959	-2.79402
19.0059	-2.79717
19.0159	-2.80032
19.0259	-2.80347
19.0358	-2.80663
19.0458	-2.80979
19.0558	-2.81295
19.0658	-2.81611
19.0758	-2.81927
19.0858	-2.82244
19.0957	-2.8256
19.1057	-2.82877
19.1157	-2.83194
19.1257	-2.83511
19.1357	-2.83829
19.1456	-2.84146
19.1556	-2.84464
19.1656	-2.84782
19.1756	-2.851
19.1856	-2.85419
19.1956	-2.85737
19.2055	-2.86056
19.2155	-2.86375
19.2255	-2.86694
19.2355	-2.87013
19.2455	-2.87332
19.2555	-2.87652
19.2654	-2.87972
19.2754	-2.88292
19.2854	-2.88612
19.2954	-2.88932
19.3054	-2.89253
19.3153	-2.89574
19.3253	-2.89895
19.3353	-2.90216
19.3453	-2.90537
19.3553	-2.90858
19.3653	-2.9118
19.3752	-2.91502
19.3852	-2.91824
19.3952	-2.92146
19.4052	-2.92468
19.4152	-2.92791
19.4251	-2.93114
19.4351	-2.93437
19.4451	-2.9376
19.4551	-2.94083
19.4651	-2.94406
19.4751	-2.9473
19.485	-2.95054
19.495	-2.95378
19.505	-2.95702
19.515	-2.96026
19.525	-2.96351
19.5349	-2.96676
19.5449	-2.97001
19.5549	-2.97326
19.5649	-2.97651
19.5749	-2.97977
19.5849	-2.98302
19.5948	-2.98628
19.6048	-2.98954
19.6148	-2.9928
19.6248	-2.99607
19.6348	-2.99933
19.6447	-3.0026
19.6547	-3.00587
19.6647	-3.00914
19.6747	-3.01241
19.6847	-3.01569
19.6947	-3.01896
19.7046	-3.02224
19.7146	-3.02552
19.7246	-3.0288
19.7346	-3.03209
19.7446	-3.03537
19.7546	-3.03866
19.7645	-3.04195
19.7745	-3.04524
19.7845	-3.04853
19.7945	-3.05183
19.8045	-3.05513
19.8144	-3.05842
19.8244	-3.06172
19.8344	-3.06503
19.8444	-3.06833
19.8544	-3.07164
19.8644	-3.07494
19.8743	-3.07825
19.8843	-3.08156
19.8943	-3.08488
19.9043	-3.08819
19.9143	-3.09151
19.9242	-3.09482
19.9342	-3.09814
19.9442	-3.10147
19.9542	-3.10479
19.9642	-3.10812
19.9742	-3.11144
19.9841	-3.11477
19.9941	-3.1181
20.0041	-3.12143
20.0141	-3.12477
20.0241	-3.12811
20.034	-3.13144
20.044	-3.13478
20.054	-3.13812
20.064	-3.14147
20.074	-3.14481
20.084	-3.14816
20.0939	-3.15151
20.1039	-3.15486
20.1139	-3.15821
20.1239	-3.16157
20.1339	-3.16492
20.1438	-3.16828
20.1538	-3.17164
20.1638	-3.175
20.1738	-3.17836
20.1838	-3.18173
20.1938	-3.1851
20.2037	-3.18846
20.2137	-3.19183
20.2237	-3.19521
20.2337	-3.19858
20.2437	-3.20196
20.2537	-3.20533
20.2636	-3.20871
20.2736	-3.21209
20.2836	-3.21548
20.2936	-3.21886
20.3036	-3.22225
20.3135	-3.22564
20.3235	-3.22903
20.3335	-3.23242
20.3435	-3.23581
20.3535	-3.23921
20.3635	-3.2426
20.3734	-3.246
20.3834	-3.2494
20.3934	-3.25281
20.4034	-3.25621
20.4134	-3.25962
20.4233	-3.26302
20.4333	-3.26643
20.4433	-3.26985
20.4533	-3.27326
20.4633	-3.27667
20.4733	-3.28009
20.4832	-3.28351
20.4932	-3.28693
20.5032	-3.29035
20.5132	-3.29378
20.5232	-3.2972
20.5331	-3.30063
20.5431	-3.30406
20.5531	-3.30749
20.5631	-3.31092
20.5731	-3.31436
20.5831	-3.31779
20.593	-3.32123
20.603	-3.32467
20.613	-3.32811
20.623	-3.33155
20.633	-3.335
20.6429	-3.33845
20.6529	-3.34189
20.6629	-3.34535
20.6729	-3.3488
20.6829	-3.35225
20.6929	-3.35571
20.7028	-3.35916
20.7128	-3.36262
20.7228	-3.36608
20.7328	-3.36955
20.7428	-3.37301
20.7528	-3.37648
20.7627	-3.37995
20.7727	-3.38342
20.7827	-3.38689
20.7927	-3.39036
20.8027	-3.39384
20.8126	-3.39731
20.8226	-3.40079
20.8326	-3.40427
20.8426	-3.40775
20.8526	-3.41124
20.8626	-3.41472
20.8725	-3.41821
20.8825	-3.4217
20.8925	-3.42519
20.9025	-3.42868
20.9125	-3.43218
20.9224	-3.43567
20.9324	-3.43917
20.9424	-3.44267
20.9524	-3.44617
20.9624	-3.44968
20.9724	-3.45318
20.9823	-3.45669
20.9923	-3.4602
21.0023	-3.46371
21.0123	-3.46722
21.0223	-3.47073
21.0322	-3.47425
21.0422	-3.47776
21.0522	-3.48128
21.0622	-3.4848
21.0722	-3.48833
21.0822	-3.49185
21.0921	-3.49538
21.1021	-3.4989
21.1121	-3.50243
21.1221	-3.50596
21.1321	-3.5095
21.142	-3.51303
21.152	-3.51657
21.162	-3.52011
21.172	-3.52365
21.182	-3.52719
21.192	-3.53073
21.2019	-3.53428
21.2119	-3.53782
21.2219	-3.54137
21.2319	-3.54492
21.2419	-3.54847
21.2519	-3.55203
21.2618	-3.55558
21.2718	-3.55914
21.2818	-3.5627
21.2918	-3.56626
21.3018	-3.56982
21.3117	-3.57338
21.3217	-3.57695
21.3317	-3.58052
21.3417	-3.58409
21.3517	-3.58766
21.3617	-3.59123
21.3716	-3.5948
21.3816	-3.59838
21.3916	-3.60196
21.4016	-3.60554
21.4116	-3.60912
21.4215	-3.6127
21.4315	-3.61629
21.4415	-3.61987
21.4515	-3.62346
21.4615	-3.62705
21.4715	-3.63064
21.4814	-3.63424
21.4914	-3.63783
21.5014	-3.64143
21.5114	-3.64503
21.5214	-3.64863
21.5313	-3.65223
21.5413	-3.65583
21.5513	-3.65944
21.5613	-3.66305
21.5713	-3.66665
21.5813	-3.67026
21.5912	-3.67388
21.6012	-3.67749
21.6112	-3.68111
21.6212	-3.68472
21.6312	-3.68834
21.6411	-3.69196
21.6511	-3.69559
21.6611	-3.69921
21.6711	-3.70284
21.6811	-3.70646
21.6911	-3.71009
21.701	-3.71372
21.711	-3.71736
21.721	-3.72099
21.731	-3.72463
21.741	-3.72826
21.751	-3.7319
21.7609	-3.73554
21.7709	-3.73919
21.7809	-3.74283
21.7909	-3.74648
21.8009	-3.75013
21.8108	-3.75378
21.8208	-3.75743
21.8308	-3.76108
21.8408	-3.76473
21.8508	-3.76839
21.8608	-3.77205
21.8707	-3.77571
21.8807	-3.77937
21.8907	-3.78303
21.9007	-3.7867
21.9107	-3.79037
21.9206	-3.79403
21.9306	-3.7977
21.9406	-3.80137
21.9506	-3.80505
21.9606	-3.80872
21.9706	-3.8124
21.9805	-3.81608
21.9905	-3.81976
22.0005	-3.82344
22.0105	-3.82712
22.0205	-3.83081
22.0304	-3.8345
22.0404	-3.83818
22.0504	-3.84187
22.0604	-3.84557
22.0704	-3.84926
22.0804	-3.85295
22.0903	-3.85665
22.1003	-3.86035
22.1103	-3.86405
22.1203	-3.86775
22.1303	-3.87146
22.1402	-3.87516
22.1502	-3.87887
22.1602	-3.88258
22.1702	-3.88629
22.1802	-3.89
22.1902	-3.89371
22.2001	-3.89743
22.2101	-3.90114
22.2201	-3.90486
22.2301	-3.90858
22.2401	-3.9123
22.2501	-3.91603
22.26	-3.91975
22.27	-3.92348
22.28	-3.92721
22.29	-3.93094
22.3	-3.93467
22.3099	-3.9384
22.3199	-3.94214
22.3299	-3.94588
22.3399	-3.94962
22.3499	-3.95336
22.3599	-3.9571
22.3698	-3.96084
22.3798	-3.96459
22.3898	-3.96833
22.3998	-3.97208
22.4098	-3.97583
22.4197	-3.97958
22.4297	-3.98334
22.4397	-3.98709
22.4497	-3.99085
22.4597	-3.99461
22.4697	-3.99837
22.4796	-4.00213
22.4896	-4.00589
22.4996	-4.00966
22.5096	-4.01342
22.5196	-4.01719
22.5295	-4.02096
22.5395	-4.02473
22.5495	-4.02851
22.5595	-4.03228
22.5695	-4.03606
22.5795	-4.03984
22.5894	-4.04362
22.5994	-4.0474
22.6094	-4.05118
22.6194	-4.05496
22.6294	-4.05875
22.6393	-4.06254
22.6493	-4.06633
22.6593	-4.07012
22.6693	-4.07391
22.6793	-4.07771
22.6893	-4.0815
22.6992	-4.0853
22.7092	-4.0891
22.7192	-4.0929
22.7292	-4.0967
22.7392	-4.10051
22.7491	-4.10431
22.7591	-4.10812
22.7691	-4.11193
22.7791	-4.11574
22.7891	-4.11955
22.7991	-4.12337
22.809	-4.12718
22.819	-4.131
22.829	-4.13482
22.839	-4.13864
22.849	-4.14246
22.859	-4.14629
22.8689	-4.15011
22.8789	-4.15394
22.8889	-4.15777
22.8989	-4.1616
22.9089	-4.16543
22.9188	-4.16926
22.9288	-4.1731
22.9388	-4.17694
22.9488	-4.18077
22.9588	-4.18461
22.9688	-4.18846
22.9787	-4.1923
22.9887	-4.19614
22.9987	-4.19999
23.0087	-4.20384
23.0187	-4.20769
23.0286	-4.21154
23.0386	-4.21539
23.0486	-4.21925
23.0586	-4.2231
23.0686	-4.22696
23.0786	-4.23082
23.0885	-4.23468
23.0985	-4.23854
23.1085	-4.24241
23.1185	-4.24627
23.1285	-4.25014
23.1384	-4.25401
23.1484	-4.25788
23.1584	-4.26175
23.1684	-4.26562
23.1784	-4.2695
23.1884	-4.27338
23.1983	-4.27725
23.2083	-4.28113
23.2183	-4.28502
23.2283	-4.2889
23.2383	-4.29278
23.2482	-4.29667
23.2582	-4.30056
23.2682	-4.30445
23.2782	-4.30834
23.2882	-4.31223
23.2982	-4.31613
23.3081	-4.32002
23.3181	-4.32392
23.3281	-4.32782
23.3381	-4.33172
23.3481	-4.33562
23.3581	-4.33952
23.368	-4.34343
23.378	-4.34734
23.388	-4.35125
23.398	-4.35516
23.408	-4.35907
23.4179	-4.36298
23.4279	-4.3669
23.4379	-4.37081
23.4479	-4.37473
23.4579	-4.37865
23.4679	-4.38257
23.4778	-4.38649
23.4878	-4.39042
23.4978	-4.39434
23.5078	-4.39827
23.5178	-4.4022
23.5277	-4.40613
23.5377	-4.41006
23.5477	-4.414
23.5577	-4.41793
23.5677	-4.42187
23.5777	-4.42581
23.5876	-4.42975
23.5976	-4.43369
23.6076	-4.43763
23.6176	-4.44158
23.6276	-4.44552
23.6375	-4.44947
23.6475	-4.45342
23.6575	-4.45737
23.6675	-4.46132
23.6775	-4.46528
23.6875	-4.46923
23.6974	-4.47319
23.7074	-4.47715
23.7174	-4.48111
23.7274	-4.48507
23.7374	-4.48903
23.7473	-4.493
23.7573	-4.49696
23.7673	-4.50093
23.7773	-4.5049
23.7873	-4.50887
23.7973	-4.51284
23.8072	-4.51682
23.8172	-4.52079
23.8272	-4.52477
23.8372	-4.52875
23.8472	-4.53273
23.8572	-4.53671
23.8671	-4.5407
23.8771	-4.54468
23.8871	-4.54867
23.8971	-4.55266
23.9071	-4.55664
23.917	-4.56064
23.927	-4.56463
23.937	-4.56862
23.947	-4.57262
23.957	-4.57662
23.967	-4.58061
23.9769	-4.58461
23.9869	-4.58862
23.9969	-4.59262
24.0069	-4.59662
24.0169	-4.60063
24.0268	-4.60464
24.0368	-4.60865
24.0468	-4.61266
24.0568	-4.61667
24.0668	-4.62069
24.0768	-4.6247
24.0867	-4.62872
24.0967	-4.63274
24.1067	-4.63676
24.1167	-4.64078
24.1267	-4.6448
24.1366	-4.64883
24.1466	-4.65285
24.1566	-4.65688
24.1666	-4.66091
24.1766	-4.66494
24.1866	-4.66897
24.1965	-4.67301
24.2065	-4.67704
24.2165	-4.68108
24.2265	-4.68512
24.2365	-4.68915
24.2464	-4.6932
24.2564	-4.69724
24.2664	-4.70128
24.2764	-4.70533
24.2864	-4.70938
24.2964	-4.71342
24.3063	-4.71748
24.3163	-4.72153
24.3263	-4.72558
24.3363	-4.72964
24.3463	-4.73369
24.3563	-4.73775
24.3662	-4.74181
24.3762	-4.74587
24.3862	-4.74993
24.3962	-4.754
24.4062	-4.75806
24.4161	-4.76213
24.4261	-4.7662
24.4361	-4.77027
24.4461	-4.77434
24.4561	-4.77841
24.4661	-4.78248
24.476	-4.78656
24.486	-4.79064
24.496	-4.79471
24.506	-4.79879
24.516	-4.80288
24.5259	-4.80696
24.5359	-4.81104
24.5459	-4.81513
24.5559	-4.81922
24.5659	-4.82331
24.5759	-4.8274
24.5858	-4.83149
24.5958	-4.83558
24.6058	-4.83968
24.6158	-4.84377
24.6258	-4.84787
24.6357	-4.85197
24.6457	-4.85607
24.6557	-4.86017
24.6657	-4.86428
24.6757	-4.86838
24.6857	-4.87249
24.6956	-4.8766
24.7056	-4.88071
24.7156	-4.88482
24.7256	-4.88893
24.7356	-4.89305
24.7455	-4.89716
24.7555	-4.90128
24.7655	-4.9054
24.7755	-4.90952
24.7855	-4.91364
24.7955	-4.91776
24.8054	-4.92189
24.8154	-4.92601
24.8254	-4.93014
24.8354	-4.93427
24.8454	-4.9384
24.8554	-4.94253
24.8653	-4.94666
24.8753	-4.9508
24.8853	-4.95493
24.8953	-4.95907
24.9053	-4.96321
24.9152	-4.96735
24.9252	-4.97149
24.9352	-4.97563
24.9452	-4.97978
24.9552	-4.98392
24.9652	-4.98807
24.9751	-4.99222
24.9851	-4.99637
24.9951	-5.00052
25.0051	-5.00468
25.0151	-5.00883
25.025	-5.01299
25.035	-5.01714
25.045	-5.0213
25.055	-5.02546
25.065	-5.02963
25.075	-5.03379
25.0849	-5.03795
25.0949	-5.04212
25.1049	-5.04629
25.1149	-5.05046
25.1249	-5.05463
25.1348	-5.0588
25.1448	-5.06297
25.1548	-5.06715
25.1648	-5.07132
25.1748	-5.0755
25.1848	-5.07968
25.1947	-5.08386
25.2047	-5.08804
25.2147	-5.09223
25.2247	-5.09641
25.2347	-5.1006
25.2446	-5.10479
25.2546	-5.10897
25.2646	-5.11317
25.2746	-5.11736
25.2846	-5.12155
25.2946	-5.12575
25.3045	-5.12994
25.3145	-5.13414
25.3245	-5.13834
25.3345	-5.14254
25.3445	-5.14674
25.3545	-5.15094
25.3644	-5.15515
25.3744	-5.15935
25.3844	-5.16356
25.3944	-5.16777
25.4044	-5.17198
25.4143	-5.17619
25.4243	-5.18041
25.4343	-5.18462
25.4443	-5.18884
25.4543	-5.19305
25.4643	-5.19727
25.4742	-5.20149
25.4842	-5.20571
25.4942	-5.20994
25.5042	-5.21416
25.5142	-5.21839
25.5241	-5.22261
25.5341	-5.22684
25.5441	-5.23107
25.5541	-5.2353
25.5641	-5.23953
25.5741	-5.24377
25.584	-5.248
25.594	-5.25224
25.604	-5.25648
25.614	-5.26072
25.624	-5.26496
25.6339	-5.2692
25.6439	-5.27345
25.6539	-5.27769
25.6639	-5.28194
25.6739	-5.28619
25.6839	-5.29043
25.6938	-5.29468
25.7038	-5.29894
25.7138	-5.30319
25.7238	-5.30745
25.7338	-5.3117
25.7437	-5.31596
25.7537	-5.32022
25.7637	-5.32448
25.7737	-5.32874
25.7837	-5.333
25.7937	-5.33727
25.8036	-5.34153
25.8136	-5.3458
25.8236	-5.35007
25.8336	-5.35434
25.8436	-5.35861
25.8536	-5.36288
25.8635	-5.36716
25.8735	-5.37143
25.8835	-5.37571
25.8935	-5.37999
25.9035	-5.38427
25.9134	-5.38855
25.9234	-5.39283
25.9334	-5.39711
25.9434	-5.4014
25.9534	-5.40568
25.9634	-5.40997
25.9733	-5.41426
25.9833	-5.41855
25.9933	-5.42284
26.0033	-5.42713
26.0133	-5.43143
26.0232	-5.43572
26.0332	-5.44002
26.0432	-5.44432
26.0532	-5.44862
26.0632	-5.45292
26.0732	-5.45722
26.0831	-5.46153
26.0931	-5.46583
26.1031	-5.47014
26.1131	-5.47445
26.1231	-5.47875
26.133	-5.48307
26.143	-5.48738
26.153	-5.49169
26.163	-5.496
26.173	-5.50032
26.183	-5.50464
26.1929	-5.50896
26.2029	-5.51328
26.2129	-5.5176
26.2229	-5.52192
26.2329	-5.52624
26.2428	-5.53057
26.2528	-5.5349
26.2628	-5.53922
26.2728	-5.54355
26.2828	-5.54788
26.2928	-5.55221
26.3027	-5.55655
26.3127	-5.56088
26.3227	-5.56522
26.3327	-5.56955
26.3427	-5.57389
26.3527	-5.57823
26.3626	-5.58257
26.3726	-5.58692
26.3826	-5.59126
26.3926	-5.5956
26.4026	-5.59995
26.4125	-5.6043
26.4225	-5.60865
26.4325	-5.613
26.4425	-5.61735
26.4525	-5.6217
26.4625	-5.62606
26.4724	-5.63041
26.4824	-5.63477
26.4924	-5.63913
26.5024	-5.64349
26.5124	-5.64785
26.5223	-5.65221
26.5323	-5.65657
26.5423	-5.66094
26.5523	-5.6653
26.5623	-5.66967
26.5723	-5.67404
26.5822	-5.67841
26.5922	-5.68278
26.6022	-5.68715
26.6122	-5.69153
26.6222	-5.6959
26.6321	-5.70028
26.6421	-5.70465
26.6521	-5.70903
26.6621	-5.71341
26.6721	-5.7178
26.6821	-5.72218
26.692	-5.72656
26.702	-5.73095
26.712	-5.73533
26.722	-5.73972
26.732	-5.74411
26.7419	-5.7485
26.7519	-5.75289
26.7619	-5.75729
26.7719	-5.76168
26.7819	-5.76608
26.7919	-5.77047
26.8018	-5.77487
26.8118	-5.77927
26.8218	-5.78367
26.8318	-5.78807
26.8418	-5.79248
26.8518	-5.79688
26.8617	-5.80129
26.8717	-5.80569
26.8817	-5.8101
26.8917	-5.81451
26.9017	-5.81892
26.9116	-5.82334
26.9216	-5.82775
26.9316	-5.83216
26.9416	-5.83658
26.9516	-5.841
26.9616	-5.84542
26.9715	-5.84984
26.9815	-5.85426
26.9915	-5.85868
27.0015	-5.8631
27.0115	-5.86753
27.0214	-5.87195
27.0314	-5.87638
27.0414	-5.88081
27.0514	-5.88524
27.0614	-5.88967
27.0714	-5.8941
27.0813	-5.89854
27.0913	-5.90297
27.1013	-5.90741
27.1113	-5.91185
27.1213	-5.91628
27.1312	-5.92072
27.1412	-5.92516
27.1512	-5.92961
27.1612	-5.93405
27.1712	-5.9385
27.1812	-5.94294
27.1911	-5.94739
27.2011	-5.95184
27.2111	-5.95629
27.2211	-5.96074
27.2311	-5.96519
27.241	-5.96964
27.251	-5.9741
27.261	-5.97856
27.271	-5.98301
27.281	-5.98747
27.291	-5.99193
27.3009	-5.99639
27.3109	-6.00085
27.3209	-6.00532
27.3309	-6.00978
27.3409	-6.01425
27.3509	-6.01872
27.3608	-6.02318
27.3708	-6.02765
27.3808	-6.03212
27.3908	-6.0366
27.4008	-6.04107
27.4107	-6.04554
27.4207	-6.05002
27.4307	-6.0545
27.4407	-6.05897
27.4507	-6.06345
27.4607	-6.06793
27.4706	-6.07242
27.4806	-6.0769
27.4906	-6.08138
27.5006	-6.08587
27.5106	-6.09036
27.5205	-6.09484
27.5305	-6.09933
27.5405	-6.10382
27.5505	-6.10831
27.5605	-6.11281
27.5705	-6.1173
27.5804	-6.1218
27.5904	-6.12629
27.6004	-6.13079
27.6104	-6.13529
27.6204	-6.13979
27.6303	-6.14429
27.6403	-6.14879
27.6503	-6.1533
27.6603	-6.1578
27.6703	-6.16231
27.6803	-6.16681
27.6902	-6.17132
27.7002	-6.17583
27.7102	-6.18034
27.7202	-6.18485
27.7302	-6.18937
27.7401	-6.19388
27.7501	-6.1984
27.7601	-6.20291
27.7701	-6.20743
27.7801	-6.21195
27.7901	-6.21647
27.8	-6.22099
27.81	-6.22552
27.82	-6.23004
27.83	-6.23457
27.84	-6.23909
27.8499	-6.24362
27.8599	-6.24815
27.8699	-6.25268
27.8799	-6.25721
27.8899	-6.26174
27.8999	-6.26627
27.9098	-6.27081
27.9198	-6.27534
27.9298	-6.27988
27.9398	-6.28442
27.9498	-6.28896
27.9598	-6.2935
27.9697	-6.29804
27.9797	-6.30258
27.9897	-6.30713
27.9997	-6.31167
28.0097	-6.31622
28.0196	-6.32077
28.0296	-6.32531
28.0396	-6.32986
28.0496	-6.33441
28.0596	-6.33897
28.0696	-6.34352
28.0795	-6.34807
28.0895	-6.35263
28.0995	-6.35719
28.1095	-6.36174
28.1195	-6.3663
28.1294	-6.37086
28.1394	-6.37542
28.1494	-6.37999
28.1594	-6.38455
28.1694	-6.38912
28.1794	-6.39368
28.1893	-6.39825
28.1993	-6.40282
28.2093	-6.40739
28.2193	-6.41196
28.2293	-6.41653
28.2392	-6.4211
28.2492	-6.42568
28.2592	-6.43025
28.2692	-6.43483
28.2792	-6.4394
28.2892	-6.44398
28.2991	-6.44856
28.3091	-6.45314
28.3191	-6.45773
28.3291	-6.46231
28.3391	-6.46689
28.349	-6.47148
28.359	-6.47606
28.369	-6.48065
28.379	-6.48524
28.389	-6.48983
28.399	-6.49442
28.4089	-6.49901
28.4189	-6.50361
28.4289	-6.5082
28.4389	-6.5128
28.4489	-6.51739
28.4589	-6.52199
28.4688	-6.52659
28.4788	-6.53119
28.4888	-6.53579
28.4988	-6.5404
28.5088	-6.545
28.5187	-6.5496
28.5287	-6.55421
28.5387	-6.55882
28.5487	-6.56342
28.5587	-6.56803
28.5687	-6.57264
28.5786	-6.57726
28.5886	-6.58187
28.5986	-6.58648
28.6086	-6.5911
28.6186	-6.59571
28.6285	-6.60033
28.6385	-6.60495
28.6485	-6.60957
28.6585	-6.61419
28.6685	-6.61881
28.6785	-6.62343
28.6884	-6.62805
28.6984	-6.63268
28.7084	-6.6373
28.7184	-6.64193
28.7284	-6.64656
28.7383	-6.65119
28.7483	-6.65582
28.7583	-6.66045
28.7683	-6.66508
28.7783	-6.66972
28.7883	-6.67435
28.7982	-6.67899
28.8082	-6.68362
28.8182	-6.68826
28.8282	-6.6929
28.8382	-6.69754
28.8481	-6.70218
28.8581	-6.70682
28.8681	-6.71147
28.8781	-6.71611
28.8881	-6.72076
28.8981	-6.7254
28.908	-6.73005
28.918	-6.7347
28.928	-6.73935
28.938	-6.744
28.948	-6.74865
28.958	-6.75331
28.9679	-6.75796
28.9779	-6.76262
28.9879	-6.76727
28.9979	-6.77193
29.0079	-6.77659
29.0178	-6.78125
29.0278	-6.78591
29.0378	-6.79057
29.0478	-6.79523
29.0578	-6.7999
29.0678	-6.80456
29.0777	-6.80923
29.0877	-6.81389
29.0977	-6.81856
29.1077	-6.82323
29.1177	-6.8279
29.1276	-6.83257
29.1376	-6.83725
29.1476	-6.84192
29.1576	-6.84659
29.1676	-6.85127
29.1776	-6.85595
29.1875	-6.86062
29.1975	-6.8653
29.2075	-6.86998
29.2175	-6.87466
29.2275	-6.87935
29.2374	-6.88403
29.2474	-6.88871
29.2574	-6.8934
29.2674	-6.89809
29.2774	-6.90277
29.2874	-6.90746
29.2973	-6.91215
29.3073	-6.91684
29.3173	-6.92153
29.3273	-6.92623
29.3373	-6.93092
29.3472	-6.93561
29.3572	-6.94031
29.3672	-6.94501
29.3772	-6.9497
29.3872	-6.9544
29.3972	-6.9591
29.4071	-6.9638
29.4171	-6.96851
29.4271	-6.97321
29.4371	-6.97791
29.4471	-6.98262
29.4571	-6.98732
29.467	-6.99203
29.477	-6.99674
29.487	-7.00145
29.497	-7.00616
29.507	-7.01087
29.5169	-7.01558
29.5269	-7.0203
29.5369	-7.02501
29.5469	-7.02973
29.5569	-7.03444
29.5669	-7.03916
29.5768	-7.04388
29.5868	-7.0486
29.5968	-7.05332
29.6068	-7.05804
29.6168	-7.06276
29.6267	-7.06749
29.6367	-7.07221
29.6467	-7.07694
29.6567	-7.08167
29.6667	-7.08639
29.6767	-7.09112
29.6866	-7.09585
29.6966	-7.10058
29.7066	-7.10531
29.7166	-7.11005
29.7266	-7.11478
29.7365	-7.11952
29.7465	-7.12425
29.7565	-7.12899
29.7665	-7.13373
29.7765	-7.13847
29.7865	-7.14321
29.7964	-7.14795
29.8064	-7.15269
29.8164	-7.15743
29.8264	-7.16218
29.8364	-7.16692
29.8463	-7.17167
29.8563	-7.17641
29.8663	-7.18116
29.8763	-7.18591
29.8863	-7.19066
29.8963	-7.19541
29.9062	-7.20017
29.9162	-7.20492
29.9262	-7.20967
29.9362	-7.21443
29.9462	-7.21918
29.9562	-7.22394
29.9661	-7.2287
29.9761	-7.23346
29.9861	-7.23822
29.9961	-7.24298
30.0061	-7.24774
30.016	-7.2525
30.026	-7.25727
30.036	-7.26203
30.046	-7.2668
30.056	-7.27157
30.066	-7.27633
30.0759	-7.2811
30.0859	-7.28587
30.0959	-7.29064
30.1059	-7.29542
30.1159	-7.30019
30.1258	-7.30496
30.1358	-7.30974
30.1458	-7.31451
30.1558	-7.31929
30.1658	-7.32407
30.1758	-7.32885
30.1857	-7.33363
30.1957	-7.33841
30.2057	-7.34319
30.2157	-7.34797
30.2257	-7.35275
30.2356	-7.35754
30.2456	-7.36232
30.2556	-7.36711
30.2656	-7.3719
30.2756	-7.37669
30.2856	-7.38148
30.2955	-7.38627
30.3055	-7.39106
30.3155	-7.39585
30.3255	-7.40064
30.3355	-7.40544
30.3454	-7.41023
30.3554	-7.41503
30.3654	-7.41983
30.3754	-7.42463
30.3854	-7.42942
30.3954	-7.43422
30.4053	-7.43903
30.4153	-7.44383
30.4253	-7.44863
30.4353	-7.45343
30.4453	-7.45824
30.4553	-7.46304
30.4652	-7.46785
30.4752	-7.47266
30.4852	-7.47747
30.4952	-7.48228
30.5052	-7.48709
30.5151	-7.4919
30.5251	-7.49671
30.5351	-7.50153
30.5451	-7.50634
30.5551	-7.51116
30.5651	-7.51597
30.575	-7.52079
30.585	-7.52561
30.595	-7.53043
30.605	-7.53525
30.615	-7.54007
30.6249	-7.54489
30.6349	-7.54971
30.6449	-7.55454
30.6549	-7.55936
30.6649	-7.56419
30.6749	-7.56901
30.6848	-7.57384
30.6948	-7.57867
30.7048	-7.5835
30.7148	-7.58833
30.7248	-7.59316
30.7347	-7.59799
30.7447	-7.60282
30.7547	-7.60766
30.7647	-7.61249
30.7747	-7.61733
30.7847	-7.62217
30.7946	-7.627
30.8046	-7.63184
30.8146	-7.63668
30.8246	-7.64152
30.8346	-7.64636
30.8445	-7.65121
30.8545	-7.65605
30.8645	-7.66089
30.8745	-7.66574
30.8845	-7.67058
30.8945	-7.67543
30.9044	-7.68028
30.9144	-7.68513
30.9244	-7.68998
30.9344	-7.69483
30.9444	-7.69968
30.9544	-7.70453
30.9643	-7.70939
30.9743	-7.71424
30.9843	-7.7191
30.9943	-7.72395
31.0043	-7.72881
31.0142	-7.73367
31.0242	-7.73852
31.0342	-7.74338
31.0442	-7.74825
31.0542	-7.75311
31.0642	-7.75797
31.0741	-7.76283
31.0841	-7.7677
31.0941	-7.77256
31.1041	-7.77743
31.1141	-7.78229
31.124	-7.78716
31.134	-7.79203
31.144	-7.7969
31.154	-7.80177
31.164	-7.80664
31.174	-7.81152
31.1839	-7.81639
31.1939	-7.82126
31.2039	-7.82614
31.2139	-7.83101
31.2239	-7.83589
31.2338	-7.84077
31.2438	-7.84565
31.2538	-7.85053
31.2638	-7.85541
31.2738	-7.86029
31.2838	-7.86517
31.2937	-7.87005
31.3037	-7.87494
31.3137	-7.87982
31.3237	-7.88471
31.3337	-7.88959
31.3436	-7.89448
31.3536	-7.89937
31.3636	-7.90426
31.3736	-7.90915
31.3836	-7.91404
31.3936	-7.91893
31.4035	-7.92382
31.4135	-7.92872
31.4235	-7.93361
31.4335	-7.93851
31.4435	-7.9434
31.4535	-7.9483
31.4634	-7.9532
31.4734	-7.9581
31.4834	-7.963
31.4934	-7.9679
31.5034	-7.9728
31.5133	-7.9777
31.5233	-7.9826
31.5333	-7.98751
31.5433	-7.99241
31.5533	-7.99732
31.5633	-8.00222
31.5732	-8.00713
31.5832	-8.01204
31.5932	-8.01695
31.6032	-8.02186
31.6132	-8.02677
31.6231	-8.03168
31.6331	-8.03659
31.6431	-8.04151
31.6531	-8.04642
31.6631	-8.05134
31.6731	-8.05625
31.683	-8.06117
31.693	-8.06609
31.703	-8.07101
31.713	-8.07593
31.723	-8.08085
31.7329	-8.08577
31.7429	-8.09069
31.7529	-8.09561
31.7629	-8.10054
31.7729	-8.10546
31.7829	-8.11039
31.7928	-8.11531
31.8028	-8.12024
31.8128	-8.12517
31.8228	-8.1301
31.8328	-8.13503
31.8427	-8.13996
31.8527	-8.14489
31.8627	-8.14982
31.8727	-8.15475
31.8827	-8.15969
31.8927	-8.16462
31.9026	-8.16956
31.9126	-8.17449
31.9226	-8.17943
31.9326	-8.18437
31.9426	-8.18931
31.9526	-8.19425
31.9625	-8.19919
31.9725	-8.20413
31.9825	-8.20907
31.9925	-8.21401
32.0025	-8.21896
32.0124	-8.2239
32.0224	-8.22885
32.0324	-8.23379
32.0424	-8.23874
32.0524	-8.24369
32.0624	-8.24864
32.0723	-8.25359
32.0823	-8.25854
32.0923	-8.26349
32.1023	-8.26844
32.1123	-8.27339
32.1222	-8.27835
32.1322	-8.2833
32.1422	-8.28826
32.1522	-8.29321
32.1622	-8.29817
32.1722	-8.30313
32.1821	-8.30809
32.1921	-8.31305
32.2021	-8.31801
32.2121	-8.32297
32.2221	-8.32793
32.232	-8.33289
32.242	-8.33786
32.252	-8.34282
32.262	-8.34779
32.272	-8.35275
32.282	-8.35772
32.2919	-8.36269
32.3019	-8.36765
32.3119	-8.37262
32.3219	-8.37759
32.3319	-8.38256
32.3418	-8.38754
32.3518	-8.39251
32.3618	-8.39748
32.3718	-8.40246
32.3818	-8.40743
32.3918	-8.41241
32.4017	-8.41738
32.4117	-8.42236
32.4217	-8.42734
32.4317	-8.43232
32.4417	-8.4373
32.4517	-8.44228
32.4616	-8.44726
32.4716	-8.45224
32.4816	-8.45722
32.4916	-8.46221
32.5016	-8.46719
32.5115	-8.47218
32.5215	-8.47716
32.5315	-8.48215
32.5415	-8.48714
32.5515	-8.49212
32.5615	-8.49711
32.5714	-8.5021
32.5814	-8.50709
32.5914	-8.51209
32.6014	-8.51708
32.6114	-8.52207
32.6213	-8.52706
32.6313	-8.53206
32.6413	-8.53705
32.6513	-8.54205
32.6613	-8.54705
32.6713	-8.55205
32.6812	-8.55704
32.6912	-8.56204
32.7012	-8.56704
32.7112	-8.57204
32.7212	-8.57705
32.7311	-8.58205
32.7411	-8.58705
32.7511	-8.59206
32.7611	-8.59706
32.7711	-8.60207
32.7811	-8.60707
32.791	-8.61208
32.801	-8.61709
32.811	-8.6221
32.821	-8.6271
32.831	-8.63211
32.8409	-8.63713
32.8509	-8.64214
32.8609	-8.64715
32.8709	-8.65216
32.8809	-8.65718
32.8909	-8.66219
32.9008	-8.66721
32.9108	-8.67222
32.9208	-8.67724
32.9308	-8.68226
32.9408	-8.68728
32.9508	-8.6923
32.9607	-8.69732
32.9707	-8.70234
32.9807	-8.70736
32.9907	-8.71238
33.0007	-8.7174
33.0106	-8.72243
33.0206	-8.72745
33.0306	-8.73248
33.0406	-8.7375
33.0506	-8.74253
33.0606	-8.74756
33.0705	-8.75259
33.0805	-8.75761
33.0905	-8.76264
33.1005	-8.76768
33.1105	-8.77271
33.1204	-8.77774
33.1304	-8.78277
33.1404	-8.7878
33.1504	-8.79284
33.1604	-8.79787
33.1704	-8.80291
33.1803	-8.80795
33.1903	-8.81298
33.2003	-8.81802
33.2103	-8.82306
33.2203	-8.8281
33.2302	-8.83314
33.2402	-8.83818
33.2502	-8.84322
33.2602	-8.84827
33.2702	-8.85331
33.2802	-8.85835
33.2901	-8.8634
33.3001	-8.86844
33.3101	-8.87349
33.3201	-8.87854
33.3301	-8.88358
33.34	-8.88863
33.35	-8.89368
33.36	-8.89873
33.37	-8.90378
33.38	-8.90883
33.39	-8.91388
33.3999	-8.91894
33.4099	-8.92399
33.4199	-8.92905
33.4299	-8.9341
33.4399	-8.93916
33.4498	-8.94421
33.4598	-8.94927
33.4698	-8.95433
33.4798	-8.95939
33.4898	-8.96444
33.4998	-8.9695
33.5097	-8.97457
33.5197	-8.97963
33.5297	-8.98469
33.5397	-8.98975
33.5497	-8.99482
33.5597	-8.99988
33.5696	-9.00494
33.5796	-9.01001
33.5896	-9.01508
33.5996	-9.02014
33.6096	-9.02521
33.6195	-9.03028
33.6295	-9.03535
33.6395	-9.04042
33.6495	-9.04549
33.6595	-9.05056
33.6695	-9.05563
33.6794	-9.06071
33.6894	-9.06578
33.6994	-9.07085
33.7094	-9.07593
33.7194	-9.08101
33.7293	-9.08608
33.7393	-9.09116
33.7493	-9.09624
33.7593	-9.10132
33.7693	-9.10639
33.7793	-9.11147
33.7892	-9.11655
33.7992	-9.12164
33.8092	-9.12672
33.8192	-9.1318
33.8292	-9.13688
33.8391	-9.14197
33.8491	-9.14705
33.8591	-9.15214
33.8691	-9.15722
33.8791	-9.16231
33.8891	-9.1674
33.899	-9.17249
33.909	-9.17758
33.919	-9.18267
33.929	-9.18776
33.939	-9.19285
33.9489	-9.19794
33.9589	-9.20303
33.9689	-9.20813
33.9789	-9.21322
33.9889	-9.21831
33.9989	-9.22341
34.0088	-9.2285
34.0188	-9.2336
34.0288	-9.2387
34.0388	-9.2438
34.0488	-9.24889
34.0588	-9.25399
34.0687	-9.25909
34.0787	-9.26419
34.0887	-9.2693
34.0987	-9.2744
34.1087	-9.2795
34.1186	-9.2846
34.1286	-9.28971
34.1386	-9.29481
34.1486	-9.29992
34.1586	-9.30502
34.1686	-9.31013
34.1785	-9.31524
34.1885	-9.32035
34.1985	-9.32546
34.2085	-9.33057
34.2185	-9.33568
34.2284	-9.34079
34.2384	-9.3459
34.2484	-9.35101
34.2584	-9.35612
34.2684	-9.36124
34.2784	-9.36635
34.2883	-9.37147
34.2983	-9.37658
34.3083	-9.3817
34.3183	-9.38681
34.3283	-9.39193
34.3382	-9.39705
34.3482	-9.40217
34.3582	-9.40729
34.3682	-9.41241
34.3782	-9.41753
34.3882	-9.42265
34.3981	-9.42777
34.4081	-9.4329
34.4181	-9.43802
34.4281	-9.44314
34.4381	-9.44827
34.448	-9.45339
34.458	-9.45852
34.468	-9.46365
34.478	-9.46877
34.488	-9.4739
34.498	-9.47903
34.5079	-9.48416
34.5179	-9.48929
34.5279	-9.49442
34.5379	-9.49955
34.5479	-9.50469
34.5579	-9.50982
34.5678	-9.51495
34.5778	-9.52009
34.5878	-9.52522
34.5978	-9.53036
34.6078	-9.53549
34.6177	-9.54063
34.6277	-9.54577
34.6377	-9.5509
34.6477	-9.55604
34.6577	-9.56118
34.6677	-9.56632
34.6776	-9.57146
34.6876	-9.5766
34.6976	-9.58174
34.7076	-9.58689
34.7176	-9.59203
34.7275	-9.59717
34.7375	-9.60232
34.7475	-9.60746
34.7575	-9.61261
34.7675	-9.61775
34.7775	-9.6229
34.7874	-9.62805
34.7974	-9.6332
34.8074	-9.63835
34.8174	-9.6435
34.8274	-9.64865
34.8373	-9.6538
34.8473	-9.65895
34.8573	-9.6641
34.8673	-9.66925
34.8773	-9.67441
34.8873	-9.67956
34.8972	-9.68471
34.9072	-9.68987
34.9172	-9.69503
34.9272	-9.70018
34.9372	-9.70534
34.9471	-9.7105
34.9571	-9.71565
34.9671	-9.72081
34.9771	-9.72597
34.9871	-9.73113
34.9971	-9.73629
35.007	-9.74146
35.017	-9.74662
35.027	-9.75178
35.037	-9.75694
35.047	-9.76211
35.057	-9.76727
35.0669	-9.77244
35.0769	-9.7776
35.0869	-9.78277
35.0969	-9.78794
35.1069	-9.7931
35.1168	-9.79827
35.1268	-9.80344
35.1368	-9.80861
35.1468	-9.81378
35.1568	-9.81895
35.1668	-9.82412
35.1767	-9.8293
35.1867	-9.83447
35.1967	-9.83964
35.2067	-9.84481
35.2167	-9.84999
35.2266	-9.85516
35.2366	-9.86034
35.2466	-9.86552
35.2566	-9.87069
35.2666	-9.87587
35.2766	-9.88105
35.2865	-9.88623
35.2965	-9.89141
35.3065	-9.89659
35.3165	-9.90177
35.3265	-9.90695
35.3364	-9.91213
35.3464	-9.91731
35.3564	-9.9225
35.3664	-9.92768
35.3764	-9.93286
35.3864	-9.93805
35.3963	-9.94323
35.4063	-9.94842
35.4163	-9.95361
35.4263	-9.95879
35.4363	-9.96398
35.4462	-9.96917
35.4562	-9.97436
35.4662	-9.97955
35.4762	-9.98474
35.4862	-9.98993
35.4962	-9.99512
35.5061	-10.0003
35.5161	-10.0055
35.5261	-10.0107
35.5361	-10.0159
35.5461	-10.0211
35.5561	-10.0263
35.566	-10.0315
35.576	-10.0367
35.586	-10.0419
35.596	-10.0471
35.606	-10.0523
35.6159	-10.0575
35.6259	-10.0627
35.6359	-10.0679
35.6459	-10.0731
35.6559	-10.0783
35.6659	-10.0835
35.6758	-10.0887
35.6858	-10.0939
35.6958	-10.0991
35.7058	-10.1043
35.7158	-10.1095
35.7257	-10.1147
35.7357	-10.1199
35.7457	-10.1251
35.7557	-10.1303
35.7657	-10.1355
35.7757	-10.1407
35.7856	-10.1459
35.7956	-10.1511
35.8056	-10.1563
35.8156	-10.1616
35.8256	-10.1668
35.8355	-10.172
35.8455	-10.1772
35.8555	-10.1824
35.8655	-10.1876
35.8755	-10.1928
35.8855	-10.198
35.8954	-10.2033
35.9054	-10.2085
35.9154	-10.2137
35.9254	-10.2189
35.9354	-10.2241
35.9453	-10.2293
35.9553	-10.2346
35.9653	-10.2398
35.9753	-10.245
35.9853	-10.2502
35.9953	-10.2554
36.0052	-10.2607
36.0152	-10.2659
36.0252	-10.2711
36.0352	-10.2763
36.0452	-10.2815
36.0552	-10.2868
36.0651	-10.292
36.0751	-10.2972
36.0851	-10.3024
36.0951	-10.3077
36.1051	-10.3129
36.115	-10.3181
36.125	-10.3234
36.135	-10.3286
36.145	-10.3338
36.155	-10.339
36.165	-10.3443
36.1749	-10.3495
36.1849	-10.3547
36.1949	-10.36
36.2049	-10.3652
36.2149	-10.3704
36.2248	-10.3757
36.2348	-10.3809
36.2448	-10.3861
36.2548	-10.3914
36.2648	-10.3966
36.2748	-10.4018
36.2847	-10.4071
36.2947	-10.4123
36.3047	-10.4176
36.3147	-10.4228
36.3247	-10.428
36.3346	-10.4333
36.3446	-10.4385
36.3546	-10.4437
36.3646	-10.449
36.3746	-10.4542
36.3846	-10.4595
36.3945	-10.4647
36.4045	-10.47
36.4145	-10.4752
36.4245	-10.4804
36.4345	-10.4857
36.4444	-10.4909
36.4544	-10.4962
36.4644	-10.5014
36.4744	-10.5067
36.4844	-10.5119
36.4944	-10.5172
36.5043	-10.5224
36.5143	-10.5277
36.5243	-10.5329
36.5343	-10.5382
36.5443	-10.5434
36.5543	-10.5487
36.5642	-10.5539
36.5742	-10.5592
36.5842	-10.5644
36.5942	-10.5697
36.6042	-10.5749
36.6141	-10.5802
36.6241	-10.5855
36.6341	-10.5907
36.6441	-10.596
36.6541	-10.6012
36.6641	-10.6065
36.674	-10.6117
36.684	-10.617
36.694	-10.6223
36.704	-10.6275
36.714	-10.6328
36.7239	-10.638
36.7339	-10.6433
36.7439	-10.6486
36.7539	-10.6538
36.7639	-10.6591
36.7739	-10.6643
36.7838	-10.6696
36.7938	-10.6749
36.8038	-10.6801
36.8138	-10.6854
36.8238	-10.6907
36.8337	-10.6959
36.8437	-10.7012
36.8537	-10.7065
36.8637	-10.7117
36.8737	-10.717
36.8837	-10.7223
36.8936	-10.7275
36.9036	-10.7328
36.9136	-10.7381
36.9236	-10.7434
36.9336	-10.7486
36.9435	-10.7539
36.9535	-10.7592
36.9635	-10.7645
36.9735	-10.7697
36.9835	-10.775
36.9935	-10.7803
37.0034	-10.7855
37.0134	-10.7908
37.0234	-10.7961
37.0334	-10.8014
37.0434	-10.8067
37.0534	-10.8119
37.0633	-10.8172
37.0733	-10.8225
37.0833	-10.8278
37.0933	-10.8331
37.1033	-10.8383
37.1132	-10.8436
37.1232	-10.8489
37.1332	-10.8542
37.1432	-10.8595
37.1532	-10.8647
37.1632	-10.87
37.1731	-10.8753
37.1831	-10.8806
37.1931	-10.8859
37.2031	-10.8912
37.2131	-10.8965
37.223	-10.9017
37.233	-10.907
37.243	-10.9123
37.253	-10.9176
37.263	-10.9229
37.273	-10.9282
37.2829	-10.9335
37.2929	-10.9388
37.3029	-10.944
37.3129	-10.9493
37.3229	-10.9546
37.3328	-10.9599
37.3428	-10.9652
37.3528	-10.9705
37.3628	-10.9758
37.3728	-10.9811
37.3828	-10.9864
37.3927	-10.9917
37.4027	-10.997
37.4127	-11.0023
37.4227	-11.0076
37.4327	-11.0129
37.4426	-11.0182
37.4526	-11.0235
37.4626	-11.0288
37.4726	-11.0341
37.4826	-11.0394
37.4926	-11.0447
37.5025	-11.05
37.5125	-11.0553
37.5225	-11.0606
37.5325	-11.0659
37.5425	-11.0712
37.5525	-11.0765
37.5624	-11.0818
37.5724	-11.0871
37.5824	-11.0924
37.5924	-11.0977
37.6024	-11.103
37.6123	-11.1083
37.6223	-11.1136
37.6323	-11.1189
37.6423	-11.1242
37.6523	-11.1295
37.6623	-11.1348
37.6722	-11.1402
37.6822	-11.1455
37.6922	-11.1508
37.7022	-11.1561
37.7122	-11.1614
37.7221	-11.1667
37.7321	-11.172
37.7421	-11.1773
37.7521	-11.1826
37.7621	-11.188
37.7721	-11.1933
37.782	-11.1986
37.792	-11.2039
37.802	-11.2092
37.812	-11.2145
37.822	-11.2198
37.8319	-11.2252
37.8419	-11.2305
37.8519	-11.2358
37.8619	-11.2411
37.8719	-11.2464
37.8819	-11.2518
37.8918	-11.2571
37.9018	-11.2624
37.9118	-11.2677
37.9218	-11.273
37.9318	-11.2784
37.9417	-11.2837
37.9517	-11.289
37.9617	-11.2943
37.9717	-11.2996
37.9817	-11.305
37.9917	-11.3103
38.0016	-11.3156
38.0116	-11.3209
38.0216	-11.3263
38.0316	-11.3316
38.0416	-11.3369
38.0516	-11.3423
38.0615	-11.3476
38.0715	-11.3529
38.0815	-11.3582
38.0915	-11.3636
38.1015	-11.3689
38.1114	-11.3742
38.1214	-11.3796
38.1314	-11.3849
38.1414	-11.3902
38.1514	-11.3956
38.1614	-11.4009
38.1713	-11.4062
38.1813	-11.4116
38.1913	-11.4169
38.2013	-11.4222
38.2113	-11.4276
38.2212	-11.4329
38.2312	-11.4382
38.2412	-11.4436
38.2512	-11.4489
38.2612	-11.4542
38.2712	-11.4596
38.2811	-11.4649
38.2911	-11.4702
38.3011	-11.4756
38.3111	-11.4809
38.3211	-11.4863
38.331	-11.4916
38.341	-11.4969
38.351	-11.5023
38.361	-11.5076
38.371	-11.513
38.381	-11.5183
38.3909	-11.5237
38.4009	-11.529
38.4109	-11.5343
38.4209	-11.5397
38.4309	-11.545
38.4408	-11.5504
38.4508	-11.5557
38.4608	-11.5611
38.4708	-11.5664
38.4808	-11.5718
38.4908	-11.5771
38.5007	-11.5825
38.5107	-11.5878
38.5207	-11.5932
38.5307	-11.5985
38.5407	-11.6039
38.5507	-11.6092
38.5606	-11.6146
38.5706	-11.6199
38.5806	-11.6253
38.5906	-11.6306
38.6006	-11.636
38.6105	-11.6413
38.6205	-11.6467
38.6305	-11.652
38.6405	-11.6574
38.6505	-11.6627
38.6605	-11.6681
38.6704	-11.6734
38.6804	-11.6788
38.6904	-11.6842
38.7004	-11.6895
38.7104	-11.6949
38.7203	-11.7002
38.7303	-11.7056
38.7403	-11.7109
38.7503	-11.7163
38.7603	-11.7217
38.7703	-11.727
38.7802	-11.7324
38.7902	-11.7377
38.8002	-11.7431
38.8102	-11.7485
38.8202	-11.7538
38.8301	-11.7592
38.8401	-11.7646
38.8501	-11.7699
38.8601	-11.7753
38.8701	-11.7807
38.8801	-11.786
38.89	-11.7914
38.9	-11.7967
38.91	-11.8021
38.92	-11.8075
38.93	-11.8128
38.9399	-11.8182
38.9499	-11.8236
38.9599	-11.829
38.9699	-11.8343
38.9799	-11.8397
38.9899	-11.8451
38.9998	-11.8504
39.0098	-11.8558
39.0198	-11.8612
39.0298	-11.8665
39.0398	-11.8719
39.0497	-11.8773
39.0597	-11.8827
39.0697	-11.888
39.0797	-11.8934
39.0897	-11.8988
39.0997	-11.9042
39.1096	-11.9095
39.1196	-11.9149
39.1296	-11.9203
39.1396	-11.9257
39.1496	-11.931
39.1596	-11.9364
39.1695	-11.9418
39.1795	-11.9472
39.1895	-11.9525
39.1995	-11.9579
39.2095	-11.9633
39.2194	-11.9687
39.2294	-11.9741
39.2394	-11.9794
39.2494	-11.9848
39.2594	-11.9902
39.2694	-11.9956
39.2793	-12.001
39.2893	-12.0064
39.2993	-12.0117
39.3093	-12.0171
39.3193	-12.0225
39.3292	-12.0279
39.3392	-12.0333
39.3492	-12.0387
39.3592	-12.044
39.3692	-12.0494
39.3792	-12.0548
39.3891	-12.0602
39.3991	-12.0656
39.4091	-12.071
39.4191	-12.0764
39.4291	-12.0818
39.439	-12.0871
39.449	-12.0925
39.459	-12.0979
39.469	-12.1033
39.479	-12.1087
39.489	-12.1141
39.4989	-12.1195
39.5089	-12.1249
39.5189	-12.1303
39.5289	-12.1357
39.5389	-12.1411
39.5488	-12.1465
39.5588	-12.1518
39.5688	-12.1572
39.5788	-12.1626
39.5888	-12.168
39.5988	-12.1734
39.6087	-12.1788
39.6187	-12.1842
39.6287	-12.1896
39.6387	-12.195
39.6487	-12.2004
39.6587	-12.2058
39.6686	-12.2112
39.6786	-12.2166
39.6886	-12.222
39.6986	-12.2274
39.7086	-12.2328
39.7185	-12.2382
39.7285	-12.2436
39.7385	-12.249
39.7485	-12.2544
39.7585	-12.2598
39.7685	-12.2652
39.7784	-12.2706
39.7884	-12.276
39.7984	-12.2814
39.8084	-12.2868
39.8184	-12.2922
39.8283	-12.2976
39.8383	-12.303
39.8483	-12.3084
39.8583	-12.3139
39.8683	-12.3193
39.8783	-12.3247
39.8882	-12.3301
39.8982	-12.3355
39.9082	-12.3409
39.9182	-12.3463
39.9282	-12.3517
39.9381	-12.3571
39.9481	-12.3625
39.9581	-12.3679
39.9681	-12.3733
39.9781	-12.3788
39.9881	-12.3842
39.998	-12.3896
