Freq_GHz	Norm_dB_model_sat
0.1	-3.67622e-05
0.109982	-4.21629e-05
0.119964	-4.80771e-05
0.129946	-5.45049e-05
0.139928	-6.14461e-05
0.14991	-6.89008e-05
0.159892	-7.6869e-05
0.169874	-8.53506e-05
0.179856	-9.43458e-05
0.189838	-0.000103855
0.19982	-0.000113877
0.209802	-0.000124412
0.219784	-0.000135462
0.229766	-0.000147024
0.239748	-0.000159101
0.24973	-0.00017169
0.259712	-0.000184794
0.269694	-0.000198411
0.279676	-0.000212541
0.289658	-0.000227185
0.29964	-0.000242342
0.309622	-0.000258013
0.319604	-0.000274198
0.329586	-0.000290896
0.339568	-0.000308108
0.34955	-0.000325833
0.359532	-0.000344072
0.369514	-0.000362825
0.379496	-0.000382091
0.389478	-0.000401871
0.39946	-0.000422164
0.409442	-0.000442971
0.419424	-0.000464292
0.429406	-0.000486126
0.439388	-0.000508474
0.44937	-0.000531335
0.459352	-0.00055471
0.469334	-0.000578599
0.479316	-0.000603002
0.489298	-0.000627918
0.49928	-0.000653348
0.509262	-0.000679292
0.519244	-0.000705749
0.529226	-0.00073272
0.539208	-0.000760205
0.54919	-0.000788204
0.559172	-0.000816716
0.569154	-0.000845742
0.579136	-0.000875282
0.589118	-0.000905336
0.5991	-0.000935903
0.609082	-0.000966985
0.619064	-0.00099858
0.629046	-0.00103069
0.639028	-0.00106331
0.64901	-0.00109645
0.658992	-0.0011301
0.668974	-0.00116426
0.678956	-0.00119894
0.688938	-0.00123413
0.69892	-0.00126984
0.708902	-0.00130606
0.718884	-0.00134279
0.728866	-0.00138004
0.738848	-0.0014178
0.74883	-0.00145608
0.758812	-0.00149487
0.768794	-0.00153417
0.778776	-0.00157399
0.788758	-0.00161432
0.79874	-0.00165517
0.808722	-0.00169653
0.818704	-0.00173841
0.828686	-0.00178079
0.838668	-0.0018237
0.84865	-0.00186711
0.858632	-0.00191104
0.868614	-0.00195549
0.878596	-0.00200045
0.888578	-0.00204592
0.89856	-0.00209191
0.908542	-0.00213841
0.918524	-0.00218543
0.928506	-0.00223296
0.938488	-0.002281
0.94847	-0.00232956
0.958452	-0.00237863
0.968434	-0.00242822
0.978416	-0.00247832
0.988398	-0.00252894
0.99838	-0.00258007
1.00836	-0.00263172
1.01834	-0.00268388
1.02833	-0.00273655
1.03831	-0.00278974
1.04829	-0.00284344
1.05827	-0.00289766
1.06825	-0.00295239
1.07824	-0.00300764
1.08822	-0.0030634
1.0982	-0.00311968
1.10818	-0.00317647
1.11816	-0.00323377
1.12815	-0.00329159
1.13813	-0.00334993
1.14811	-0.00340878
1.15809	-0.00346814
1.16807	-0.00352802
1.17806	-0.00358841
1.18804	-0.00364932
1.19802	-0.00371075
1.208	-0.00377268
1.21798	-0.00383514
1.22797	-0.0038981
1.23795	-0.00396159
1.24793	-0.00402558
1.25791	-0.0040901
1.26789	-0.00415512
1.27788	-0.00422067
1.28786	-0.00428672
1.29784	-0.0043533
1.30782	-0.00442038
1.3178	-0.00448799
1.32779	-0.00455611
1.33777	-0.00462474
1.34775	-0.00469389
1.35773	-0.00476355
1.36771	-0.00483373
1.3777	-0.00490442
1.38768	-0.00497563
1.39766	-0.00504736
1.40764	-0.0051196
1.41762	-0.00519235
1.42761	-0.00526562
1.43759	-0.00533941
1.44757	-0.00541371
1.45755	-0.00548853
1.46753	-0.00556386
1.47752	-0.00563971
1.4875	-0.00571607
1.49748	-0.00579295
1.50746	-0.00587035
1.51744	-0.00594826
1.52743	-0.00602668
1.53741	-0.00610562
1.54739	-0.00618508
1.55737	-0.00626505
1.56735	-0.00634554
1.57734	-0.00642655
1.58732	-0.00650807
1.5973	-0.00659011
1.60728	-0.00667266
1.61726	-0.00675573
1.62725	-0.00683931
1.63723	-0.00692341
1.64721	-0.00700803
1.65719	-0.00709316
1.66717	-0.00717881
1.67716	-0.00726497
1.68714	-0.00735166
1.69712	-0.00743885
1.7071	-0.00752657
1.71708	-0.0076148
1.72707	-0.00770354
1.73705	-0.0077928
1.74703	-0.00788258
1.75701	-0.00797288
1.76699	-0.00806369
1.77698	-0.00815502
1.78696	-0.00824686
1.79694	-0.00833922
1.80692	-0.0084321
1.8169	-0.00852549
1.82689	-0.0086194
1.83687	-0.00871383
1.84685	-0.00880877
1.85683	-0.00890424
1.86681	-0.00900021
1.8768	-0.00909671
1.88678	-0.00919372
1.89676	-0.00929125
1.90674	-0.00938929
1.91672	-0.00948785
1.92671	-0.00958693
1.93669	-0.00968653
1.94667	-0.00978664
1.95665	-0.00988727
1.96663	-0.00998842
1.97662	-0.0100901
1.9866	-0.0101923
1.99658	-0.010295
2.00656	-0.0103982
2.01654	-0.0105019
2.02653	-0.0106062
2.03651	-0.0107109
2.04649	-0.0108162
2.05647	-0.010922
2.06645	-0.0110283
2.07644	-0.0111352
2.08642	-0.0112425
2.0964	-0.0113504
2.10638	-0.0114588
2.11636	-0.0115677
2.12635	-0.0116771
2.13633	-0.0117871
2.14631	-0.0118975
2.15629	-0.0120085
2.16627	-0.01212
2.17626	-0.012232
2.18624	-0.0123446
2.19622	-0.0124576
2.2062	-0.0125712
2.21618	-0.0126853
2.22617	-0.0127999
2.23615	-0.012915
2.24613	-0.0130307
2.25611	-0.0131468
2.26609	-0.0132635
2.27608	-0.0133807
2.28606	-0.0134984
2.29604	-0.0136166
2.30602	-0.0137354
2.316	-0.0138547
2.32599	-0.0139745
2.33597	-0.0140948
2.34595	-0.0142156
2.35593	-0.014337
2.36591	-0.0144588
2.3759	-0.0145812
2.38588	-0.0147041
2.39586	-0.0148275
2.40584	-0.0149515
2.41582	-0.0150759
2.42581	-0.0152009
2.43579	-0.0153264
2.44577	-0.0154524
2.45575	-0.015579
2.46573	-0.015706
2.47572	-0.0158336
2.4857	-0.0159617
2.49568	-0.0160903
2.50566	-0.0162194
2.51564	-0.0163491
2.52563	-0.0164793
2.53561	-0.01661
2.54559	-0.0167412
2.55557	-0.0168729
2.56555	-0.0170052
2.57554	-0.0171379
2.58552	-0.0172712
2.5955	-0.017405
2.60548	-0.0175394
2.61546	-0.0176742
2.62545	-0.0178096
2.63543	-0.0179455
2.64541	-0.0180819
2.65539	-0.0182188
2.66537	-0.0183563
2.67536	-0.0184942
2.68534	-0.0186327
2.69532	-0.0187717
2.7053	-0.0189113
2.71528	-0.0190513
2.72527	-0.0191919
2.73525	-0.019333
2.74523	-0.0194746
2.75521	-0.0196168
2.76519	-0.0197594
2.77518	-0.0199026
2.78516	-0.0200463
2.79514	-0.0201905
2.80512	-0.0203353
2.8151	-0.0204805
2.82509	-0.0206263
2.83507	-0.0207726
2.84505	-0.0209194
2.85503	-0.0210668
2.86501	-0.0212146
2.87499	-0.021363
2.88498	-0.0215119
2.89496	-0.0216614
2.90494	-0.0218113
2.91492	-0.0219618
2.9249	-0.0221128
2.93489	-0.0222643
2.94487	-0.0224164
2.95485	-0.0225689
2.96483	-0.022722
2.97481	-0.0228756
2.9848	-0.0230297
2.99478	-0.0231844
3.00476	-0.0233396
3.01474	-0.0234953
3.02472	-0.0236515
3.03471	-0.0238082
3.04469	-0.0239655
3.05467	-0.0241233
3.06465	-0.0242816
3.07463	-0.0244404
3.08462	-0.0245998
3.0946	-0.0247596
3.10458	-0.02492
3.11456	-0.0250809
3.12454	-0.0252424
3.13453	-0.0254044
3.14451	-0.0255668
3.15449	-0.0257299
3.16447	-0.0258934
3.17445	-0.0260574
3.18444	-0.026222
3.19442	-0.0263871
3.2044	-0.0265528
3.21438	-0.0267189
3.22436	-0.0268856
3.23435	-0.0270528
3.24433	-0.0272205
3.25431	-0.0273888
3.26429	-0.0275575
3.27427	-0.0277268
3.28426	-0.0278966
3.29424	-0.028067
3.30422	-0.0282378
3.3142	-0.0284092
3.32418	-0.0285811
3.33417	-0.0287536
3.34415	-0.0289265
3.35413	-0.0291
3.36411	-0.029274
3.37409	-0.0294486
3.38408	-0.0296236
3.39406	-0.0297992
3.40404	-0.0299753
3.41402	-0.030152
3.424	-0.0303291
3.43399	-0.0305068
3.44397	-0.030685
3.45395	-0.0308637
3.46393	-0.031043
3.47391	-0.0312228
3.4839	-0.0314031
3.49388	-0.0315839
3.50386	-0.0317653
3.51384	-0.0319472
3.52382	-0.0321296
3.53381	-0.0323125
3.54379	-0.032496
3.55377	-0.0326799
3.56375	-0.0328645
3.57373	-0.0330495
3.58372	-0.0332351
3.5937	-0.0334212
3.60368	-0.0336078
3.61366	-0.0337949
3.62364	-0.0339826
3.63363	-0.0341708
3.64361	-0.0343595
3.65359	-0.0345487
3.66357	-0.0347385
3.67355	-0.0349288
3.68354	-0.0351196
3.69352	-0.035311
3.7035	-0.0355029
3.71348	-0.0356953
3.72346	-0.0358882
3.73345	-0.0360817
3.74343	-0.0362757
3.75341	-0.0364702
3.76339	-0.0366652
3.77337	-0.0368608
3.78336	-0.0370569
3.79334	-0.0372535
3.80332	-0.0374506
3.8133	-0.0376483
3.82328	-0.0378465
3.83327	-0.0380453
3.84325	-0.0382445
3.85323	-0.0384443
3.86321	-0.0386446
3.87319	-0.0388455
3.88318	-0.0390469
3.89316	-0.0392488
3.90314	-0.0394512
3.91312	-0.0396541
3.9231	-0.0398576
3.93309	-0.0400616
3.94307	-0.0402662
3.95305	-0.0404713
3.96303	-0.0406769
3.97301	-0.040883
3.983	-0.0410897
3.99298	-0.0412968
4.00296	-0.0415046
4.01294	-0.0417128
4.02292	-0.0419216
4.03291	-0.0421309
4.04289	-0.0423407
4.05287	-0.0425511
4.06285	-0.042762
4.07283	-0.0429734
4.08282	-0.0431853
4.0928	-0.0433978
4.10278	-0.0436108
4.11276	-0.0438244
4.12274	-0.0440385
4.13273	-0.0442531
4.14271	-0.0444682
4.15269	-0.0446838
4.16267	-0.0449
4.17265	-0.0451168
4.18264	-0.045334
4.19262	-0.0455518
4.2026	-0.0457701
4.21258	-0.045989
4.22256	-0.0462083
4.23255	-0.0464282
4.24253	-0.0466487
4.25251	-0.0468696
4.26249	-0.0470911
4.27247	-0.0473132
4.28246	-0.0475357
4.29244	-0.0477588
4.30242	-0.0479825
4.3124	-0.0482066
4.32238	-0.0484313
4.33237	-0.0486565
4.34235	-0.0488823
4.35233	-0.0491086
4.36231	-0.0493354
4.37229	-0.0495627
4.38228	-0.0497906
4.39226	-0.050019
4.40224	-0.050248
4.41222	-0.0504774
4.4222	-0.0507075
4.43219	-0.050938
4.44217	-0.0511691
4.45215	-0.0514007
4.46213	-0.0516328
4.47211	-0.0518655
4.4821	-0.0520987
4.49208	-0.0523325
4.50206	-0.0525667
4.51204	-0.0528015
4.52202	-0.0530369
4.53201	-0.0532728
4.54199	-0.0535092
4.55197	-0.0537461
4.56195	-0.0539836
4.57193	-0.0542216
4.58192	-0.0544601
4.5919	-0.0546992
4.60188	-0.0549388
4.61186	-0.055179
4.62184	-0.0554197
4.63183	-0.0556609
4.64181	-0.0559026
4.65179	-0.0561449
4.66177	-0.0563877
4.67175	-0.0566311
4.68174	-0.056875
4.69172	-0.0571194
4.7017	-0.0573644
4.71168	-0.0576098
4.72166	-0.0578559
4.73165	-0.0581024
4.74163	-0.0583495
4.75161	-0.0585972
4.76159	-0.0588454
4.77157	-0.0590941
4.78156	-0.0593433
4.79154	-0.0595931
4.80152	-0.0598434
4.8115	-0.0600943
4.82148	-0.0603456
4.83147	-0.0605976
4.84145	-0.06085
4.85143	-0.061103
4.86141	-0.0613566
4.87139	-0.0616106
4.88138	-0.0618652
4.89136	-0.0621204
4.90134	-0.0623761
4.91132	-0.0626323
4.9213	-0.0628891
4.93129	-0.0631464
4.94127	-0.0634042
4.95125	-0.0636626
4.96123	-0.0639215
4.97121	-0.0641809
4.9812	-0.0644409
4.99118	-0.0647014
5.00116	-0.0649625
5.01114	-0.0652241
5.02112	-0.0654862
5.03111	-0.0657489
5.04109	-0.0660121
5.05107	-0.0662758
5.06105	-0.0665401
5.07103	-0.066805
5.08102	-0.0670703
5.091	-0.0673362
5.10098	-0.0676027
5.11096	-0.0678697
5.12094	-0.0681372
5.13093	-0.0684053
5.14091	-0.0686739
5.15089	-0.068943
5.16087	-0.0692127
5.17085	-0.0694829
5.18084	-0.0697537
5.19082	-0.070025
5.2008	-0.0702968
5.21078	-0.0705692
5.22076	-0.0708421
5.23075	-0.0711156
5.24073	-0.0713896
5.25071	-0.0716642
5.26069	-0.0719392
5.27067	-0.0722149
5.28066	-0.072491
5.29064	-0.0727678
5.30062	-0.073045
5.3106	-0.0733228
5.32058	-0.0736011
5.33057	-0.07388
5.34055	-0.0741594
5.35053	-0.0744394
5.36051	-0.0747199
5.37049	-0.0750009
5.38048	-0.0752825
5.39046	-0.0755647
5.40044	-0.0758473
5.41042	-0.0761305
5.4204	-0.0764143
5.43039	-0.0766986
5.44037	-0.0769834
5.45035	-0.0772688
5.46033	-0.0775547
5.47031	-0.0778412
5.4803	-0.0781282
5.49028	-0.0784158
5.50026	-0.0787039
5.51024	-0.0789925
5.52022	-0.0792817
5.53021	-0.0795715
5.54019	-0.0798617
5.55017	-0.0801525
5.56015	-0.0804439
5.57013	-0.0807358
5.58012	-0.0810283
5.5901	-0.0813213
5.60008	-0.0816148
5.61006	-0.0819089
5.62004	-0.0822035
5.63003	-0.0824987
5.64001	-0.0827944
5.64999	-0.0830907
5.65997	-0.0833875
5.66995	-0.0836849
5.67994	-0.0839828
5.68992	-0.0842812
5.6999	-0.0845802
5.70988	-0.0848798
5.71986	-0.0851799
5.72985	-0.0854805
5.73983	-0.0857817
5.74981	-0.0860834
5.75979	-0.0863857
5.76977	-0.0866885
5.77976	-0.0869919
5.78974	-0.0872958
5.79972	-0.0876002
5.8097	-0.0879052
5.81968	-0.0882108
5.82967	-0.0885169
5.83965	-0.0888235
5.84963	-0.0891307
5.85961	-0.0894385
5.86959	-0.0897468
5.87958	-0.0900556
5.88956	-0.090365
5.89954	-0.090675
5.90952	-0.0909854
5.9195	-0.0912965
5.92949	-0.0916081
5.93947	-0.0919202
5.94945	-0.0922329
5.95943	-0.0925461
5.96941	-0.0928599
5.9794	-0.0931742
5.98938	-0.0934891
5.99936	-0.0938045
6.00934	-0.0941205
6.01932	-0.094437
6.02931	-0.0947541
6.03929	-0.0950717
6.04927	-0.0953899
6.05925	-0.0957086
6.06923	-0.0960279
6.07922	-0.0963477
6.0892	-0.0966681
6.09918	-0.096989
6.10916	-0.0973105
6.11914	-0.0976326
6.12913	-0.0979551
6.13911	-0.0982783
6.14909	-0.098602
6.15907	-0.0989262
6.16905	-0.099251
6.17904	-0.0995763
6.18902	-0.0999022
6.199	-0.100229
6.20898	-0.100556
6.21896	-0.100883
6.22895	-0.101211
6.23893	-0.10154
6.24891	-0.101869
6.25889	-0.102199
6.26887	-0.102529
6.27886	-0.10286
6.28884	-0.103192
6.29882	-0.103524
6.3088	-0.103856
6.31878	-0.104189
6.32877	-0.104523
6.33875	-0.104857
6.34873	-0.105192
6.35871	-0.105527
6.36869	-0.105863
6.37868	-0.106199
6.38866	-0.106536
6.39864	-0.106874
6.40862	-0.107212
6.4186	-0.10755
6.42859	-0.10789
6.43857	-0.108229
6.44855	-0.10857
6.45853	-0.10891
6.46851	-0.109252
6.4785	-0.109594
6.48848	-0.109936
6.49846	-0.110279
6.50844	-0.110623
6.51842	-0.110967
6.52841	-0.111312
6.53839	-0.111657
6.54837	-0.112003
6.55835	-0.11235
6.56833	-0.112697
6.57832	-0.113044
6.5883	-0.113392
6.59828	-0.113741
6.60826	-0.11409
6.61824	-0.11444
6.62823	-0.11479
6.63821	-0.115141
6.64819	-0.115492
6.65817	-0.115844
6.66815	-0.116197
6.67814	-0.11655
6.68812	-0.116904
6.6981	-0.117258
6.70808	-0.117613
6.71806	-0.117968
6.72805	-0.118324
6.73803	-0.11868
6.74801	-0.119037
6.75799	-0.119395
6.76797	-0.119753
6.77796	-0.120112
6.78794	-0.120471
6.79792	-0.120831
6.8079	-0.121191
6.81788	-0.121552
6.82787	-0.121914
6.83785	-0.122276
6.84783	-0.122638
6.85781	-0.123002
6.86779	-0.123365
6.87778	-0.12373
6.88776	-0.124095
6.89774	-0.12446
6.90772	-0.124826
6.9177	-0.125193
6.92769	-0.12556
6.93767	-0.125927
6.94765	-0.126296
6.95763	-0.126664
6.96761	-0.127034
6.9776	-0.127404
6.98758	-0.127774
6.99756	-0.128145
7.00754	-0.128517
7.01752	-0.128889
7.02751	-0.129262
7.03749	-0.129635
7.04747	-0.130009
7.05745	-0.130383
7.06743	-0.130758
7.07742	-0.131134
7.0874	-0.13151
7.09738	-0.131887
7.10736	-0.132264
7.11734	-0.132642
7.12733	-0.13302
7.13731	-0.133399
7.14729	-0.133779
7.15727	-0.134159
7.16725	-0.13454
7.17724	-0.134921
7.18722	-0.135303
7.1972	-0.135685
7.20718	-0.136068
7.21716	-0.136452
7.22715	-0.136836
7.23713	-0.13722
7.24711	-0.137605
7.25709	-0.137991
7.26707	-0.138378
7.27706	-0.138764
7.28704	-0.139152
7.29702	-0.13954
7.307	-0.139929
7.31698	-0.140318
7.32697	-0.140707
7.33695	-0.141098
7.34693	-0.141489
7.35691	-0.14188
7.36689	-0.142272
7.37688	-0.142665
7.38686	-0.143058
7.39684	-0.143452
7.40682	-0.143846
7.4168	-0.144241
7.42679	-0.144636
7.43677	-0.145032
7.44675	-0.145429
7.45673	-0.145826
7.46671	-0.146224
7.4767	-0.146622
7.48668	-0.147021
7.49666	-0.14742
7.50664	-0.14782
7.51662	-0.148221
7.52661	-0.148622
7.53659	-0.149024
7.54657	-0.149426
7.55655	-0.149829
7.56653	-0.150232
7.57652	-0.150636
7.5865	-0.151041
7.59648	-0.151446
7.60646	-0.151852
7.61644	-0.152258
7.62643	-0.152665
7.63641	-0.153072
7.64639	-0.15348
7.65637	-0.153889
7.66635	-0.154298
7.67634	-0.154708
7.68632	-0.155118
7.6963	-0.155529
7.70628	-0.155941
7.71626	-0.156353
7.72625	-0.156765
7.73623	-0.157179
7.74621	-0.157592
7.75619	-0.158007
7.76617	-0.158422
7.77616	-0.158837
7.78614	-0.159253
7.79612	-0.15967
7.8061	-0.160087
7.81608	-0.160505
7.82607	-0.160923
7.83605	-0.161342
7.84603	-0.161762
7.85601	-0.162182
7.86599	-0.162603
7.87598	-0.163024
7.88596	-0.163446
7.89594	-0.163868
7.90592	-0.164291
7.9159	-0.164715
7.92589	-0.165139
7.93587	-0.165564
7.94585	-0.165989
7.95583	-0.166415
7.96581	-0.166841
7.9758	-0.167269
7.98578	-0.167696
7.99576	-0.168124
8.00574	-0.168553
8.01572	-0.168983
8.02571	-0.169413
8.03569	-0.169843
8.04567	-0.170274
8.05565	-0.170706
8.06563	-0.171138
8.07562	-0.171571
8.0856	-0.172005
8.09558	-0.172439
8.10556	-0.172873
8.11554	-0.173308
8.12553	-0.173744
8.13551	-0.174181
8.14549	-0.174618
8.15547	-0.175055
8.16545	-0.175493
8.17544	-0.175932
8.18542	-0.176371
8.1954	-0.176811
8.20538	-0.177251
8.21536	-0.177692
8.22535	-0.178134
8.23533	-0.178576
8.24531	-0.179019
8.25529	-0.179462
8.26527	-0.179906
8.27526	-0.180351
8.28524	-0.180796
8.29522	-0.181242
8.3052	-0.181688
8.31518	-0.182135
8.32517	-0.182582
8.33515	-0.183031
8.34513	-0.183479
8.35511	-0.183928
8.36509	-0.184378
8.37508	-0.184829
8.38506	-0.18528
8.39504	-0.185731
8.40502	-0.186183
8.415	-0.186636
8.42498	-0.187089
8.43497	-0.187543
8.44495	-0.187998
8.45493	-0.188453
8.46491	-0.188909
8.47489	-0.189365
8.48488	-0.189822
8.49486	-0.190279
8.50484	-0.190737
8.51482	-0.191196
8.5248	-0.191655
8.53479	-0.192115
8.54477	-0.192576
8.55475	-0.193037
8.56473	-0.193498
8.57471	-0.19396
8.5847	-0.194423
8.59468	-0.194886
8.60466	-0.19535
8.61464	-0.195815
8.62462	-0.19628
8.63461	-0.196746
8.64459	-0.197212
8.65457	-0.197679
8.66455	-0.198147
8.67453	-0.198615
8.68452	-0.199083
8.6945	-0.199553
8.70448	-0.200023
8.71446	-0.200493
8.72444	-0.200964
8.73443	-0.201436
8.74441	-0.201908
8.75439	-0.202381
8.76437	-0.202855
8.77435	-0.203329
8.78434	-0.203803
8.79432	-0.204278
8.8043	-0.204754
8.81428	-0.205231
8.82426	-0.205708
8.83425	-0.206185
8.84423	-0.206664
8.85421	-0.207142
8.86419	-0.207622
8.87417	-0.208102
8.88416	-0.208582
8.89414	-0.209064
8.90412	-0.209545
8.9141	-0.210028
8.92408	-0.210511
8.93407	-0.210994
8.94405	-0.211479
8.95403	-0.211963
8.96401	-0.212449
8.97399	-0.212935
8.98398	-0.213421
8.99396	-0.213909
9.00394	-0.214396
9.01392	-0.214885
9.0239	-0.215374
9.03389	-0.215863
9.04387	-0.216354
9.05385	-0.216844
9.06383	-0.217336
9.07381	-0.217828
9.0838	-0.21832
9.09378	-0.218814
9.10376	-0.219307
9.11374	-0.219802
9.12372	-0.220297
9.13371	-0.220793
9.14369	-0.221289
9.15367	-0.221786
9.16365	-0.222283
9.17363	-0.222781
9.18362	-0.22328
9.1936	-0.223779
9.20358	-0.224279
9.21356	-0.224779
9.22354	-0.22528
9.23353	-0.225782
9.24351	-0.226284
9.25349	-0.226787
9.26347	-0.22729
9.27345	-0.227795
9.28344	-0.228299
9.29342	-0.228804
9.3034	-0.22931
9.31338	-0.229817
9.32336	-0.230324
9.33335	-0.230832
9.34333	-0.23134
9.35331	-0.231849
9.36329	-0.232358
9.37327	-0.232869
9.38326	-0.233379
9.39324	-0.233891
9.40322	-0.234403
9.4132	-0.234915
9.42318	-0.235428
9.43317	-0.235942
9.44315	-0.236457
9.45313	-0.236972
9.46311	-0.237487
9.47309	-0.238004
9.48308	-0.23852
9.49306	-0.239038
9.50304	-0.239556
9.51302	-0.240075
9.523	-0.240594
9.53299	-0.241114
9.54297	-0.241634
9.55295	-0.242155
9.56293	-0.242677
9.57291	-0.243199
9.5829	-0.243722
9.59288	-0.244246
9.60286	-0.24477
9.61284	-0.245295
9.62282	-0.24582
9.63281	-0.246346
9.64279	-0.246873
9.65277	-0.2474
9.66275	-0.247928
9.67273	-0.248457
9.68272	-0.248986
9.6927	-0.249515
9.70268	-0.250046
9.71266	-0.250577
9.72264	-0.251108
9.73263	-0.25164
9.74261	-0.252173
9.75259	-0.252707
9.76257	-0.253241
9.77255	-0.253775
9.78254	-0.254311
9.79252	-0.254846
9.8025	-0.255383
9.81248	-0.25592
9.82246	-0.256458
9.83245	-0.256996
9.84243	-0.257535
9.85241	-0.258075
9.86239	-0.258615
9.87237	-0.259156
9.88236	-0.259697
9.89234	-0.260239
9.90232	-0.260782
9.9123	-0.261325
9.92228	-0.261869
9.93227	-0.262414
9.94225	-0.262959
9.95223	-0.263505
9.96221	-0.264051
9.97219	-0.264598
9.98218	-0.265146
9.99216	-0.265694
10.0021	-0.266243
10.0121	-0.266792
10.0221	-0.267343
10.0321	-0.267893
10.0421	-0.268445
10.0521	-0.268997
10.062	-0.269549
10.072	-0.270103
10.082	-0.270657
10.092	-0.271211
10.102	-0.271766
10.1119	-0.272322
10.1219	-0.272878
10.1319	-0.273435
10.1419	-0.273993
10.1519	-0.274551
10.1619	-0.27511
10.1718	-0.27567
10.1818	-0.27623
10.1918	-0.276791
10.2018	-0.277352
10.2118	-0.277914
10.2217	-0.278477
10.2317	-0.27904
10.2417	-0.279604
10.2517	-0.280169
10.2617	-0.280734
10.2717	-0.281299
10.2816	-0.281866
10.2916	-0.282433
10.3016	-0.283001
10.3116	-0.283569
10.3216	-0.284138
10.3315	-0.284708
10.3415	-0.285278
10.3515	-0.285849
10.3615	-0.28642
10.3715	-0.286992
10.3815	-0.287565
10.3914	-0.288138
10.4014	-0.288712
10.4114	-0.289287
10.4214	-0.289862
10.4314	-0.290438
10.4413	-0.291015
10.4513	-0.291592
10.4613	-0.29217
10.4713	-0.292748
10.4813	-0.293327
10.4913	-0.293907
10.5012	-0.294487
10.5112	-0.295068
10.5212	-0.29565
10.5312	-0.296232
10.5412	-0.296815
10.5512	-0.297398
10.5611	-0.297983
10.5711	-0.298567
10.5811	-0.299153
10.5911	-0.299739
10.6011	-0.300326
10.611	-0.300913
10.621	-0.301501
10.631	-0.30209
10.641	-0.302679
10.651	-0.303269
10.661	-0.303859
10.6709	-0.30445
10.6809	-0.305042
10.6909	-0.305635
10.7009	-0.306228
10.7109	-0.306822
10.7208	-0.307416
10.7308	-0.308011
10.7408	-0.308607
10.7508	-0.309203
10.7608	-0.3098
10.7708	-0.310398
10.7807	-0.310996
10.7907	-0.311595
10.8007	-0.312194
10.8107	-0.312794
10.8207	-0.313395
10.8306	-0.313997
10.8406	-0.314599
10.8506	-0.315201
10.8606	-0.315805
10.8706	-0.316409
10.8806	-0.317014
10.8905	-0.317619
10.9005	-0.318225
10.9105	-0.318831
10.9205	-0.319439
10.9305	-0.320047
10.9404	-0.320655
10.9504	-0.321264
10.9604	-0.321874
10.9704	-0.322485
10.9804	-0.323096
10.9904	-0.323708
11.0003	-0.32432
11.0103	-0.324933
11.0203	-0.325547
11.0303	-0.326161
11.0403	-0.326776
11.0503	-0.327392
11.0602	-0.328008
11.0702	-0.328625
11.0802	-0.329243
11.0902	-0.329861
11.1002	-0.33048
11.1101	-0.3311
11.1201	-0.33172
11.1301	-0.332341
11.1401	-0.332962
11.1501	-0.333585
11.1601	-0.334208
11.17	-0.334831
11.18	-0.335455
11.19	-0.33608
11.2	-0.336705
11.21	-0.337332
11.2199	-0.337958
11.2299	-0.338586
11.2399	-0.339214
11.2499	-0.339843
11.2599	-0.340472
11.2699	-0.341102
11.2798	-0.341733
11.2898	-0.342364
11.2998	-0.342996
11.3098	-0.343629
11.3198	-0.344262
11.3297	-0.344896
11.3397	-0.345531
11.3497	-0.346166
11.3597	-0.346802
11.3697	-0.347439
11.3797	-0.348076
11.3896	-0.348714
11.3996	-0.349353
11.4096	-0.349992
11.4196	-0.350632
11.4296	-0.351273
11.4395	-0.351914
11.4495	-0.352556
11.4595	-0.353198
11.4695	-0.353842
11.4795	-0.354485
11.4895	-0.35513
11.4994	-0.355775
11.5094	-0.356421
11.5194	-0.357068
11.5294	-0.357715
11.5394	-0.358363
11.5493	-0.359011
11.5593	-0.359661
11.5693	-0.36031
11.5793	-0.360961
11.5893	-0.361612
11.5993	-0.362264
11.6092	-0.362917
11.6192	-0.36357
11.6292	-0.364224
11.6392	-0.364878
11.6492	-0.365533
11.6592	-0.366189
11.6691	-0.366846
11.6791	-0.367503
11.6891	-0.368161
11.6991	-0.36882
11.7091	-0.369479
11.719	-0.370139
11.729	-0.370799
11.739	-0.37146
11.749	-0.372122
11.759	-0.372785
11.769	-0.373448
11.7789	-0.374112
11.7889	-0.374777
11.7989	-0.375442
11.8089	-0.376108
11.8189	-0.376774
11.8288	-0.377442
11.8388	-0.37811
11.8488	-0.378778
11.8588	-0.379448
11.8688	-0.380117
11.8788	-0.380788
11.8887	-0.381459
11.8987	-0.382131
11.9087	-0.382804
11.9187	-0.383477
11.9287	-0.384151
11.9386	-0.384826
11.9486	-0.385502
11.9586	-0.386178
11.9686	-0.386854
11.9786	-0.387532
11.9886	-0.38821
11.9985	-0.388889
12.0085	-0.389568
12.0185	-0.390248
12.0285	-0.390929
12.0385	-0.39161
12.0484	-0.392293
12.0584	-0.392975
12.0684	-0.393659
12.0784	-0.394343
12.0884	-0.395028
12.0984	-0.395713
12.1083	-0.3964
12.1183	-0.397087
12.1283	-0.397774
12.1383	-0.398463
12.1483	-0.399152
12.1583	-0.399841
12.1682	-0.400532
12.1782	-0.401223
12.1882	-0.401914
12.1982	-0.402607
12.2082	-0.4033
12.2181	-0.403993
12.2281	-0.404688
12.2381	-0.405383
12.2481	-0.406079
12.2581	-0.406775
12.2681	-0.407473
12.278	-0.40817
12.288	-0.408869
12.298	-0.409568
12.308	-0.410268
12.318	-0.410969
12.3279	-0.41167
12.3379	-0.412372
12.3479	-0.413075
12.3579	-0.413778
12.3679	-0.414482
12.3779	-0.415187
12.3878	-0.415892
12.3978	-0.416599
12.4078	-0.417305
12.4178	-0.418013
12.4278	-0.418721
12.4377	-0.41943
12.4477	-0.42014
12.4577	-0.42085
12.4677	-0.421561
12.4777	-0.422273
12.4877	-0.422985
12.4976	-0.423698
12.5076	-0.424412
12.5176	-0.425126
12.5276	-0.425841
12.5376	-0.426557
12.5475	-0.427274
12.5575	-0.427991
12.5675	-0.428709
12.5775	-0.429428
12.5875	-0.430147
12.5975	-0.430867
12.6074	-0.431588
12.6174	-0.432309
12.6274	-0.433031
12.6374	-0.433754
12.6474	-0.434478
12.6574	-0.435202
12.6673	-0.435927
12.6773	-0.436652
12.6873	-0.437379
12.6973	-0.438106
12.7073	-0.438834
12.7172	-0.439562
12.7272	-0.440291
12.7372	-0.441021
12.7472	-0.441751
12.7572	-0.442483
12.7672	-0.443215
12.7771	-0.443947
12.7871	-0.444681
12.7971	-0.445415
12.8071	-0.446149
12.8171	-0.446885
12.827	-0.447621
12.837	-0.448358
12.847	-0.449096
12.857	-0.449834
12.867	-0.450573
12.877	-0.451313
12.8869	-0.452053
12.8969	-0.452794
12.9069	-0.453536
12.9169	-0.454278
12.9269	-0.455022
12.9368	-0.455766
12.9468	-0.45651
12.9568	-0.457256
12.9668	-0.458002
12.9768	-0.458749
12.9868	-0.459496
12.9967	-0.460244
13.0067	-0.460993
13.0167	-0.461743
13.0267	-0.462493
13.0367	-0.463244
13.0466	-0.463996
13.0566	-0.464749
13.0666	-0.465502
13.0766	-0.466256
13.0866	-0.46701
13.0966	-0.467766
13.1065	-0.468522
13.1165	-0.469278
13.1265	-0.470036
13.1365	-0.470794
13.1465	-0.471553
13.1565	-0.472313
13.1664	-0.473073
13.1764	-0.473834
13.1864	-0.474596
13.1964	-0.475359
13.2064	-0.476122
13.2163	-0.476886
13.2263	-0.47765
13.2363	-0.478416
13.2463	-0.479182
13.2563	-0.479949
13.2663	-0.480716
13.2762	-0.481485
13.2862	-0.482254
13.2962	-0.483023
13.3062	-0.483794
13.3162	-0.484565
13.3261	-0.485337
13.3361	-0.486109
13.3461	-0.486883
13.3561	-0.487657
13.3661	-0.488432
13.3761	-0.489207
13.386	-0.489983
13.396	-0.49076
13.406	-0.491538
13.416	-0.492316
13.426	-0.493095
13.4359	-0.493875
13.4459	-0.494656
13.4559	-0.495437
13.4659	-0.496219
13.4759	-0.497002
13.4859	-0.497786
13.4958	-0.49857
13.5058	-0.499355
13.5158	-0.50014
13.5258	-0.500927
13.5358	-0.501714
13.5457	-0.502502
13.5557	-0.503291
13.5657	-0.50408
13.5757	-0.50487
13.5857	-0.505661
13.5957	-0.506452
13.6056	-0.507245
13.6156	-0.508038
13.6256	-0.508831
13.6356	-0.509626
13.6456	-0.510421
13.6556	-0.511217
13.6655	-0.512014
13.6755	-0.512811
13.6855	-0.513609
13.6955	-0.514408
13.7055	-0.515208
13.7154	-0.516008
13.7254	-0.516809
13.7354	-0.517611
13.7454	-0.518414
13.7554	-0.519217
13.7654	-0.520021
13.7753	-0.520826
13.7853	-0.521632
13.7953	-0.522438
13.8053	-0.523245
13.8153	-0.524053
13.8252	-0.524861
13.8352	-0.52567
13.8452	-0.52648
13.8552	-0.527291
13.8652	-0.528103
13.8752	-0.528915
13.8851	-0.529728
13.8951	-0.530542
13.9051	-0.531356
13.9151	-0.532171
13.9251	-0.532987
13.935	-0.533804
13.945	-0.534621
13.955	-0.53544
13.965	-0.536259
13.975	-0.537078
13.985	-0.537899
13.9949	-0.53872
14.0049	-0.539542
14.0149	-0.540364
14.0249	-0.541188
14.0349	-0.542012
14.0448	-0.542837
14.0548	-0.543663
14.0648	-0.544489
14.0748	-0.545316
14.0848	-0.546144
14.0948	-0.546973
14.1047	-0.547802
14.1147	-0.548633
14.1247	-0.549463
14.1347	-0.550295
14.1447	-0.551128
14.1547	-0.551961
14.1646	-0.552795
14.1746	-0.55363
14.1846	-0.554465
14.1946	-0.555301
14.2046	-0.556138
14.2145	-0.556976
14.2245	-0.557814
14.2345	-0.558654
14.2445	-0.559494
14.2545	-0.560334
14.2645	-0.561176
14.2744	-0.562018
14.2844	-0.562861
14.2944	-0.563705
14.3044	-0.56455
14.3144	-0.565395
14.3243	-0.566241
14.3343	-0.567088
14.3443	-0.567936
14.3543	-0.568784
14.3643	-0.569633
14.3743	-0.570483
14.3842	-0.571334
14.3942	-0.572185
14.4042	-0.573037
14.4142	-0.57389
14.4242	-0.574744
14.4341	-0.575599
14.4441	-0.576454
14.4541	-0.57731
14.4641	-0.578167
14.4741	-0.579024
14.4841	-0.579883
14.494	-0.580742
14.504	-0.581602
14.514	-0.582462
14.524	-0.583324
14.534	-0.584186
14.5439	-0.585049
14.5539	-0.585912
14.5639	-0.586777
14.5739	-0.587642
14.5839	-0.588508
14.5939	-0.589375
14.6038	-0.590243
14.6138	-0.591111
14.6238	-0.59198
14.6338	-0.59285
14.6438	-0.593721
14.6538	-0.594592
14.6637	-0.595464
14.6737	-0.596337
14.6837	-0.597211
14.6937	-0.598086
14.7037	-0.598961
14.7136	-0.599837
14.7236	-0.600714
14.7336	-0.601592
14.7436	-0.60247
14.7536	-0.603349
14.7636	-0.604229
14.7735	-0.60511
14.7835	-0.605992
14.7935	-0.606874
14.8035	-0.607757
14.8135	-0.608641
14.8234	-0.609526
14.8334	-0.610411
14.8434	-0.611297
14.8534	-0.612185
14.8634	-0.613072
14.8734	-0.613961
14.8833	-0.61485
14.8933	-0.61574
14.9033	-0.616631
14.9133	-0.617523
14.9233	-0.618416
14.9332	-0.619309
14.9432	-0.620203
14.9532	-0.621098
14.9632	-0.621994
14.9732	-0.62289
14.9832	-0.623787
14.9931	-0.624685
15.0031	-0.625584
15.0131	-0.626484
15.0231	-0.627384
15.0331	-0.628285
15.043	-0.629187
15.053	-0.63009
15.063	-0.630994
15.073	-0.631898
15.083	-0.632803
15.093	-0.633709
15.1029	-0.634616
15.1129	-0.635524
15.1229	-0.636432
15.1329	-0.637341
15.1429	-0.638251
15.1529	-0.639162
15.1628	-0.640073
15.1728	-0.640986
15.1828	-0.641899
15.1928	-0.642813
15.2028	-0.643727
15.2127	-0.644643
15.2227	-0.645559
15.2327	-0.646476
15.2427	-0.647394
15.2527	-0.648313
15.2627	-0.649232
15.2726	-0.650153
15.2826	-0.651074
15.2926	-0.651996
15.3026	-0.652918
15.3126	-0.653842
15.3225	-0.654766
15.3325	-0.655691
15.3425	-0.656617
15.3525	-0.657544
15.3625	-0.658472
15.3725	-0.6594
15.3824	-0.660329
15.3924	-0.661259
15.4024	-0.66219
15.4124	-0.663121
15.4224	-0.664054
15.4323	-0.664987
15.4423	-0.665921
15.4523	-0.666856
15.4623	-0.667791
15.4723	-0.668728
15.4823	-0.669665
15.4922	-0.670603
15.5022	-0.671542
15.5122	-0.672482
15.5222	-0.673422
15.5322	-0.674363
15.5421	-0.675306
15.5521	-0.676249
15.5621	-0.677192
15.5721	-0.678137
15.5821	-0.679082
15.5921	-0.680028
15.602	-0.680975
15.612	-0.681923
15.622	-0.682872
15.632	-0.683821
15.642	-0.684772
15.652	-0.685723
15.6619	-0.686675
15.6719	-0.687627
15.6819	-0.688581
15.6919	-0.689535
15.7019	-0.69049
15.7118	-0.691446
15.7218	-0.692403
15.7318	-0.693361
15.7418	-0.694319
15.7518	-0.695279
15.7618	-0.696239
15.7717	-0.6972
15.7817	-0.698161
15.7917	-0.699124
15.8017	-0.700087
15.8117	-0.701052
15.8216	-0.702017
15.8316	-0.702983
15.8416	-0.703949
15.8516	-0.704917
15.8616	-0.705885
15.8716	-0.706854
15.8815	-0.707824
15.8915	-0.708795
15.9015	-0.709767
15.9115	-0.71074
15.9215	-0.711713
15.9314	-0.712687
15.9414	-0.713662
15.9514	-0.714638
15.9614	-0.715615
15.9714	-0.716592
15.9814	-0.71757
15.9913	-0.71855
16.0013	-0.71953
16.0113	-0.72051
16.0213	-0.721492
16.0313	-0.722475
16.0412	-0.723458
16.0512	-0.724442
16.0612	-0.725427
16.0712	-0.726413
16.0812	-0.7274
16.0912	-0.728387
16.1011	-0.729376
16.1111	-0.730365
16.1211	-0.731355
16.1311	-0.732346
16.1411	-0.733338
16.1511	-0.73433
16.161	-0.735324
16.171	-0.736318
16.181	-0.737313
16.191	-0.738309
16.201	-0.739306
16.2109	-0.740303
16.2209	-0.741302
16.2309	-0.742301
16.2409	-0.743301
16.2509	-0.744302
16.2609	-0.745304
16.2708	-0.746307
16.2808	-0.74731
16.2908	-0.748315
16.3008	-0.74932
16.3108	-0.750326
16.3207	-0.751333
16.3307	-0.752341
16.3407	-0.75335
16.3507	-0.754359
16.3607	-0.755369
16.3707	-0.756381
16.3806	-0.757393
16.3906	-0.758406
16.4006	-0.759419
16.4106	-0.760434
16.4206	-0.761449
16.4305	-0.762466
16.4405	-0.763483
16.4505	-0.764501
16.4605	-0.76552
16.4705	-0.76654
16.4805	-0.76756
16.4904	-0.768582
16.5004	-0.769604
16.5104	-0.770627
16.5204	-0.771651
16.5304	-0.772676
16.5403	-0.773702
16.5503	-0.774728
16.5603	-0.775756
16.5703	-0.776784
16.5803	-0.777813
16.5903	-0.778844
16.6002	-0.779874
16.6102	-0.780906
16.6202	-0.781939
16.6302	-0.782972
16.6402	-0.784007
16.6502	-0.785042
16.6601	-0.786078
16.6701	-0.787115
16.6801	-0.788153
16.6901	-0.789192
16.7001	-0.790231
16.71	-0.791272
16.72	-0.792313
16.73	-0.793355
16.74	-0.794398
16.75	-0.795442
16.76	-0.796487
16.7699	-0.797533
16.7799	-0.798579
16.7899	-0.799627
16.7999	-0.800675
16.8099	-0.801724
16.8198	-0.802774
16.8298	-0.803825
16.8398	-0.804877
16.8498	-0.805929
16.8598	-0.806983
16.8698	-0.808037
16.8797	-0.809093
16.8897	-0.810149
16.8997	-0.811206
16.9097	-0.812264
16.9197	-0.813322
16.9296	-0.814382
16.9396	-0.815443
16.9496	-0.816504
16.9596	-0.817566
16.9696	-0.81863
16.9796	-0.819694
16.9895	-0.820759
16.9995	-0.821824
17.0095	-0.822891
17.0195	-0.823959
17.0295	-0.825027
17.0394	-0.826097
17.0494	-0.827167
17.0594	-0.828238
17.0694	-0.82931
17.0794	-0.830383
17.0894	-0.831457
17.0993	-0.832531
17.1093	-0.833607
17.1193	-0.834683
17.1293	-0.835761
17.1393	-0.836839
17.1492	-0.837918
17.1592	-0.838998
17.1692	-0.840079
17.1792	-0.841161
17.1892	-0.842244
17.1992	-0.843327
17.2091	-0.844412
17.2191	-0.845497
17.2291	-0.846583
17.2391	-0.847671
17.2491	-0.848759
17.2591	-0.849848
17.269	-0.850937
17.279	-0.852028
17.289	-0.85312
17.299	-0.854212
17.309	-0.855306
17.3189	-0.8564
17.3289	-0.857495
17.3389	-0.858592
17.3489	-0.859689
17.3589	-0.860786
17.3689	-0.861885
17.3788	-0.862985
17.3888	-0.864086
17.3988	-0.865187
17.4088	-0.86629
17.4188	-0.867393
17.4287	-0.868497
17.4387	-0.869603
17.4487	-0.870709
17.4587	-0.871816
17.4687	-0.872923
17.4787	-0.874032
17.4886	-0.875142
17.4986	-0.876253
17.5086	-0.877364
17.5186	-0.878476
17.5286	-0.87959
17.5385	-0.880704
17.5485	-0.881819
17.5585	-0.882935
17.5685	-0.884052
17.5785	-0.88517
17.5885	-0.886289
17.5984	-0.887409
17.6084	-0.888529
17.6184	-0.889651
17.6284	-0.890773
17.6384	-0.891897
17.6483	-0.893021
17.6583	-0.894146
17.6683	-0.895272
17.6783	-0.896399
17.6883	-0.897527
17.6983	-0.898656
17.7082	-0.899786
17.7182	-0.900917
17.7282	-0.902048
17.7382	-0.903181
17.7482	-0.904314
17.7582	-0.905449
17.7681	-0.906584
17.7781	-0.90772
17.7881	-0.908857
17.7981	-0.909995
17.8081	-0.911134
17.818	-0.912274
17.828	-0.913415
17.838	-0.914557
17.848	-0.9157
17.858	-0.916843
17.868	-0.917988
17.8779	-0.919133
17.8879	-0.92028
17.8979	-0.921427
17.9079	-0.922575
17.9179	-0.923725
17.9278	-0.924875
17.9378	-0.926026
17.9478	-0.927178
17.9578	-0.928331
17.9678	-0.929485
17.9778	-0.930639
17.9877	-0.931795
17.9977	-0.932952
18.0077	-0.934109
18.0177	-0.935268
18.0277	-0.936427
18.0376	-0.937588
18.0476	-0.938749
18.0576	-0.939912
18.0676	-0.941075
18.0776	-0.942239
18.0876	-0.943404
18.0975	-0.94457
18.1075	-0.945737
18.1175	-0.946905
18.1275	-0.948074
18.1375	-0.949244
18.1474	-0.950414
18.1574	-0.951586
18.1674	-0.952759
18.1774	-0.953932
18.1874	-0.955107
18.1974	-0.956282
18.2073	-0.957459
18.2173	-0.958636
18.2273	-0.959814
18.2373	-0.960994
18.2473	-0.962174
18.2573	-0.963355
18.2672	-0.964537
18.2772	-0.96572
18.2872	-0.966904
18.2972	-0.968089
18.3072	-0.969275
18.3171	-0.970462
18.3271	-0.971649
18.3371	-0.972838
18.3471	-0.974028
18.3571	-0.975219
18.3671	-0.97641
18.377	-0.977603
18.387	-0.978796
18.397	-0.979991
18.407	-0.981186
18.417	-0.982383
18.4269	-0.98358
18.4369	-0.984778
18.4469	-0.985977
18.4569	-0.987178
18.4669	-0.988379
18.4769	-0.989581
18.4868	-0.990784
18.4968	-0.991988
18.5068	-0.993193
18.5168	-0.994399
18.5268	-0.995606
18.5367	-0.996814
18.5467	-0.998023
18.5567	-0.999233
18.5667	-1.00044
18.5767	-1.00166
18.5867	-1.00287
18.5966	-1.00408
18.6066	-1.0053
18.6166	-1.00651
18.6266	-1.00773
18.6366	-1.00895
18.6465	-1.01016
18.6565	-1.01138
18.6665	-1.0126
18.6765	-1.01383
18.6865	-1.01505
18.6965	-1.01627
18.7064	-1.0175
18.7164	-1.01872
18.7264	-1.01995
18.7364	-1.02118
18.7464	-1.0224
18.7564	-1.02363
18.7663	-1.02486
18.7763	-1.02609
18.7863	-1.02733
18.7963	-1.02856
18.8063	-1.02979
18.8162	-1.03103
18.8262	-1.03227
18.8362	-1.0335
18.8462	-1.03474
18.8562	-1.03598
18.8662	-1.03722
18.8761	-1.03846
18.8861	-1.0397
18.8961	-1.04095
18.9061	-1.04219
18.9161	-1.04343
18.926	-1.04468
18.936	-1.04593
18.946	-1.04717
18.956	-1.04842
18.966	-1.04967
18.976	-1.05092
18.9859	-1.05218
18.9959	-1.05343
19.0059	-1.05468
19.0159	-1.05594
19.0259	-1.05719
19.0358	-1.05845
19.0458	-1.05971
19.0558	-1.06097
19.0658	-1.06223
19.0758	-1.06349
19.0858	-1.06475
19.0957	-1.06601
19.1057	-1.06728
19.1157	-1.06854
19.1257	-1.06981
19.1357	-1.07107
19.1456	-1.07234
19.1556	-1.07361
19.1656	-1.07488
19.1756	-1.07615
19.1856	-1.07742
19.1956	-1.07869
19.2055	-1.07997
19.2155	-1.08124
19.2255	-1.08252
19.2355	-1.08379
19.2455	-1.08507
19.2555	-1.08635
19.2654	-1.08763
19.2754	-1.08891
19.2854	-1.09019
19.2954	-1.09148
19.3054	-1.09276
19.3153	-1.09404
19.3253	-1.09533
19.3353	-1.09662
19.3453	-1.09791
19.3553	-1.09919
19.3653	-1.10048
19.3752	-1.10177
19.3852	-1.10307
19.3952	-1.10436
19.4052	-1.10565
19.4152	-1.10695
19.4251	-1.10824
19.4351	-1.10954
19.4451	-1.11084
19.4551	-1.11214
19.4651	-1.11344
19.4751	-1.11474
19.485	-1.11604
19.495	-1.11734
19.505	-1.11865
19.515	-1.11995
19.525	-1.12126
19.5349	-1.12257
19.5449	-1.12387
19.5549	-1.12518
19.5649	-1.12649
19.5749	-1.1278
19.5849	-1.12912
19.5948	-1.13043
19.6048	-1.13174
19.6148	-1.13306
19.6248	-1.13438
19.6348	-1.13569
19.6447	-1.13701
19.6547	-1.13833
19.6647	-1.13965
19.6747	-1.14097
19.6847	-1.14229
19.6947	-1.14362
19.7046	-1.14494
19.7146	-1.14627
19.7246	-1.14759
19.7346	-1.14892
19.7446	-1.15025
19.7546	-1.15158
19.7645	-1.15291
19.7745	-1.15424
19.7845	-1.15558
19.7945	-1.15691
19.8045	-1.15824
19.8144	-1.15958
19.8244	-1.16092
19.8344	-1.16225
19.8444	-1.16359
19.8544	-1.16493
19.8644	-1.16627
19.8743	-1.16762
19.8843	-1.16896
19.8943	-1.1703
19.9043	-1.17165
19.9143	-1.173
19.9242	-1.17434
19.9342	-1.17569
19.9442	-1.17704
19.9542	-1.17839
19.9642	-1.17974
19.9742	-1.18109
19.9841	-1.18245
19.9941	-1.1838
20.0041	-1.18516
20.0141	-1.18652
20.0241	-1.18787
20.034	-1.18923
20.044	-1.19059
20.054	-1.19195
20.064	-1.19331
20.074	-1.19468
20.084	-1.19604
20.0939	-1.19741
20.1039	-1.19877
20.1139	-1.20014
20.1239	-1.20151
20.1339	-1.20288
20.1438	-1.20425
20.1538	-1.20562
20.1638	-1.20699
20.1738	-1.20837
20.1838	-1.20974
20.1938	-1.21112
20.2037	-1.21249
20.2137	-1.21387
20.2237	-1.21525
20.2337	-1.21663
20.2437	-1.21801
20.2537	-1.21939
20.2636	-1.22077
20.2736	-1.22216
20.2836	-1.22354
20.2936	-1.22493
20.3036	-1.22632
20.3135	-1.22771
20.3235	-1.2291
20.3335	-1.23049
20.3435	-1.23188
20.3535	-1.23327
20.3635	-1.23466
20.3734	-1.23606
20.3834	-1.23745
20.3934	-1.23885
20.4034	-1.24025
20.4134	-1.24165
20.4233	-1.24305
20.4333	-1.24445
20.4433	-1.24585
20.4533	-1.24725
20.4633	-1.24866
20.4733	-1.25006
20.4832	-1.25147
20.4932	-1.25288
20.5032	-1.25429
20.5132	-1.2557
20.5232	-1.25711
20.5331	-1.25852
20.5431	-1.25993
20.5531	-1.26135
20.5631	-1.26276
20.5731	-1.26418
20.5831	-1.2656
20.593	-1.26701
20.603	-1.26843
20.613	-1.26985
20.623	-1.27128
20.633	-1.2727
20.6429	-1.27412
20.6529	-1.27555
20.6629	-1.27697
20.6729	-1.2784
20.6829	-1.27983
20.6929	-1.28126
20.7028	-1.28269
20.7128	-1.28412
20.7228	-1.28555
20.7328	-1.28699
20.7428	-1.28842
20.7528	-1.28986
20.7627	-1.29129
20.7727	-1.29273
20.7827	-1.29417
20.7927	-1.29561
20.8027	-1.29705
20.8126	-1.29849
20.8226	-1.29994
20.8326	-1.30138
20.8426	-1.30283
20.8526	-1.30428
20.8626	-1.30572
20.8725	-1.30717
20.8825	-1.30862
20.8925	-1.31007
20.9025	-1.31153
20.9125	-1.31298
20.9224	-1.31443
20.9324	-1.31589
20.9424	-1.31735
20.9524	-1.3188
20.9624	-1.32026
20.9724	-1.32172
20.9823	-1.32318
20.9923	-1.32465
21.0023	-1.32611
21.0123	-1.32757
21.0223	-1.32904
21.0322	-1.33051
21.0422	-1.33197
21.0522	-1.33344
21.0622	-1.33491
21.0722	-1.33638
21.0822	-1.33785
21.0921	-1.33933
21.1021	-1.3408
21.1121	-1.34228
21.1221	-1.34375
21.1321	-1.34523
21.142	-1.34671
21.152	-1.34819
21.162	-1.34967
21.172	-1.35115
21.182	-1.35264
21.192	-1.35412
21.2019	-1.35561
21.2119	-1.35709
21.2219	-1.35858
21.2319	-1.36007
21.2419	-1.36156
21.2519	-1.36305
21.2618	-1.36454
21.2718	-1.36604
21.2818	-1.36753
21.2918	-1.36903
21.3018	-1.37052
21.3117	-1.37202
21.3217	-1.37352
21.3317	-1.37502
21.3417	-1.37652
21.3517	-1.37802
21.3617	-1.37953
21.3716	-1.38103
21.3816	-1.38254
21.3916	-1.38405
21.4016	-1.38555
21.4116	-1.38706
21.4215	-1.38857
21.4315	-1.39008
21.4415	-1.3916
21.4515	-1.39311
21.4615	-1.39463
21.4715	-1.39614
21.4814	-1.39766
21.4914	-1.39918
21.5014	-1.4007
21.5114	-1.40222
21.5214	-1.40374
21.5313	-1.40526
21.5413	-1.40678
21.5513	-1.40831
21.5613	-1.40984
21.5713	-1.41136
21.5813	-1.41289
21.5912	-1.41442
21.6012	-1.41595
21.6112	-1.41748
21.6212	-1.41902
21.6312	-1.42055
21.6411	-1.42209
21.6511	-1.42362
21.6611	-1.42516
21.6711	-1.4267
21.6811	-1.42824
21.6911	-1.42978
21.701	-1.43132
21.711	-1.43287
21.721	-1.43441
21.731	-1.43596
21.741	-1.4375
21.751	-1.43905
21.7609	-1.4406
21.7709	-1.44215
21.7809	-1.4437
21.7909	-1.44525
21.8009	-1.44681
21.8108	-1.44836
21.8208	-1.44992
21.8308	-1.45147
21.8408	-1.45303
21.8508	-1.45459
21.8608	-1.45615
21.8707	-1.45771
21.8807	-1.45928
21.8907	-1.46084
21.9007	-1.46241
21.9107	-1.46397
21.9206	-1.46554
21.9306	-1.46711
21.9406	-1.46868
21.9506	-1.47025
21.9606	-1.47182
21.9706	-1.4734
21.9805	-1.47497
21.9905	-1.47655
22.0005	-1.47812
22.0105	-1.4797
22.0205	-1.48128
22.0304	-1.48286
22.0404	-1.48444
22.0504	-1.48603
22.0604	-1.48761
22.0704	-1.48919
22.0804	-1.49078
22.0903	-1.49237
22.1003	-1.49396
22.1103	-1.49555
22.1203	-1.49714
22.1303	-1.49873
22.1402	-1.50032
22.1502	-1.50192
22.1602	-1.50351
22.1702	-1.50511
22.1802	-1.50671
22.1902	-1.50831
22.2001	-1.50991
22.2101	-1.51151
22.2201	-1.51311
22.2301	-1.51472
22.2401	-1.51632
22.2501	-1.51793
22.26	-1.51953
22.27	-1.52114
22.28	-1.52275
22.29	-1.52436
22.3	-1.52598
22.3099	-1.52759
22.3199	-1.5292
22.3299	-1.53082
22.3399	-1.53244
22.3499	-1.53405
22.3599	-1.53567
22.3698	-1.53729
22.3798	-1.53891
22.3898	-1.54054
22.3998	-1.54216
22.4098	-1.54379
22.4197	-1.54541
22.4297	-1.54704
22.4397	-1.54867
22.4497	-1.5503
22.4597	-1.55193
22.4697	-1.55356
22.4796	-1.5552
22.4896	-1.55683
22.4996	-1.55847
22.5096	-1.5601
22.5196	-1.56174
22.5295	-1.56338
22.5395	-1.56502
22.5495	-1.56667
22.5595	-1.56831
22.5695	-1.56995
22.5795	-1.5716
22.5894	-1.57324
22.5994	-1.57489
22.6094	-1.57654
22.6194	-1.57819
22.6294	-1.57984
22.6393	-1.5815
22.6493	-1.58315
22.6593	-1.58481
22.6693	-1.58646
22.6793	-1.58812
22.6893	-1.58978
22.6992	-1.59144
22.7092	-1.5931
22.7192	-1.59476
22.7292	-1.59643
22.7392	-1.59809
22.7491	-1.59976
22.7591	-1.60142
22.7691	-1.60309
22.7791	-1.60476
22.7891	-1.60643
22.7991	-1.6081
22.809	-1.60978
22.819	-1.61145
22.829	-1.61313
22.839	-1.61481
22.849	-1.61648
22.859	-1.61816
22.8689	-1.61984
22.8789	-1.62153
22.8889	-1.62321
22.8989	-1.62489
22.9089	-1.62658
22.9188	-1.62826
22.9288	-1.62995
22.9388	-1.63164
22.9488	-1.63333
22.9588	-1.63502
22.9688	-1.63672
22.9787	-1.63841
22.9887	-1.64011
22.9987	-1.6418
23.0087	-1.6435
23.0187	-1.6452
23.0286	-1.6469
23.0386	-1.6486
23.0486	-1.6503
23.0586	-1.65201
23.0686	-1.65371
23.0786	-1.65542
23.0885	-1.65713
23.0985	-1.65884
23.1085	-1.66055
23.1185	-1.66226
23.1285	-1.66397
23.1384	-1.66568
23.1484	-1.6674
23.1584	-1.66911
23.1684	-1.67083
23.1784	-1.67255
23.1884	-1.67427
23.1983	-1.67599
23.2083	-1.67771
23.2183	-1.67944
23.2283	-1.68116
23.2383	-1.68289
23.2482	-1.68462
23.2582	-1.68634
23.2682	-1.68807
23.2782	-1.6898
23.2882	-1.69154
23.2982	-1.69327
23.3081	-1.69501
23.3181	-1.69674
23.3281	-1.69848
23.3381	-1.70022
23.3481	-1.70196
23.3581	-1.7037
23.368	-1.70544
23.378	-1.70718
23.388	-1.70893
23.398	-1.71067
23.408	-1.71242
23.4179	-1.71417
23.4279	-1.71592
23.4379	-1.71767
23.4479	-1.71942
23.4579	-1.72118
23.4679	-1.72293
23.4778	-1.72469
23.4878	-1.72644
23.4978	-1.7282
23.5078	-1.72996
23.5178	-1.73172
23.5277	-1.73349
23.5377	-1.73525
23.5477	-1.73702
23.5577	-1.73878
23.5677	-1.74055
23.5777	-1.74232
23.5876	-1.74409
23.5976	-1.74586
23.6076	-1.74763
23.6176	-1.7494
23.6276	-1.75118
23.6375	-1.75296
23.6475	-1.75473
23.6575	-1.75651
23.6675	-1.75829
23.6775	-1.76007
23.6875	-1.76186
23.6974	-1.76364
23.7074	-1.76542
23.7174	-1.76721
23.7274	-1.769
23.7374	-1.77079
23.7473	-1.77258
23.7573	-1.77437
23.7673	-1.77616
23.7773	-1.77795
23.7873	-1.77975
23.7973	-1.78155
23.8072	-1.78334
23.8172	-1.78514
23.8272	-1.78694
23.8372	-1.78875
23.8472	-1.79055
23.8572	-1.79235
23.8671	-1.79416
23.8771	-1.79596
23.8871	-1.79777
23.8971	-1.79958
23.9071	-1.80139
23.917	-1.8032
23.927	-1.80502
23.937	-1.80683
23.947	-1.80865
23.957	-1.81046
23.967	-1.81228
23.9769	-1.8141
23.9869	-1.81592
23.9969	-1.81774
24.0069	-1.81957
24.0169	-1.82139
24.0268	-1.82322
24.0368	-1.82505
24.0468	-1.82687
24.0568	-1.8287
24.0668	-1.83053
24.0768	-1.83237
24.0867	-1.8342
24.0967	-1.83604
24.1067	-1.83787
24.1167	-1.83971
24.1267	-1.84155
24.1366	-1.84339
24.1466	-1.84523
24.1566	-1.84707
24.1666	-1.84892
24.1766	-1.85076
24.1866	-1.85261
24.1965	-1.85446
24.2065	-1.85631
24.2165	-1.85816
24.2265	-1.86001
24.2365	-1.86186
24.2464	-1.86372
24.2564	-1.86557
24.2664	-1.86743
24.2764	-1.86929
24.2864	-1.87115
24.2964	-1.87301
24.3063	-1.87487
24.3163	-1.87673
24.3263	-1.8786
24.3363	-1.88046
24.3463	-1.88233
24.3563	-1.8842
24.3662	-1.88607
24.3762	-1.88794
24.3862	-1.88981
24.3962	-1.89169
24.4062	-1.89356
24.4161	-1.89544
24.4261	-1.89732
24.4361	-1.8992
24.4461	-1.90108
24.4561	-1.90296
24.4661	-1.90484
24.476	-1.90673
24.486	-1.90861
24.496	-1.9105
24.506	-1.91239
24.516	-1.91428
24.5259	-1.91617
24.5359	-1.91806
24.5459	-1.91995
24.5559	-1.92185
24.5659	-1.92374
24.5759	-1.92564
24.5858	-1.92754
24.5958	-1.92944
24.6058	-1.93134
24.6158	-1.93325
24.6258	-1.93515
24.6357	-1.93705
24.6457	-1.93896
24.6557	-1.94087
24.6657	-1.94278
24.6757	-1.94469
24.6857	-1.9466
24.6956	-1.94852
24.7056	-1.95043
24.7156	-1.95235
24.7256	-1.95426
24.7356	-1.95618
24.7455	-1.9581
24.7555	-1.96002
24.7655	-1.96195
24.7755	-1.96387
24.7855	-1.9658
24.7955	-1.96772
24.8054	-1.96965
24.8154	-1.97158
24.8254	-1.97351
24.8354	-1.97544
24.8454	-1.97738
24.8554	-1.97931
24.8653	-1.98125
24.8753	-1.98318
24.8853	-1.98512
24.8953	-1.98706
24.9053	-1.989
24.9152	-1.99095
24.9252	-1.99289
24.9352	-1.99484
24.9452	-1.99678
24.9552	-1.99873
24.9652	-2.00068
24.9751	-2.00263
24.9851	-2.00458
24.9951	-2.00654
25.0051	-2.00849
25.0151	-2.01045
25.025	-2.0124
25.035	-2.01436
25.045	-2.01632
25.055	-2.01829
25.065	-2.02025
25.075	-2.02221
25.0849	-2.02418
25.0949	-2.02614
25.1049	-2.02811
25.1149	-2.03008
25.1249	-2.03205
25.1348	-2.03403
25.1448	-2.036
25.1548	-2.03797
25.1648	-2.03995
25.1748	-2.04193
25.1848	-2.04391
25.1947	-2.04589
25.2047	-2.04787
25.2147	-2.04985
25.2247	-2.05184
25.2347	-2.05382
25.2446	-2.05581
25.2546	-2.0578
25.2646	-2.05979
25.2746	-2.06178
25.2846	-2.06377
25.2946	-2.06577
25.3045	-2.06776
25.3145	-2.06976
25.3245	-2.07176
25.3345	-2.07375
25.3445	-2.07576
25.3545	-2.07776
25.3644	-2.07976
25.3744	-2.08177
25.3844	-2.08377
25.3944	-2.08578
25.4044	-2.08779
25.4143	-2.0898
25.4243	-2.09181
25.4343	-2.09382
25.4443	-2.09584
25.4543	-2.09785
25.4643	-2.09987
25.4742	-2.10189
25.4842	-2.10391
25.4942	-2.10593
25.5042	-2.10795
25.5142	-2.10998
25.5241	-2.112
25.5341	-2.11403
25.5441	-2.11606
25.5541	-2.11808
25.5641	-2.12012
25.5741	-2.12215
25.584	-2.12418
25.594	-2.12622
25.604	-2.12825
25.614	-2.13029
25.624	-2.13233
25.6339	-2.13437
25.6439	-2.13641
25.6539	-2.13845
25.6639	-2.1405
25.6739	-2.14254
25.6839	-2.14459
25.6938	-2.14664
25.7038	-2.14869
25.7138	-2.15074
25.7238	-2.15279
25.7338	-2.15485
25.7437	-2.1569
25.7537	-2.15896
25.7637	-2.16102
25.7737	-2.16308
25.7837	-2.16514
25.7937	-2.1672
25.8036	-2.16927
25.8136	-2.17133
25.8236	-2.1734
25.8336	-2.17547
25.8436	-2.17754
25.8536	-2.17961
25.8635	-2.18168
25.8735	-2.18375
25.8835	-2.18583
25.8935	-2.1879
25.9035	-2.18998
25.9134	-2.19206
25.9234	-2.19414
25.9334	-2.19622
25.9434	-2.19831
25.9534	-2.20039
25.9634	-2.20248
25.9733	-2.20456
25.9833	-2.20665
25.9933	-2.20874
26.0033	-2.21083
26.0133	-2.21293
26.0232	-2.21502
26.0332	-2.21712
26.0432	-2.21921
26.0532	-2.22131
26.0632	-2.22341
26.0732	-2.22551
26.0831	-2.22762
26.0931	-2.22972
26.1031	-2.23183
26.1131	-2.23393
26.1231	-2.23604
26.133	-2.23815
26.143	-2.24026
26.153	-2.24238
26.163	-2.24449
26.173	-2.24661
26.183	-2.24872
26.1929	-2.25084
26.2029	-2.25296
26.2129	-2.25508
26.2229	-2.2572
26.2329	-2.25933
26.2428	-2.26145
26.2528	-2.26358
26.2628	-2.26571
26.2728	-2.26784
26.2828	-2.26997
26.2928	-2.2721
26.3027	-2.27423
26.3127	-2.27637
26.3227	-2.2785
26.3327	-2.28064
26.3427	-2.28278
26.3527	-2.28492
26.3626	-2.28707
26.3726	-2.28921
26.3826	-2.29135
26.3926	-2.2935
26.4026	-2.29565
26.4125	-2.2978
26.4225	-2.29995
26.4325	-2.3021
26.4425	-2.30425
26.4525	-2.30641
26.4625	-2.30856
26.4724	-2.31072
26.4824	-2.31288
26.4924	-2.31504
26.5024	-2.3172
26.5124	-2.31937
26.5223	-2.32153
26.5323	-2.3237
26.5423	-2.32587
26.5523	-2.32803
26.5623	-2.33021
26.5723	-2.33238
26.5822	-2.33455
26.5922	-2.33673
26.6022	-2.3389
26.6122	-2.34108
26.6222	-2.34326
26.6321	-2.34544
26.6421	-2.34762
26.6521	-2.3498
26.6621	-2.35199
26.6721	-2.35417
26.6821	-2.35636
26.692	-2.35855
26.702	-2.36074
26.712	-2.36293
26.722	-2.36513
26.732	-2.36732
26.7419	-2.36952
26.7519	-2.37172
26.7619	-2.37391
26.7719	-2.37611
26.7819	-2.37832
26.7919	-2.38052
26.8018	-2.38272
26.8118	-2.38493
26.8218	-2.38714
26.8318	-2.38935
26.8418	-2.39156
26.8518	-2.39377
26.8617	-2.39598
26.8717	-2.3982
26.8817	-2.40041
26.8917	-2.40263
26.9017	-2.40485
26.9116	-2.40707
26.9216	-2.40929
26.9316	-2.41152
26.9416	-2.41374
26.9516	-2.41597
26.9616	-2.4182
26.9715	-2.42043
26.9815	-2.42266
26.9915	-2.42489
27.0015	-2.42712
27.0115	-2.42936
27.0214	-2.43159
27.0314	-2.43383
27.0414	-2.43607
27.0514	-2.43831
27.0614	-2.44055
27.0714	-2.4428
27.0813	-2.44504
27.0913	-2.44729
27.1013	-2.44954
27.1113	-2.45179
27.1213	-2.45404
27.1312	-2.45629
27.1412	-2.45854
27.1512	-2.4608
27.1612	-2.46305
27.1712	-2.46531
27.1812	-2.46757
27.1911	-2.46983
27.2011	-2.47209
27.2111	-2.47436
27.2211	-2.47662
27.2311	-2.47889
27.241	-2.48116
27.251	-2.48343
27.261	-2.4857
27.271	-2.48797
27.281	-2.49025
27.291	-2.49252
27.3009	-2.4948
27.3109	-2.49708
27.3209	-2.49936
27.3309	-2.50164
27.3409	-2.50392
27.3509	-2.50621
27.3608	-2.50849
27.3708	-2.51078
27.3808	-2.51307
27.3908	-2.51536
27.4008	-2.51765
27.4107	-2.51994
27.4207	-2.52224
27.4307	-2.52453
27.4407	-2.52683
27.4507	-2.52913
27.4607	-2.53143
27.4706	-2.53373
27.4806	-2.53603
27.4906	-2.53834
27.5006	-2.54064
27.5106	-2.54295
27.5205	-2.54526
27.5305	-2.54757
27.5405	-2.54988
27.5505	-2.5522
27.5605	-2.55451
27.5705	-2.55683
27.5804	-2.55915
27.5904	-2.56147
27.6004	-2.56379
27.6104	-2.56611
27.6204	-2.56843
27.6303	-2.57076
27.6403	-2.57309
27.6503	-2.57541
27.6603	-2.57774
27.6703	-2.58007
27.6803	-2.58241
27.6902	-2.58474
27.7002	-2.58708
27.7102	-2.58941
27.7202	-2.59175
27.7302	-2.59409
27.7401	-2.59643
27.7501	-2.59878
27.7601	-2.60112
27.7701	-2.60347
27.7801	-2.60581
27.7901	-2.60816
27.8	-2.61051
27.81	-2.61286
27.82	-2.61522
27.83	-2.61757
27.84	-2.61993
27.8499	-2.62229
27.8599	-2.62465
27.8699	-2.62701
27.8799	-2.62937
27.8899	-2.63173
27.8999	-2.6341
27.9098	-2.63646
27.9198	-2.63883
27.9298	-2.6412
27.9398	-2.64357
27.9498	-2.64594
27.9598	-2.64832
27.9697	-2.65069
27.9797	-2.65307
27.9897	-2.65545
27.9997	-2.65783
28.0097	-2.66021
28.0196	-2.66259
28.0296	-2.66498
28.0396	-2.66736
28.0496	-2.66975
28.0596	-2.67214
28.0696	-2.67453
28.0795	-2.67692
28.0895	-2.67931
28.0995	-2.68171
28.1095	-2.6841
28.1195	-2.6865
28.1294	-2.6889
28.1394	-2.6913
28.1494	-2.6937
28.1594	-2.69611
28.1694	-2.69851
28.1794	-2.70092
28.1893	-2.70333
28.1993	-2.70574
28.2093	-2.70815
28.2193	-2.71056
28.2293	-2.71298
28.2392	-2.71539
28.2492	-2.71781
28.2592	-2.72023
28.2692	-2.72265
28.2792	-2.72507
28.2892	-2.72749
28.2991	-2.72992
28.3091	-2.73234
28.3191	-2.73477
28.3291	-2.7372
28.3391	-2.73963
28.349	-2.74206
28.359	-2.74449
28.369	-2.74693
28.379	-2.74937
28.389	-2.7518
28.399	-2.75424
28.4089	-2.75668
28.4189	-2.75913
28.4289	-2.76157
28.4389	-2.76402
28.4489	-2.76646
28.4589	-2.76891
28.4688	-2.77136
28.4788	-2.77381
28.4888	-2.77627
28.4988	-2.77872
28.5088	-2.78118
28.5187	-2.78363
28.5287	-2.78609
28.5387	-2.78855
28.5487	-2.79102
28.5587	-2.79348
28.5687	-2.79594
28.5786	-2.79841
28.5886	-2.80088
28.5986	-2.80335
28.6086	-2.80582
28.6186	-2.80829
28.6285	-2.81077
28.6385	-2.81324
28.6485	-2.81572
28.6585	-2.8182
28.6685	-2.82068
28.6785	-2.82316
28.6884	-2.82564
28.6984	-2.82813
28.7084	-2.83061
28.7184	-2.8331
28.7284	-2.83559
28.7383	-2.83808
28.7483	-2.84057
28.7583	-2.84307
28.7683	-2.84556
28.7783	-2.84806
28.7883	-2.85056
28.7982	-2.85305
28.8082	-2.85556
28.8182	-2.85806
28.8282	-2.86056
28.8382	-2.86307
28.8481	-2.86558
28.8581	-2.86808
28.8681	-2.87059
28.8781	-2.87311
28.8881	-2.87562
28.8981	-2.87813
28.908	-2.88065
28.918	-2.88317
28.928	-2.88569
28.938	-2.88821
28.948	-2.89073
28.958	-2.89326
28.9679	-2.89578
28.9779	-2.89831
28.9879	-2.90084
28.9979	-2.90337
29.0079	-2.9059
29.0178	-2.90843
29.0278	-2.91097
29.0378	-2.9135
29.0478	-2.91604
29.0578	-2.91858
29.0678	-2.92112
29.0777	-2.92366
29.0877	-2.9262
29.0977	-2.92875
29.1077	-2.9313
29.1177	-2.93384
29.1276	-2.93639
29.1376	-2.93895
29.1476	-2.9415
29.1576	-2.94405
29.1676	-2.94661
29.1776	-2.94917
29.1875	-2.95172
29.1975	-2.95428
29.2075	-2.95685
29.2175	-2.95941
29.2275	-2.96197
29.2374	-2.96454
29.2474	-2.96711
29.2574	-2.96968
29.2674	-2.97225
29.2774	-2.97482
29.2874	-2.9774
29.2973	-2.97997
29.3073	-2.98255
29.3173	-2.98513
29.3273	-2.98771
29.3373	-2.99029
29.3472	-2.99287
29.3572	-2.99546
29.3672	-2.99804
29.3772	-3.00063
29.3872	-3.00322
29.3972	-3.00581
29.4071	-3.0084
29.4171	-3.011
29.4271	-3.01359
29.4371	-3.01619
29.4471	-3.01879
29.4571	-3.02139
29.467	-3.02399
29.477	-3.02659
29.487	-3.0292
29.497	-3.03181
29.507	-3.03441
29.5169	-3.03702
29.5269	-3.03963
29.5369	-3.04225
29.5469	-3.04486
29.5569	-3.04747
29.5669	-3.05009
29.5768	-3.05271
29.5868	-3.05533
29.5968	-3.05795
29.6068	-3.06057
29.6168	-3.0632
29.6267	-3.06583
29.6367	-3.06845
29.6467	-3.07108
29.6567	-3.07371
29.6667	-3.07635
29.6767	-3.07898
29.6866	-3.08161
29.6966	-3.08425
29.7066	-3.08689
29.7166	-3.08953
29.7266	-3.09217
29.7365	-3.09481
29.7465	-3.09746
29.7565	-3.1001
29.7665	-3.10275
29.7765	-3.1054
29.7865	-3.10805
29.7964	-3.1107
29.8064	-3.11336
29.8164	-3.11601
29.8264	-3.11867
29.8364	-3.12133
29.8463	-3.12399
29.8563	-3.12665
29.8663	-3.12931
29.8763	-3.13198
29.8863	-3.13464
29.8963	-3.13731
29.9062	-3.13998
29.9162	-3.14265
29.9262	-3.14532
29.9362	-3.148
29.9462	-3.15067
29.9562	-3.15335
29.9661	-3.15603
29.9761	-3.15871
29.9861	-3.16139
29.9961	-3.16407
30.0061	-3.16676
30.016	-3.16944
30.026	-3.17213
30.036	-3.17482
30.046	-3.17751
30.056	-3.1802
30.066	-3.1829
30.0759	-3.18559
30.0859	-3.18829
30.0959	-3.19099
30.1059	-3.19369
30.1159	-3.19639
30.1258	-3.19909
30.1358	-3.2018
30.1458	-3.2045
30.1558	-3.20721
30.1658	-3.20992
30.1758	-3.21263
30.1857	-3.21534
30.1957	-3.21806
30.2057	-3.22077
30.2157	-3.22349
30.2257	-3.22621
30.2356	-3.22893
30.2456	-3.23165
30.2556	-3.23437
30.2656	-3.2371
30.2756	-3.23982
30.2856	-3.24255
30.2955	-3.24528
30.3055	-3.24801
30.3155	-3.25074
30.3255	-3.25348
30.3355	-3.25621
30.3454	-3.25895
30.3554	-3.26169
30.3654	-3.26443
30.3754	-3.26717
30.3854	-3.26992
30.3954	-3.27266
30.4053	-3.27541
30.4153	-3.27815
30.4253	-3.2809
30.4353	-3.28366
30.4453	-3.28641
30.4553	-3.28916
30.4652	-3.29192
30.4752	-3.29468
30.4852	-3.29743
30.4952	-3.30019
30.5052	-3.30296
30.5151	-3.30572
30.5251	-3.30848
30.5351	-3.31125
30.5451	-3.31402
30.5551	-3.31679
30.5651	-3.31956
30.575	-3.32233
30.585	-3.32511
30.595	-3.32788
30.605	-3.33066
30.615	-3.33344
30.6249	-3.33622
30.6349	-3.339
30.6449	-3.34179
30.6549	-3.34457
30.6649	-3.34736
30.6749	-3.35015
30.6848	-3.35294
30.6948	-3.35573
30.7048	-3.35852
30.7148	-3.36132
30.7248	-3.36411
30.7347	-3.36691
30.7447	-3.36971
30.7547	-3.37251
30.7647	-3.37531
30.7747	-3.37812
30.7847	-3.38092
30.7946	-3.38373
30.8046	-3.38654
30.8146	-3.38935
30.8246	-3.39216
30.8346	-3.39497
30.8445	-3.39779
30.8545	-3.4006
30.8645	-3.40342
30.8745	-3.40624
30.8845	-3.40906
30.8945	-3.41188
30.9044	-3.41471
30.9144	-3.41753
30.9244	-3.42036
30.9344	-3.42319
30.9444	-3.42602
30.9544	-3.42885
30.9643	-3.43169
30.9743	-3.43452
30.9843	-3.43736
30.9943	-3.4402
31.0043	-3.44303
31.0142	-3.44588
31.0242	-3.44872
31.0342	-3.45156
31.0442	-3.45441
31.0542	-3.45726
31.0642	-3.46011
31.0741	-3.46296
31.0841	-3.46581
31.0941	-3.46866
31.1041	-3.47152
31.1141	-3.47437
31.124	-3.47723
31.134	-3.48009
31.144	-3.48295
31.154	-3.48582
31.164	-3.48868
31.174	-3.49155
31.1839	-3.49442
31.1939	-3.49729
31.2039	-3.50016
31.2139	-3.50303
31.2239	-3.5059
31.2338	-3.50878
31.2438	-3.51166
31.2538	-3.51453
31.2638	-3.51741
31.2738	-3.5203
31.2838	-3.52318
31.2937	-3.52606
31.3037	-3.52895
31.3137	-3.53184
31.3237	-3.53473
31.3337	-3.53762
31.3436	-3.54051
31.3536	-3.54341
31.3636	-3.5463
31.3736	-3.5492
31.3836	-3.5521
31.3936	-3.555
31.4035	-3.5579
31.4135	-3.56081
31.4235	-3.56371
31.4335	-3.56662
31.4435	-3.56953
31.4535	-3.57244
31.4634	-3.57535
31.4734	-3.57826
31.4834	-3.58118
31.4934	-3.58409
31.5034	-3.58701
31.5133	-3.58993
31.5233	-3.59285
31.5333	-3.59577
31.5433	-3.5987
31.5533	-3.60162
31.5633	-3.60455
31.5732	-3.60748
31.5832	-3.61041
31.5932	-3.61334
31.6032	-3.61627
31.6132	-3.61921
31.6231	-3.62214
31.6331	-3.62508
31.6431	-3.62802
31.6531	-3.63096
31.6631	-3.63391
31.6731	-3.63685
31.683	-3.6398
31.693	-3.64274
31.703	-3.64569
31.713	-3.64864
31.723	-3.65159
31.7329	-3.65455
31.7429	-3.6575
31.7529	-3.66046
31.7629	-3.66342
31.7729	-3.66638
31.7829	-3.66934
31.7928	-3.6723
31.8028	-3.67527
31.8128	-3.67823
31.8228	-3.6812
31.8328	-3.68417
31.8427	-3.68714
31.8527	-3.69011
31.8627	-3.69309
31.8727	-3.69606
31.8827	-3.69904
31.8927	-3.70202
31.9026	-3.705
31.9126	-3.70798
31.9226	-3.71097
31.9326	-3.71395
31.9426	-3.71694
31.9526	-3.71992
31.9625	-3.72291
31.9725	-3.72591
31.9825	-3.7289
31.9925	-3.73189
32.0025	-3.73489
32.0124	-3.73789
32.0224	-3.74089
32.0324	-3.74389
32.0424	-3.74689
32.0524	-3.74989
32.0624	-3.7529
32.0723	-3.7559
32.0823	-3.75891
32.0923	-3.76192
32.1023	-3.76493
32.1123	-3.76795
32.1222	-3.77096
32.1322	-3.77398
32.1422	-3.777
32.1522	-3.78001
32.1622	-3.78304
32.1722	-3.78606
32.1821	-3.78908
32.1921	-3.79211
32.2021	-3.79514
32.2121	-3.79816
32.2221	-3.80119
32.232	-3.80423
32.242	-3.80726
32.252	-3.81029
32.262	-3.81333
32.272	-3.81637
32.282	-3.81941
32.2919	-3.82245
32.3019	-3.82549
32.3119	-3.82854
32.3219	-3.83158
32.3319	-3.83463
32.3418	-3.83768
32.3518	-3.84073
32.3618	-3.84378
32.3718	-3.84684
32.3818	-3.84989
32.3918	-3.85295
32.4017	-3.85601
32.4117	-3.85907
32.4217	-3.86213
32.4317	-3.86519
32.4417	-3.86826
32.4517	-3.87132
32.4616	-3.87439
32.4716	-3.87746
32.4816	-3.88053
32.4916	-3.8836
32.5016	-3.88668
32.5115	-3.88975
32.5215	-3.89283
32.5315	-3.89591
32.5415	-3.89899
32.5515	-3.90207
32.5615	-3.90515
32.5714	-3.90824
32.5814	-3.91133
32.5914	-3.91441
32.6014	-3.9175
32.6114	-3.9206
32.6213	-3.92369
32.6313	-3.92678
32.6413	-3.92988
32.6513	-3.93298
32.6613	-3.93608
32.6713	-3.93918
32.6812	-3.94228
32.6912	-3.94538
32.7012	-3.94849
32.7112	-3.95159
32.7212	-3.9547
32.7311	-3.95781
32.7411	-3.96092
32.7511	-3.96404
32.7611	-3.96715
32.7711	-3.97027
32.7811	-3.97339
32.791	-3.97651
32.801	-3.97963
32.811	-3.98275
32.821	-3.98587
32.831	-3.989
32.8409	-3.99213
32.8509	-3.99525
32.8609	-3.99838
32.8709	-4.00152
32.8809	-4.00465
32.8909	-4.00779
32.9008	-4.01092
32.9108	-4.01406
32.9208	-4.0172
32.9308	-4.02034
32.9408	-4.02348
32.9508	-4.02663
32.9607	-4.02977
32.9707	-4.03292
32.9807	-4.03607
32.9907	-4.03922
33.0007	-4.04237
33.0106	-4.04553
33.0206	-4.04868
33.0306	-4.05184
33.0406	-4.055
33.0506	-4.05816
33.0606	-4.06132
33.0705	-4.06448
33.0805	-4.06765
33.0905	-4.07081
33.1005	-4.07398
33.1105	-4.07715
33.1204	-4.08032
33.1304	-4.08349
33.1404	-4.08667
33.1504	-4.08984
33.1604	-4.09302
33.1704	-4.0962
33.1803	-4.09938
33.1903	-4.10256
33.2003	-4.10574
33.2103	-4.10893
33.2203	-4.11211
33.2302	-4.1153
33.2402	-4.11849
33.2502	-4.12168
33.2602	-4.12488
33.2702	-4.12807
33.2802	-4.13127
33.2901	-4.13446
33.3001	-4.13766
33.3101	-4.14086
33.3201	-4.14406
33.3301	-4.14727
33.34	-4.15047
33.35	-4.15368
33.36	-4.15689
33.37	-4.1601
33.38	-4.16331
33.39	-4.16652
33.3999	-4.16974
33.4099	-4.17295
33.4199	-4.17617
33.4299	-4.17939
33.4399	-4.18261
33.4498	-4.18583
33.4598	-4.18906
33.4698	-4.19228
33.4798	-4.19551
33.4898	-4.19874
33.4998	-4.20197
33.5097	-4.2052
33.5197	-4.20843
33.5297	-4.21167
33.5397	-4.2149
33.5497	-4.21814
33.5597	-4.22138
33.5696	-4.22462
33.5796	-4.22786
33.5896	-4.23111
33.5996	-4.23435
33.6096	-4.2376
33.6195	-4.24085
33.6295	-4.2441
33.6395	-4.24735
33.6495	-4.2506
33.6595	-4.25386
33.6695	-4.25711
33.6794	-4.26037
33.6894	-4.26363
33.6994	-4.26689
33.7094	-4.27015
33.7194	-4.27342
33.7293	-4.27668
33.7393	-4.27995
33.7493	-4.28322
33.7593	-4.28649
33.7693	-4.28976
33.7793	-4.29304
33.7892	-4.29631
33.7992	-4.29959
33.8092	-4.30286
33.8192	-4.30614
33.8292	-4.30943
33.8391	-4.31271
33.8491	-4.31599
33.8591	-4.31928
33.8691	-4.32257
33.8791	-4.32585
33.8891	-4.32914
33.899	-4.33244
33.909	-4.33573
33.919	-4.33903
33.929	-4.34232
33.939	-4.34562
33.9489	-4.34892
33.9589	-4.35222
33.9689	-4.35552
33.9789	-4.35883
33.9889	-4.36213
33.9989	-4.36544
34.0088	-4.36875
34.0188	-4.37206
34.0288	-4.37537
34.0388	-4.37869
34.0488	-4.382
34.0588	-4.38532
34.0687	-4.38864
34.0787	-4.39196
34.0887	-4.39528
34.0987	-4.3986
34.1087	-4.40192
34.1186	-4.40525
34.1286	-4.40858
34.1386	-4.41191
34.1486	-4.41524
34.1586	-4.41857
34.1686	-4.4219
34.1785	-4.42524
34.1885	-4.42858
34.1985	-4.43191
34.2085	-4.43525
34.2185	-4.43859
34.2284	-4.44194
34.2384	-4.44528
34.2484	-4.44863
34.2584	-4.45198
34.2684	-4.45532
34.2784	-4.45868
34.2883	-4.46203
34.2983	-4.46538
34.3083	-4.46874
34.3183	-4.47209
34.3283	-4.47545
34.3382	-4.47881
34.3482	-4.48217
34.3582	-4.48554
34.3682	-4.4889
34.3782	-4.49227
34.3882	-4.49563
34.3981	-4.499
34.4081	-4.50237
34.4181	-4.50574
34.4281	-4.50912
34.4381	-4.51249
34.448	-4.51587
34.458	-4.51925
34.468	-4.52263
34.478	-4.52601
34.488	-4.52939
34.498	-4.53278
34.5079	-4.53616
34.5179	-4.53955
34.5279	-4.54294
34.5379	-4.54633
34.5479	-4.54972
34.5579	-4.55312
34.5678	-4.55651
34.5778	-4.55991
34.5878	-4.56331
34.5978	-4.5667
34.6078	-4.57011
34.6177	-4.57351
34.6277	-4.57691
34.6377	-4.58032
34.6477	-4.58373
34.6577	-4.58714
34.6677	-4.59055
34.6776	-4.59396
34.6876	-4.59737
34.6976	-4.60079
34.7076	-4.6042
34.7176	-4.60762
34.7275	-4.61104
34.7375	-4.61446
34.7475	-4.61788
34.7575	-4.62131
34.7675	-4.62473
34.7775	-4.62816
34.7874	-4.63159
34.7974	-4.63502
34.8074	-4.63845
34.8174	-4.64189
34.8274	-4.64532
34.8373	-4.64876
34.8473	-4.65219
34.8573	-4.65563
34.8673	-4.65907
34.8773	-4.66252
34.8873	-4.66596
34.8972	-4.66941
34.9072	-4.67285
34.9172	-4.6763
34.9272	-4.67975
34.9372	-4.6832
34.9471	-4.68666
34.9571	-4.69011
34.9671	-4.69357
34.9771	-4.69703
34.9871	-4.70048
34.9971	-4.70395
35.007	-4.70741
35.017	-4.71087
35.027	-4.71434
35.037	-4.7178
35.047	-4.72127
35.057	-4.72474
35.0669	-4.72821
35.0769	-4.73169
35.0869	-4.73516
35.0969	-4.73864
35.1069	-4.74211
35.1168	-4.74559
35.1268	-4.74907
35.1368	-4.75255
35.1468	-4.75604
35.1568	-4.75952
35.1668	-4.76301
35.1767	-4.7665
35.1867	-4.76999
35.1967	-4.77348
35.2067	-4.77697
35.2167	-4.78046
35.2266	-4.78396
35.2366	-4.78746
35.2466	-4.79096
35.2566	-4.79446
35.2666	-4.79796
35.2766	-4.80146
35.2865	-4.80497
35.2965	-4.80847
35.3065	-4.81198
35.3165	-4.81549
35.3265	-4.819
35.3364	-4.82251
35.3464	-4.82603
35.3564	-4.82954
35.3664	-4.83306
35.3764	-4.83658
35.3864	-4.8401
35.3963	-4.84362
35.4063	-4.84714
35.4163	-4.85066
35.4263	-4.85419
35.4363	-4.85772
35.4462	-4.86125
35.4562	-4.86478
35.4662	-4.86831
35.4762	-4.87184
35.4862	-4.87538
35.4962	-4.87891
35.5061	-4.88245
35.5161	-4.88599
35.5261	-4.88953
35.5361	-4.89307
35.5461	-4.89662
35.5561	-4.90016
35.566	-4.90371
35.576	-4.90726
35.586	-4.91081
35.596	-4.91436
35.606	-4.91791
35.6159	-4.92146
35.6259	-4.92502
35.6359	-4.92858
35.6459	-4.93214
35.6559	-4.9357
35.6659	-4.93926
35.6758	-4.94282
35.6858	-4.94639
35.6958	-4.94995
35.7058	-4.95352
35.7158	-4.95709
35.7257	-4.96066
35.7357	-4.96423
35.7457	-4.96781
35.7557	-4.97138
35.7657	-4.97496
35.7757	-4.97854
35.7856	-4.98212
35.7956	-4.9857
35.8056	-4.98928
35.8156	-4.99287
35.8256	-4.99645
35.8355	-5.00004
35.8455	-5.00363
35.8555	-5.00722
35.8655	-5.01081
35.8755	-5.0144
35.8855	-5.018
35.8954	-5.02159
35.9054	-5.02519
35.9154	-5.02879
35.9254	-5.03239
35.9354	-5.03599
35.9453	-5.0396
35.9553	-5.0432
35.9653	-5.04681
35.9753	-5.05042
35.9853	-5.05403
35.9953	-5.05764
36.0052	-5.06125
36.0152	-5.06486
36.0252	-5.06848
36.0352	-5.0721
36.0452	-5.07572
36.0552	-5.07934
36.0651	-5.08296
36.0751	-5.08658
36.0851	-5.0902
36.0951	-5.09383
36.1051	-5.09746
36.115	-5.10109
36.125	-5.10472
36.135	-5.10835
36.145	-5.11198
36.155	-5.11562
36.165	-5.11925
36.1749	-5.12289
36.1849	-5.12653
36.1949	-5.13017
36.2049	-5.13381
36.2149	-5.13746
36.2248	-5.1411
36.2348	-5.14475
36.2448	-5.1484
36.2548	-5.15205
36.2648	-5.1557
36.2748	-5.15935
36.2847	-5.163
36.2947	-5.16666
36.3047	-5.17032
36.3147	-5.17397
36.3247	-5.17763
36.3346	-5.1813
36.3446	-5.18496
36.3546	-5.18862
36.3646	-5.19229
36.3746	-5.19596
36.3846	-5.19962
36.3945	-5.20329
36.4045	-5.20697
36.4145	-5.21064
36.4245	-5.21431
36.4345	-5.21799
36.4444	-5.22167
36.4544	-5.22535
36.4644	-5.22903
36.4744	-5.23271
36.4844	-5.23639
36.4944	-5.24008
36.5043	-5.24376
36.5143	-5.24745
36.5243	-5.25114
36.5343	-5.25483
36.5443	-5.25852
36.5543	-5.26222
36.5642	-5.26591
36.5742	-5.26961
36.5842	-5.27331
36.5942	-5.27701
36.6042	-5.28071
36.6141	-5.28441
36.6241	-5.28811
36.6341	-5.29182
36.6441	-5.29553
36.6541	-5.29923
36.6641	-5.30294
36.674	-5.30666
36.684	-5.31037
36.694	-5.31408
36.704	-5.3178
36.714	-5.32152
36.7239	-5.32523
36.7339	-5.32895
36.7439	-5.33267
36.7539	-5.3364
36.7639	-5.34012
36.7739	-5.34385
36.7838	-5.34757
36.7938	-5.3513
36.8038	-5.35503
36.8138	-5.35877
36.8238	-5.3625
36.8337	-5.36623
36.8437	-5.36997
36.8537	-5.37371
36.8637	-5.37744
36.8737	-5.38119
36.8837	-5.38493
36.8936	-5.38867
36.9036	-5.39241
36.9136	-5.39616
36.9236	-5.39991
36.9336	-5.40366
36.9435	-5.40741
36.9535	-5.41116
36.9635	-5.41491
36.9735	-5.41867
36.9835	-5.42242
36.9935	-5.42618
37.0034	-5.42994
37.0134	-5.4337
37.0234	-5.43746
37.0334	-5.44123
37.0434	-5.44499
37.0534	-5.44876
37.0633	-5.45253
37.0733	-5.45629
37.0833	-5.46006
37.0933	-5.46384
37.1033	-5.46761
37.1132	-5.47139
37.1232	-5.47516
37.1332	-5.47894
37.1432	-5.48272
37.1532	-5.4865
37.1632	-5.49028
37.1731	-5.49407
37.1831	-5.49785
37.1931	-5.50164
37.2031	-5.50542
37.2131	-5.50921
37.223	-5.513
37.233	-5.5168
37.243	-5.52059
37.253	-5.52439
37.263	-5.52818
37.273	-5.53198
37.2829	-5.53578
37.2929	-5.53958
37.3029	-5.54338
37.3129	-5.54719
37.3229	-5.55099
37.3328	-5.5548
37.3428	-5.5586
37.3528	-5.56241
37.3628	-5.56622
37.3728	-5.57004
37.3828	-5.57385
37.3927	-5.57767
37.4027	-5.58148
37.4127	-5.5853
37.4227	-5.58912
37.4327	-5.59294
37.4426	-5.59676
37.4526	-5.60059
37.4626	-5.60441
37.4726	-5.60824
37.4826	-5.61206
37.4926	-5.61589
37.5025	-5.61972
37.5125	-5.62356
37.5225	-5.62739
37.5325	-5.63122
37.5425	-5.63506
37.5525	-5.6389
37.5624	-5.64274
37.5724	-5.64658
37.5824	-5.65042
37.5924	-5.65426
37.6024	-5.65811
37.6123	-5.66196
37.6223	-5.6658
37.6323	-5.66965
37.6423	-5.6735
37.6523	-5.67735
37.6623	-5.68121
37.6722	-5.68506
37.6822	-5.68892
37.6922	-5.69278
37.7022	-5.69663
37.7122	-5.7005
37.7221	-5.70436
37.7321	-5.70822
37.7421	-5.71208
37.7521	-5.71595
37.7621	-5.71982
37.7721	-5.72369
37.782	-5.72756
37.792	-5.73143
37.802	-5.7353
37.812	-5.73918
37.822	-5.74305
37.8319	-5.74693
37.8419	-5.75081
37.8519	-5.75469
37.8619	-5.75857
37.8719	-5.76245
37.8819	-5.76634
37.8918	-5.77022
37.9018	-5.77411
37.9118	-5.778
37.9218	-5.78189
37.9318	-5.78578
37.9417	-5.78967
37.9517	-5.79357
37.9617	-5.79746
37.9717	-5.80136
37.9817	-5.80526
37.9917	-5.80916
38.0016	-5.81306
38.0116	-5.81696
38.0216	-5.82086
38.0316	-5.82477
38.0416	-5.82867
38.0516	-5.83258
38.0615	-5.83649
38.0715	-5.8404
38.0815	-5.84431
38.0915	-5.84823
38.1015	-5.85214
38.1114	-5.85606
38.1214	-5.85998
38.1314	-5.8639
38.1414	-5.86782
38.1514	-5.87174
38.1614	-5.87566
38.1713	-5.87959
38.1813	-5.88351
38.1913	-5.88744
38.2013	-5.89137
38.2113	-5.8953
38.2212	-5.89923
38.2312	-5.90316
38.2412	-5.9071
38.2512	-5.91103
38.2612	-5.91497
38.2712	-5.91891
38.2811	-5.92285
38.2911	-5.92679
38.3011	-5.93073
38.3111	-5.93468
38.3211	-5.93862
38.331	-5.94257
38.341	-5.94652
38.351	-5.95047
38.361	-5.95442
38.371	-5.95837
38.381	-5.96232
38.3909	-5.96628
38.4009	-5.97023
38.4109	-5.97419
38.4209	-5.97815
38.4309	-5.98211
38.4408	-5.98607
38.4508	-5.99004
38.4608	-5.994
38.4708	-5.99797
38.4808	-6.00193
38.4908	-6.0059
38.5007	-6.00987
38.5107	-6.01384
38.5207	-6.01782
38.5307	-6.02179
38.5407	-6.02577
38.5507	-6.02974
38.5606	-6.03372
38.5706	-6.0377
38.5806	-6.04168
38.5906	-6.04566
38.6006	-6.04965
38.6105	-6.05363
38.6205	-6.05762
38.6305	-6.06161
38.6405	-6.0656
38.6505	-6.06959
38.6605	-6.07358
38.6704	-6.07757
38.6804	-6.08157
38.6904	-6.08556
38.7004	-6.08956
38.7104	-6.09356
38.7203	-6.09756
38.7303	-6.10156
38.7403	-6.10556
38.7503	-6.10957
38.7603	-6.11357
38.7703	-6.11758
38.7802	-6.12159
38.7902	-6.1256
38.8002	-6.12961
38.8102	-6.13362
38.8202	-6.13763
38.8301	-6.14165
38.8401	-6.14566
38.8501	-6.14968
38.8601	-6.1537
38.8701	-6.15772
38.8801	-6.16174
38.89	-6.16577
38.9	-6.16979
38.91	-6.17382
38.92	-6.17784
38.93	-6.18187
38.9399	-6.1859
38.9499	-6.18993
38.9599	-6.19396
38.9699	-6.198
38.9799	-6.20203
38.9899	-6.20607
38.9998	-6.21011
39.0098	-6.21415
39.0198	-6.21819
39.0298	-6.22223
39.0398	-6.22627
39.0497	-6.23032
39.0597	-6.23436
39.0697	-6.23841
39.0797	-6.24246
39.0897	-6.24651
39.0997	-6.25056
39.1096	-6.25461
39.1196	-6.25866
39.1296	-6.26272
39.1396	-6.26677
39.1496	-6.27083
39.1596	-6.27489
39.1695	-6.27895
39.1795	-6.28301
39.1895	-6.28708
39.1995	-6.29114
39.2095	-6.29521
39.2194	-6.29927
39.2294	-6.30334
39.2394	-6.30741
39.2494	-6.31148
39.2594	-6.31556
39.2694	-6.31963
39.2793	-6.3237
39.2893	-6.32778
39.2993	-6.33186
39.3093	-6.33594
39.3193	-6.34002
39.3292	-6.3441
39.3392	-6.34818
39.3492	-6.35227
39.3592	-6.35635
39.3692	-6.36044
39.3792	-6.36453
39.3891	-6.36862
39.3991	-6.37271
39.4091	-6.3768
39.4191	-6.38089
39.4291	-6.38499
39.439	-6.38908
39.449	-6.39318
39.459	-6.39728
39.469	-6.40138
39.479	-6.40548
39.489	-6.40958
39.4989	-6.41369
39.5089	-6.41779
39.5189	-6.4219
39.5289	-6.42601
39.5389	-6.43012
39.5488	-6.43423
39.5588	-6.43834
39.5688	-6.44245
39.5788	-6.44657
39.5888	-6.45068
39.5988	-6.4548
39.6087	-6.45892
39.6187	-6.46304
39.6287	-6.46716
39.6387	-6.47128
39.6487	-6.4754
39.6587	-6.47953
39.6686	-6.48365
39.6786	-6.48778
39.6886	-6.49191
39.6986	-6.49604
39.7086	-6.50017
39.7185	-6.5043
39.7285	-6.50844
39.7385	-6.51257
39.7485	-6.51671
39.7585	-6.52085
39.7685	-6.52499
39.7784	-6.52913
39.7884	-6.53327
39.7984	-6.53741
39.8084	-6.54156
39.8184	-6.5457
39.8283	-6.54985
39.8383	-6.554
39.8483	-6.55814
39.8583	-6.5623
39.8683	-6.56645
39.8783	-6.5706
39.8882	-6.57476
39.8982	-6.57891
39.9082	-6.58307
39.9182	-6.58723
39.9282	-6.59139
39.9381	-6.59555
39.9481	-6.59971
39.9581	-6.60387
39.9681	-6.60804
39.9781	-6.6122
39.9881	-6.61637
39.998	-6.62054
