Freq_GHz	Norm_dB_model_sat
0.1	-3.67622e-05
0.109982	-5.35237e-05
0.119964	-7.18789e-05
0.129946	-9.18278e-05
0.139928	-0.00011337
0.14991	-0.000136507
0.159892	-0.000161237
0.169874	-0.00018756
0.179856	-0.000215478
0.189838	-0.000244989
0.19982	-0.000276094
0.209802	-0.000308793
0.219784	-0.000343086
0.229766	-0.000378973
0.239748	-0.000416454
0.24973	-0.000455528
0.259712	-0.000496197
0.269694	-0.00053846
0.279676	-0.000582317
0.289658	-0.000627767
0.29964	-0.000674812
0.309622	-0.000723452
0.319604	-0.000773685
0.329586	-0.000825513
0.339568	-0.000878935
0.34955	-0.000933951
0.359532	-0.000990562
0.369514	-0.00104877
0.379496	-0.00110857
0.389478	-0.00116996
0.39946	-0.00123295
0.409442	-0.00129753
0.419424	-0.00136371
0.429406	-0.00143148
0.439388	-0.00150085
0.44937	-0.00157181
0.459352	-0.00164437
0.469334	-0.00171852
0.479316	-0.00179427
0.489298	-0.00187161
0.49928	-0.00195055
0.509262	-0.00203109
0.519244	-0.00211321
0.529226	-0.00219694
0.539208	-0.00228226
0.54919	-0.00236917
0.559172	-0.00245768
0.569154	-0.00254779
0.579136	-0.00263949
0.589118	-0.00273279
0.5991	-0.00282768
0.609082	-0.00292417
0.619064	-0.00302226
0.629046	-0.00312194
0.639028	-0.00322322
0.64901	-0.00332609
0.658992	-0.00343056
0.668974	-0.00353663
0.678956	-0.00364429
0.688938	-0.00375355
0.69892	-0.00386441
0.708902	-0.00397686
0.718884	-0.00409092
0.728866	-0.00420656
0.738848	-0.00432381
0.74883	-0.00444265
0.758812	-0.00456309
0.768794	-0.00468513
0.778776	-0.00480876
0.788758	-0.004934
0.79874	-0.00506083
0.808722	-0.00518925
0.818704	-0.00531928
0.828686	-0.0054509
0.838668	-0.00558413
0.84865	-0.00571895
0.858632	-0.00585537
0.868614	-0.00599338
0.878596	-0.006133
0.888578	-0.00627421
0.89856	-0.00641703
0.908542	-0.00656144
0.918524	-0.00670745
0.928506	-0.00685506
0.938488	-0.00700427
0.94847	-0.00715508
0.958452	-0.00730749
0.968434	-0.0074615
0.978416	-0.00761711
0.988398	-0.00777432
0.99838	-0.00793313
1.00836	-0.00809354
1.01834	-0.00825555
1.02833	-0.00841916
1.03831	-0.00858437
1.04829	-0.00875118
1.05827	-0.00891959
1.06825	-0.00908961
1.07824	-0.00926122
1.08822	-0.00943444
1.0982	-0.00960926
1.10818	-0.00978568
1.11816	-0.0099637
1.12815	-0.0101433
1.13813	-0.0103245
1.14811	-0.0105074
1.15809	-0.0106918
1.16807	-0.0108778
1.17806	-0.0110655
1.18804	-0.0112547
1.19802	-0.0114456
1.208	-0.011638
1.21798	-0.011832
1.22797	-0.0120277
1.23795	-0.0122249
1.24793	-0.0124238
1.25791	-0.0126243
1.26789	-0.0128263
1.27788	-0.01303
1.28786	-0.0132353
1.29784	-0.0134422
1.30782	-0.0136507
1.3178	-0.0138607
1.32779	-0.0140724
1.33777	-0.0142857
1.34775	-0.0145006
1.35773	-0.0147172
1.36771	-0.0149353
1.3777	-0.015155
1.38768	-0.0153763
1.39766	-0.0155993
1.40764	-0.0158238
1.41762	-0.01605
1.42761	-0.0162777
1.43759	-0.0165071
1.44757	-0.016738
1.45755	-0.0169706
1.46753	-0.0172048
1.47752	-0.0174406
1.4875	-0.017678
1.49748	-0.017917
1.50746	-0.0181576
1.51744	-0.0183999
1.52743	-0.0186437
1.53741	-0.0188892
1.54739	-0.0191362
1.55737	-0.0193849
1.56735	-0.0196352
1.57734	-0.019887
1.58732	-0.0201405
1.5973	-0.0203956
1.60728	-0.0206524
1.61726	-0.0209107
1.62725	-0.0211706
1.63723	-0.0214322
1.64721	-0.0216953
1.65719	-0.0219601
1.66717	-0.0222265
1.67716	-0.0224945
1.68714	-0.0227641
1.69712	-0.0230353
1.7071	-0.0233082
1.71708	-0.0235826
1.72707	-0.0238587
1.73705	-0.0241363
1.74703	-0.0244156
1.75701	-0.0246965
1.76699	-0.024979
1.77698	-0.0252632
1.78696	-0.0255489
1.79694	-0.0258363
1.80692	-0.0261253
1.8169	-0.0264158
1.82689	-0.026708
1.83687	-0.0270019
1.84685	-0.0272973
1.85683	-0.0275944
1.86681	-0.027893
1.8768	-0.0281933
1.88678	-0.0284952
1.89676	-0.0287987
1.90674	-0.0291039
1.91672	-0.0294106
1.92671	-0.029719
1.93669	-0.030029
1.94667	-0.0303406
1.95665	-0.0306538
1.96663	-0.0309687
1.97662	-0.0312852
1.9866	-0.0316032
1.99658	-0.031923
2.00656	-0.0322443
2.01654	-0.0325672
2.02653	-0.0328918
2.03651	-0.033218
2.04649	-0.0335458
2.05647	-0.0338752
2.06645	-0.0342063
2.07644	-0.034539
2.08642	-0.0348733
2.0964	-0.0352092
2.10638	-0.0355467
2.11636	-0.0358859
2.12635	-0.0362267
2.13633	-0.0365691
2.14631	-0.0369131
2.15629	-0.0372588
2.16627	-0.0376061
2.17626	-0.037955
2.18624	-0.0383055
2.19622	-0.0386577
2.2062	-0.0390114
2.21618	-0.0393669
2.22617	-0.0397239
2.23615	-0.0400826
2.24613	-0.0404428
2.25611	-0.0408048
2.26609	-0.0411683
2.27608	-0.0415335
2.28606	-0.0419003
2.29604	-0.0422687
2.30602	-0.0426388
2.316	-0.0430105
2.32599	-0.0433838
2.33597	-0.0437587
2.34595	-0.0441353
2.35593	-0.0445135
2.36591	-0.0448933
2.3759	-0.0452748
2.38588	-0.0456579
2.39586	-0.0460426
2.40584	-0.046429
2.41582	-0.0468169
2.42581	-0.0472066
2.43579	-0.0475978
2.44577	-0.0479907
2.45575	-0.0483852
2.46573	-0.0487814
2.47572	-0.0491792
2.4857	-0.0495786
2.49568	-0.0499796
2.50566	-0.0503823
2.51564	-0.0507867
2.52563	-0.0511926
2.53561	-0.0516002
2.54559	-0.0520094
2.55557	-0.0524203
2.56555	-0.0528328
2.57554	-0.053247
2.58552	-0.0536627
2.5955	-0.0540802
2.60548	-0.0544992
2.61546	-0.0549199
2.62545	-0.0553422
2.63543	-0.0557662
2.64541	-0.0561918
2.65539	-0.0566191
2.66537	-0.0570479
2.67536	-0.0574785
2.68534	-0.0579106
2.69532	-0.0583445
2.7053	-0.0587799
2.71528	-0.059217
2.72527	-0.0596557
2.73525	-0.0600961
2.74523	-0.0605381
2.75521	-0.0609818
2.76519	-0.0614271
2.77518	-0.0618741
2.78516	-0.0623227
2.79514	-0.0627729
2.80512	-0.0632248
2.8151	-0.0636783
2.82509	-0.0641335
2.83507	-0.0645903
2.84505	-0.0650488
2.85503	-0.0655089
2.86501	-0.0659707
2.87499	-0.0664341
2.88498	-0.0668991
2.89496	-0.0673658
2.90494	-0.0678342
2.91492	-0.0683042
2.9249	-0.0687758
2.93489	-0.0692491
2.94487	-0.0697241
2.95485	-0.0702007
2.96483	-0.0706789
2.97481	-0.0711588
2.9848	-0.0716404
2.99478	-0.0721236
3.00476	-0.0726085
3.01474	-0.073095
3.02472	-0.0735831
3.03471	-0.074073
3.04469	-0.0745644
3.05467	-0.0750576
3.06465	-0.0755523
3.07463	-0.0760488
3.08462	-0.0765469
3.0946	-0.0770466
3.10458	-0.077548
3.11456	-0.0780511
3.12454	-0.0785558
3.13453	-0.0790622
3.14451	-0.0795702
3.15449	-0.0800799
3.16447	-0.0805912
3.17445	-0.0811042
3.18444	-0.0816189
3.19442	-0.0821352
3.2044	-0.0826532
3.21438	-0.0831729
3.22436	-0.0836942
3.23435	-0.0842171
3.24433	-0.0847418
3.25431	-0.0852681
3.26429	-0.085796
3.27427	-0.0863256
3.28426	-0.0868569
3.29424	-0.0873899
3.30422	-0.0879245
3.3142	-0.0884607
3.32418	-0.0889987
3.33417	-0.0895383
3.34415	-0.0900796
3.35413	-0.0906225
3.36411	-0.0911671
3.37409	-0.0917134
3.38408	-0.0922613
3.39406	-0.0928109
3.40404	-0.0933622
3.41402	-0.0939151
3.424	-0.0944697
3.43399	-0.095026
3.44397	-0.095584
3.45395	-0.0961436
3.46393	-0.0967049
3.47391	-0.0972679
3.4839	-0.0978325
3.49388	-0.0983988
3.50386	-0.0989668
3.51384	-0.0995364
3.52382	-0.100108
3.53381	-0.100681
3.54379	-0.101255
3.55377	-0.101832
3.56375	-0.10241
3.57373	-0.10299
3.58372	-0.103571
3.5937	-0.104154
3.60368	-0.104739
3.61366	-0.105325
3.62364	-0.105913
3.63363	-0.106503
3.64361	-0.107094
3.65359	-0.107688
3.66357	-0.108282
3.67355	-0.108879
3.68354	-0.109477
3.69352	-0.110077
3.7035	-0.110678
3.71348	-0.111282
3.72346	-0.111886
3.73345	-0.112493
3.74343	-0.113101
3.75341	-0.113711
3.76339	-0.114323
3.77337	-0.114936
3.78336	-0.115551
3.79334	-0.116168
3.80332	-0.116786
3.8133	-0.117406
3.82328	-0.118028
3.83327	-0.118651
3.84325	-0.119277
3.85323	-0.119903
3.86321	-0.120532
3.87319	-0.121162
3.88318	-0.121794
3.89316	-0.122427
3.90314	-0.123063
3.91312	-0.1237
3.9231	-0.124338
3.93309	-0.124979
3.94307	-0.125621
3.95305	-0.126264
3.96303	-0.12691
3.97301	-0.127557
3.983	-0.128206
3.99298	-0.128856
4.00296	-0.129508
4.01294	-0.130162
4.02292	-0.130818
4.03291	-0.131475
4.04289	-0.132134
4.05287	-0.132795
4.06285	-0.133457
4.07283	-0.134121
4.08282	-0.134787
4.0928	-0.135454
4.10278	-0.136124
4.11276	-0.136795
4.12274	-0.137467
4.13273	-0.138141
4.14271	-0.138817
4.15269	-0.139495
4.16267	-0.140174
4.17265	-0.140856
4.18264	-0.141538
4.19262	-0.142223
4.2026	-0.142909
4.21258	-0.143597
4.22256	-0.144287
4.23255	-0.144978
4.24253	-0.145671
4.25251	-0.146366
4.26249	-0.147062
4.27247	-0.14776
4.28246	-0.14846
4.29244	-0.149162
4.30242	-0.149865
4.3124	-0.15057
4.32238	-0.151277
4.33237	-0.151985
4.34235	-0.152695
4.35233	-0.153407
4.36231	-0.154121
4.37229	-0.154836
4.38228	-0.155553
4.39226	-0.156272
4.40224	-0.156992
4.41222	-0.157714
4.4222	-0.158438
4.43219	-0.159164
4.44217	-0.159891
4.45215	-0.16062
4.46213	-0.161351
4.47211	-0.162083
4.4821	-0.162817
4.49208	-0.163553
4.50206	-0.164291
4.51204	-0.16503
4.52202	-0.165771
4.53201	-0.166514
4.54199	-0.167259
4.55197	-0.168005
4.56195	-0.168753
4.57193	-0.169502
4.58192	-0.170254
4.5919	-0.171007
4.60188	-0.171762
4.61186	-0.172518
4.62184	-0.173277
4.63183	-0.174037
4.64181	-0.174799
4.65179	-0.175562
4.66177	-0.176327
4.67175	-0.177094
4.68174	-0.177863
4.69172	-0.178633
4.7017	-0.179406
4.71168	-0.180179
4.72166	-0.180955
4.73165	-0.181732
4.74163	-0.182511
4.75161	-0.183292
4.76159	-0.184075
4.77157	-0.184859
4.78156	-0.185645
4.79154	-0.186433
4.80152	-0.187222
4.8115	-0.188014
4.82148	-0.188807
4.83147	-0.189601
4.84145	-0.190398
4.85143	-0.191196
4.86141	-0.191996
4.87139	-0.192798
4.88138	-0.193601
4.89136	-0.194406
4.90134	-0.195213
4.91132	-0.196022
4.9213	-0.196832
4.93129	-0.197644
4.94127	-0.198458
4.95125	-0.199274
4.96123	-0.200091
4.97121	-0.20091
4.9812	-0.201731
4.99118	-0.202554
5.00116	-0.203378
5.01114	-0.204204
5.02112	-0.205032
5.03111	-0.205862
5.04109	-0.206693
5.05107	-0.207526
5.06105	-0.208361
5.07103	-0.209198
5.08102	-0.210036
5.091	-0.210876
5.10098	-0.211718
5.11096	-0.212562
5.12094	-0.213407
5.13093	-0.214254
5.14091	-0.215103
5.15089	-0.215954
5.16087	-0.216806
5.17085	-0.21766
5.18084	-0.218516
5.19082	-0.219374
5.2008	-0.220234
5.21078	-0.221095
5.22076	-0.221958
5.23075	-0.222823
5.24073	-0.223689
5.25071	-0.224557
5.26069	-0.225427
5.27067	-0.226299
5.28066	-0.227173
5.29064	-0.228048
5.30062	-0.228925
5.3106	-0.229804
5.32058	-0.230685
5.33057	-0.231567
5.34055	-0.232451
5.35053	-0.233337
5.36051	-0.234225
5.37049	-0.235114
5.38048	-0.236006
5.39046	-0.236899
5.40044	-0.237793
5.41042	-0.23869
5.4204	-0.239588
5.43039	-0.240488
5.44037	-0.24139
5.45035	-0.242294
5.46033	-0.243199
5.47031	-0.244107
5.4803	-0.245016
5.49028	-0.245926
5.50026	-0.246839
5.51024	-0.247753
5.52022	-0.248669
5.53021	-0.249587
5.54019	-0.250507
5.55017	-0.251428
5.56015	-0.252352
5.57013	-0.253277
5.58012	-0.254203
5.5901	-0.255132
5.60008	-0.256062
5.61006	-0.256995
5.62004	-0.257928
5.63003	-0.258864
5.64001	-0.259802
5.64999	-0.260741
5.65997	-0.261682
5.66995	-0.262625
5.67994	-0.26357
5.68992	-0.264516
5.6999	-0.265464
5.70988	-0.266414
5.71986	-0.267366
5.72985	-0.26832
5.73983	-0.269275
5.74981	-0.270232
5.75979	-0.271191
5.76977	-0.272152
5.77976	-0.273115
5.78974	-0.274079
5.79972	-0.275045
5.8097	-0.276013
5.81968	-0.276983
5.82967	-0.277955
5.83965	-0.278928
5.84963	-0.279903
5.85961	-0.28088
5.86959	-0.281859
5.87958	-0.28284
5.88956	-0.283822
5.89954	-0.284806
5.90952	-0.285792
5.9195	-0.28678
5.92949	-0.287769
5.93947	-0.288761
5.94945	-0.289754
5.95943	-0.290749
5.96941	-0.291746
5.9794	-0.292745
5.98938	-0.293745
5.99936	-0.294747
6.00934	-0.295751
6.01932	-0.296757
6.02931	-0.297765
6.03929	-0.298774
6.04927	-0.299786
6.05925	-0.300799
6.06923	-0.301814
6.07922	-0.30283
6.0892	-0.303849
6.09918	-0.304869
6.10916	-0.305892
6.11914	-0.306916
6.12913	-0.307941
6.13911	-0.308969
6.14909	-0.309998
6.15907	-0.31103
6.16905	-0.312063
6.17904	-0.313098
6.18902	-0.314134
6.199	-0.315173
6.20898	-0.316213
6.21896	-0.317256
6.22895	-0.3183
6.23893	-0.319346
6.24891	-0.320393
6.25889	-0.321443
6.26887	-0.322494
6.27886	-0.323547
6.28884	-0.324602
6.29882	-0.325659
6.3088	-0.326718
6.31878	-0.327778
6.32877	-0.32884
6.33875	-0.329905
6.34873	-0.330971
6.35871	-0.332038
6.36869	-0.333108
6.37868	-0.33418
6.38866	-0.335253
6.39864	-0.336328
6.40862	-0.337405
6.4186	-0.338484
6.42859	-0.339564
6.43857	-0.340647
6.44855	-0.341731
6.45853	-0.342817
6.46851	-0.343905
6.4785	-0.344995
6.48848	-0.346087
6.49846	-0.34718
6.50844	-0.348276
6.51842	-0.349373
6.52841	-0.350472
6.53839	-0.351573
6.54837	-0.352676
6.55835	-0.35378
6.56833	-0.354887
6.57832	-0.355995
6.5883	-0.357105
6.59828	-0.358217
6.60826	-0.359331
6.61824	-0.360447
6.62823	-0.361564
6.63821	-0.362684
6.64819	-0.363805
6.65817	-0.364928
6.66815	-0.366053
6.67814	-0.36718
6.68812	-0.368308
6.6981	-0.369439
6.70808	-0.370571
6.71806	-0.371705
6.72805	-0.372841
6.73803	-0.373979
6.74801	-0.375119
6.75799	-0.376261
6.76797	-0.377404
6.77796	-0.37855
6.78794	-0.379697
6.79792	-0.380846
6.8079	-0.381997
6.81788	-0.38315
6.82787	-0.384304
6.83785	-0.385461
6.84783	-0.386619
6.85781	-0.387779
6.86779	-0.388942
6.87778	-0.390106
6.88776	-0.391271
6.89774	-0.392439
6.90772	-0.393609
6.9177	-0.39478
6.92769	-0.395954
6.93767	-0.397129
6.94765	-0.398306
6.95763	-0.399485
6.96761	-0.400666
6.9776	-0.401848
6.98758	-0.403033
6.99756	-0.404219
7.00754	-0.405408
7.01752	-0.406598
7.02751	-0.40779
7.03749	-0.408984
7.04747	-0.41018
7.05745	-0.411378
7.06743	-0.412577
7.07742	-0.413779
7.0874	-0.414982
7.09738	-0.416187
7.10736	-0.417394
7.11734	-0.418603
7.12733	-0.419814
7.13731	-0.421027
7.14729	-0.422242
7.15727	-0.423458
7.16725	-0.424677
7.17724	-0.425897
7.18722	-0.427119
7.1972	-0.428343
7.20718	-0.429569
7.21716	-0.430797
7.22715	-0.432027
7.23713	-0.433258
7.24711	-0.434492
7.25709	-0.435727
7.26707	-0.436965
7.27706	-0.438204
7.28704	-0.439445
7.29702	-0.440688
7.307	-0.441933
7.31698	-0.44318
7.32697	-0.444428
7.33695	-0.445679
7.34693	-0.446931
7.35691	-0.448186
7.36689	-0.449442
7.37688	-0.4507
7.38686	-0.45196
7.39684	-0.453222
7.40682	-0.454486
7.4168	-0.455752
7.42679	-0.45702
7.43677	-0.458289
7.44675	-0.459561
7.45673	-0.460834
7.46671	-0.46211
7.4767	-0.463387
7.48668	-0.464666
7.49666	-0.465947
7.50664	-0.46723
7.51662	-0.468515
7.52661	-0.469802
7.53659	-0.47109
7.54657	-0.472381
7.55655	-0.473673
7.56653	-0.474968
7.57652	-0.476264
7.5865	-0.477562
7.59648	-0.478863
7.60646	-0.480165
7.61644	-0.481469
7.62643	-0.482775
7.63641	-0.484082
7.64639	-0.485392
7.65637	-0.486704
7.66635	-0.488017
7.67634	-0.489333
7.68632	-0.49065
7.6963	-0.49197
7.70628	-0.493291
7.71626	-0.494614
7.72625	-0.495939
7.73623	-0.497266
7.74621	-0.498595
7.75619	-0.499926
7.76617	-0.501259
7.77616	-0.502594
7.78614	-0.50393
7.79612	-0.505269
7.8061	-0.50661
7.81608	-0.507952
7.82607	-0.509297
7.83605	-0.510643
7.84603	-0.511991
7.85601	-0.513341
7.86599	-0.514693
7.87598	-0.516048
7.88596	-0.517404
7.89594	-0.518761
7.90592	-0.520121
7.9159	-0.521483
7.92589	-0.522847
7.93587	-0.524213
7.94585	-0.52558
7.95583	-0.52695
7.96581	-0.528321
7.9758	-0.529695
7.98578	-0.53107
7.99576	-0.532447
8.00574	-0.533827
8.01572	-0.535208
8.02571	-0.536591
8.03569	-0.537976
8.04567	-0.539363
8.05565	-0.540752
8.06563	-0.542143
8.07562	-0.543536
8.0856	-0.544931
8.09558	-0.546328
8.10556	-0.547726
8.11554	-0.549127
8.12553	-0.55053
8.13551	-0.551934
8.14549	-0.553341
8.15547	-0.554749
8.16545	-0.55616
8.17544	-0.557572
8.18542	-0.558987
8.1954	-0.560403
8.20538	-0.561821
8.21536	-0.563241
8.22535	-0.564664
8.23533	-0.566088
8.24531	-0.567514
8.25529	-0.568942
8.26527	-0.570372
8.27526	-0.571804
8.28524	-0.573238
8.29522	-0.574674
8.3052	-0.576112
8.31518	-0.577551
8.32517	-0.578993
8.33515	-0.580437
8.34513	-0.581883
8.35511	-0.58333
8.36509	-0.58478
8.37508	-0.586232
8.38506	-0.587685
8.39504	-0.589141
8.40502	-0.590598
8.415	-0.592058
8.42498	-0.593519
8.43497	-0.594983
8.44495	-0.596448
8.45493	-0.597916
8.46491	-0.599385
8.47489	-0.600856
8.48488	-0.60233
8.49486	-0.603805
8.50484	-0.605282
8.51482	-0.606762
8.5248	-0.608243
8.53479	-0.609726
8.54477	-0.611211
8.55475	-0.612698
8.56473	-0.614188
8.57471	-0.615679
8.5847	-0.617172
8.59468	-0.618667
8.60466	-0.620164
8.61464	-0.621663
8.62462	-0.623164
8.63461	-0.624667
8.64459	-0.626172
8.65457	-0.627679
8.66455	-0.629188
8.67453	-0.630699
8.68452	-0.632212
8.6945	-0.633727
8.70448	-0.635244
8.71446	-0.636763
8.72444	-0.638284
8.73443	-0.639807
8.74441	-0.641332
8.75439	-0.642858
8.76437	-0.644387
8.77435	-0.645918
8.78434	-0.647451
8.79432	-0.648986
8.8043	-0.650523
8.81428	-0.652062
8.82426	-0.653603
8.83425	-0.655146
8.84423	-0.65669
8.85421	-0.658237
8.86419	-0.659786
8.87417	-0.661337
8.88416	-0.66289
8.89414	-0.664445
8.90412	-0.666002
8.9141	-0.66756
8.92408	-0.669121
8.93407	-0.670684
8.94405	-0.672249
8.95403	-0.673816
8.96401	-0.675385
8.97399	-0.676956
8.98398	-0.678529
8.99396	-0.680104
9.00394	-0.681681
9.01392	-0.68326
9.0239	-0.684841
9.03389	-0.686423
9.04387	-0.688008
9.05385	-0.689595
9.06383	-0.691184
9.07381	-0.692775
9.0838	-0.694369
9.09378	-0.695964
9.10376	-0.697561
9.11374	-0.69916
9.12372	-0.700761
9.13371	-0.702364
9.14369	-0.703969
9.15367	-0.705576
9.16365	-0.707185
9.17363	-0.708797
9.18362	-0.71041
9.1936	-0.712025
9.20358	-0.713642
9.21356	-0.715262
9.22354	-0.716883
9.23353	-0.718506
9.24351	-0.720132
9.25349	-0.721759
9.26347	-0.723388
9.27345	-0.72502
9.28344	-0.726653
9.29342	-0.728289
9.3034	-0.729926
9.31338	-0.731566
9.32336	-0.733207
9.33335	-0.734851
9.34333	-0.736497
9.35331	-0.738144
9.36329	-0.739794
9.37327	-0.741446
9.38326	-0.743099
9.39324	-0.744755
9.40322	-0.746413
9.4132	-0.748073
9.42318	-0.749735
9.43317	-0.751399
9.44315	-0.753065
9.45313	-0.754733
9.46311	-0.756403
9.47309	-0.758075
9.48308	-0.759749
9.49306	-0.761425
9.50304	-0.763103
9.51302	-0.764784
9.523	-0.766466
9.53299	-0.76815
9.54297	-0.769837
9.55295	-0.771525
9.56293	-0.773215
9.57291	-0.774908
9.5829	-0.776603
9.59288	-0.778299
9.60286	-0.779998
9.61284	-0.781698
9.62282	-0.783401
9.63281	-0.785106
9.64279	-0.786813
9.65277	-0.788522
9.66275	-0.790233
9.67273	-0.791946
9.68272	-0.793661
9.6927	-0.795378
9.70268	-0.797097
9.71266	-0.798818
9.72264	-0.800542
9.73263	-0.802267
9.74261	-0.803994
9.75259	-0.805724
9.76257	-0.807455
9.77255	-0.809189
9.78254	-0.810924
9.79252	-0.812662
9.8025	-0.814402
9.81248	-0.816143
9.82246	-0.817887
9.83245	-0.819633
9.84243	-0.821381
9.85241	-0.823131
9.86239	-0.824883
9.87237	-0.826637
9.88236	-0.828394
9.89234	-0.830152
9.90232	-0.831912
9.9123	-0.833675
9.92228	-0.835439
9.93227	-0.837206
9.94225	-0.838974
9.95223	-0.840745
9.96221	-0.842518
9.97219	-0.844292
9.98218	-0.846069
9.99216	-0.847848
10.0021	-0.849629
10.0121	-0.851412
10.0221	-0.853198
10.0321	-0.854985
10.0421	-0.856774
10.0521	-0.858566
10.062	-0.860359
10.072	-0.862155
10.082	-0.863952
10.092	-0.865752
10.102	-0.867554
10.1119	-0.869358
10.1219	-0.871163
10.1319	-0.872971
10.1419	-0.874782
10.1519	-0.876594
10.1619	-0.878408
10.1718	-0.880224
10.1818	-0.882043
10.1918	-0.883863
10.2018	-0.885686
10.2118	-0.88751
10.2217	-0.889337
10.2317	-0.891166
10.2417	-0.892997
10.2517	-0.89483
10.2617	-0.896665
10.2717	-0.898502
10.2816	-0.900341
10.2916	-0.902183
10.3016	-0.904026
10.3116	-0.905871
10.3216	-0.907719
10.3315	-0.909569
10.3415	-0.911421
10.3515	-0.913274
10.3615	-0.91513
10.3715	-0.916988
10.3815	-0.918849
10.3914	-0.920711
10.4014	-0.922575
10.4114	-0.924442
10.4214	-0.92631
10.4314	-0.928181
10.4413	-0.930053
10.4513	-0.931928
10.4613	-0.933805
10.4713	-0.935684
10.4813	-0.937565
10.4913	-0.939448
10.5012	-0.941334
10.5112	-0.943221
10.5212	-0.945111
10.5312	-0.947002
10.5412	-0.948896
10.5512	-0.950792
10.5611	-0.95269
10.5711	-0.95459
10.5811	-0.956492
10.5911	-0.958396
10.6011	-0.960302
10.611	-0.962211
10.621	-0.964121
10.631	-0.966034
10.641	-0.967949
10.651	-0.969865
10.661	-0.971784
10.6709	-0.973705
10.6809	-0.975629
10.6909	-0.977554
10.7009	-0.979481
10.7109	-0.981411
10.7208	-0.983342
10.7308	-0.985276
10.7408	-0.987212
10.7508	-0.98915
10.7608	-0.99109
10.7708	-0.993032
10.7807	-0.994976
10.7907	-0.996923
10.8007	-0.998871
10.8107	-1.00082
10.8207	-1.00277
10.8306	-1.00473
10.8406	-1.00669
10.8506	-1.00865
10.8606	-1.01061
10.8706	-1.01257
10.8806	-1.01454
10.8905	-1.0165
10.9005	-1.01847
10.9105	-1.02044
10.9205	-1.02242
10.9305	-1.02439
10.9404	-1.02637
10.9504	-1.02835
10.9604	-1.03034
10.9704	-1.03232
10.9804	-1.03431
10.9904	-1.0363
11.0003	-1.03829
11.0103	-1.04028
11.0203	-1.04227
11.0303	-1.04427
11.0403	-1.04627
11.0503	-1.04827
11.0602	-1.05028
11.0702	-1.05228
11.0802	-1.05429
11.0902	-1.0563
11.1002	-1.05831
11.1101	-1.06033
11.1201	-1.06234
11.1301	-1.06436
11.1401	-1.06638
11.1501	-1.06841
11.1601	-1.07043
11.17	-1.07246
11.18	-1.07449
11.19	-1.07652
11.2	-1.07855
11.21	-1.08059
11.2199	-1.08262
11.2299	-1.08466
11.2399	-1.08671
11.2499	-1.08875
11.2599	-1.0908
11.2699	-1.09285
11.2798	-1.0949
11.2898	-1.09695
11.2998	-1.099
11.3098	-1.10106
11.3198	-1.10312
11.3297	-1.10518
11.3397	-1.10724
11.3497	-1.10931
11.3597	-1.11138
11.3697	-1.11345
11.3797	-1.11552
11.3896	-1.11759
11.3996	-1.11967
11.4096	-1.12175
11.4196	-1.12383
11.4296	-1.12591
11.4395	-1.128
11.4495	-1.13008
11.4595	-1.13217
11.4695	-1.13426
11.4795	-1.13636
11.4895	-1.13845
11.4994	-1.14055
11.5094	-1.14265
11.5194	-1.14475
11.5294	-1.14686
11.5394	-1.14896
11.5493	-1.15107
11.5593	-1.15318
11.5693	-1.1553
11.5793	-1.15741
11.5893	-1.15953
11.5993	-1.16165
11.6092	-1.16377
11.6192	-1.16589
11.6292	-1.16802
11.6392	-1.17014
11.6492	-1.17227
11.6592	-1.17441
11.6691	-1.17654
11.6791	-1.17868
11.6891	-1.18082
11.6991	-1.18296
11.7091	-1.1851
11.719	-1.18725
11.729	-1.18939
11.739	-1.19154
11.749	-1.19369
11.759	-1.19585
11.769	-1.198
11.7789	-1.20016
11.7889	-1.20232
11.7989	-1.20448
11.8089	-1.20665
11.8189	-1.20881
11.8288	-1.21098
11.8388	-1.21315
11.8488	-1.21533
11.8588	-1.2175
11.8688	-1.21968
11.8788	-1.22186
11.8887	-1.22404
11.8987	-1.22623
11.9087	-1.22841
11.9187	-1.2306
11.9287	-1.23279
11.9386	-1.23498
11.9486	-1.23718
11.9586	-1.23938
11.9686	-1.24157
11.9786	-1.24378
11.9886	-1.24598
11.9985	-1.24818
12.0085	-1.25039
12.0185	-1.2526
12.0285	-1.25481
12.0385	-1.25703
12.0484	-1.25925
12.0584	-1.26146
12.0684	-1.26368
12.0784	-1.26591
12.0884	-1.26813
12.0984	-1.27036
12.1083	-1.27259
12.1183	-1.27482
12.1283	-1.27705
12.1383	-1.27929
12.1483	-1.28153
12.1583	-1.28377
12.1682	-1.28601
12.1782	-1.28826
12.1882	-1.2905
12.1982	-1.29275
12.2082	-1.295
12.2181	-1.29726
12.2281	-1.29951
12.2381	-1.30177
12.2481	-1.30403
12.2581	-1.30629
12.2681	-1.30856
12.278	-1.31082
12.288	-1.31309
12.298	-1.31536
12.308	-1.31764
12.318	-1.31991
12.3279	-1.32219
12.3379	-1.32447
12.3479	-1.32675
12.3579	-1.32903
12.3679	-1.33132
12.3779	-1.33361
12.3878	-1.3359
12.3978	-1.33819
12.4078	-1.34048
12.4178	-1.34278
12.4278	-1.34508
12.4377	-1.34738
12.4477	-1.34969
12.4577	-1.35199
12.4677	-1.3543
12.4777	-1.35661
12.4877	-1.35892
12.4976	-1.36124
12.5076	-1.36355
12.5176	-1.36587
12.5276	-1.36819
12.5376	-1.37051
12.5475	-1.37284
12.5575	-1.37517
12.5675	-1.3775
12.5775	-1.37983
12.5875	-1.38216
12.5975	-1.3845
12.6074	-1.38684
12.6174	-1.38918
12.6274	-1.39152
12.6374	-1.39387
12.6474	-1.39621
12.6574	-1.39856
12.6673	-1.40091
12.6773	-1.40327
12.6873	-1.40562
12.6973	-1.40798
12.7073	-1.41034
12.7172	-1.4127
12.7272	-1.41507
12.7372	-1.41744
12.7472	-1.41981
12.7572	-1.42218
12.7672	-1.42455
12.7771	-1.42693
12.7871	-1.4293
12.7971	-1.43168
12.8071	-1.43407
12.8171	-1.43645
12.827	-1.43884
12.837	-1.44123
12.847	-1.44362
12.857	-1.44601
12.867	-1.4484
12.877	-1.4508
12.8869	-1.4532
12.8969	-1.4556
12.9069	-1.45801
12.9169	-1.46041
12.9269	-1.46282
12.9368	-1.46523
12.9468	-1.46765
12.9568	-1.47006
12.9668	-1.47248
12.9768	-1.4749
12.9868	-1.47732
12.9967	-1.47974
13.0067	-1.48217
13.0167	-1.4846
13.0267	-1.48703
13.0367	-1.48946
13.0466	-1.4919
13.0566	-1.49433
13.0666	-1.49677
13.0766	-1.49921
13.0866	-1.50166
13.0966	-1.5041
13.1065	-1.50655
13.1165	-1.509
13.1265	-1.51145
13.1365	-1.51391
13.1465	-1.51637
13.1565	-1.51882
13.1664	-1.52129
13.1764	-1.52375
13.1864	-1.52621
13.1964	-1.52868
13.2064	-1.53115
13.2163	-1.53362
13.2263	-1.5361
13.2363	-1.53858
13.2463	-1.54105
13.2563	-1.54354
13.2663	-1.54602
13.2762	-1.5485
13.2862	-1.55099
13.2962	-1.55348
13.3062	-1.55597
13.3162	-1.55847
13.3261	-1.56096
13.3361	-1.56346
13.3461	-1.56596
13.3561	-1.56847
13.3661	-1.57097
13.3761	-1.57348
13.386	-1.57599
13.396	-1.5785
13.406	-1.58101
13.416	-1.58353
13.426	-1.58605
13.4359	-1.58857
13.4459	-1.59109
13.4559	-1.59362
13.4659	-1.59615
13.4759	-1.59867
13.4859	-1.60121
13.4958	-1.60374
13.5058	-1.60628
13.5158	-1.60881
13.5258	-1.61135
13.5358	-1.6139
13.5457	-1.61644
13.5557	-1.61899
13.5657	-1.62154
13.5757	-1.62409
13.5857	-1.62664
13.5957	-1.6292
13.6056	-1.63176
13.6156	-1.63432
13.6256	-1.63688
13.6356	-1.63945
13.6456	-1.64201
13.6556	-1.64458
13.6655	-1.64715
13.6755	-1.64973
13.6855	-1.6523
13.6955	-1.65488
13.7055	-1.65746
13.7154	-1.66004
13.7254	-1.66263
13.7354	-1.66521
13.7454	-1.6678
13.7554	-1.67039
13.7654	-1.67299
13.7753	-1.67558
13.7853	-1.67818
13.7953	-1.68078
13.8053	-1.68338
13.8153	-1.68599
13.8252	-1.68859
13.8352	-1.6912
13.8452	-1.69381
13.8552	-1.69643
13.8652	-1.69904
13.8752	-1.70166
13.8851	-1.70428
13.8951	-1.7069
13.9051	-1.70953
13.9151	-1.71215
13.9251	-1.71478
13.935	-1.71741
13.945	-1.72005
13.955	-1.72268
13.965	-1.72532
13.975	-1.72796
13.985	-1.7306
13.9949	-1.73324
14.0049	-1.73589
14.0149	-1.73854
14.0249	-1.74119
14.0349	-1.74384
14.0448	-1.7465
14.0548	-1.74915
14.0648	-1.75181
14.0748	-1.75448
14.0848	-1.75714
14.0948	-1.75981
14.1047	-1.76247
14.1147	-1.76515
14.1247	-1.76782
14.1347	-1.77049
14.1447	-1.77317
14.1547	-1.77585
14.1646	-1.77853
14.1746	-1.78122
14.1846	-1.7839
14.1946	-1.78659
14.2046	-1.78928
14.2145	-1.79197
14.2245	-1.79467
14.2345	-1.79736
14.2445	-1.80006
14.2545	-1.80277
14.2645	-1.80547
14.2744	-1.80818
14.2844	-1.81088
14.2944	-1.81359
14.3044	-1.81631
14.3144	-1.81902
14.3243	-1.82174
14.3343	-1.82446
14.3443	-1.82718
14.3543	-1.8299
14.3643	-1.83263
14.3743	-1.83536
14.3842	-1.83809
14.3942	-1.84082
14.4042	-1.84355
14.4142	-1.84629
14.4242	-1.84903
14.4341	-1.85177
14.4441	-1.85451
14.4541	-1.85726
14.4641	-1.86001
14.4741	-1.86276
14.4841	-1.86551
14.494	-1.86826
14.504	-1.87102
14.514	-1.87378
14.524	-1.87654
14.534	-1.8793
14.5439	-1.88207
14.5539	-1.88484
14.5639	-1.88761
14.5739	-1.89038
14.5839	-1.89315
14.5939	-1.89593
14.6038	-1.89871
14.6138	-1.90149
14.6238	-1.90427
14.6338	-1.90706
14.6438	-1.90984
14.6538	-1.91263
14.6637	-1.91543
14.6737	-1.91822
14.6837	-1.92102
14.6937	-1.92382
14.7037	-1.92662
14.7136	-1.92942
14.7236	-1.93222
14.7336	-1.93503
14.7436	-1.93784
14.7536	-1.94065
14.7636	-1.94347
14.7735	-1.94628
14.7835	-1.9491
14.7935	-1.95192
14.8035	-1.95475
14.8135	-1.95757
14.8234	-1.9604
14.8334	-1.96323
14.8434	-1.96606
14.8534	-1.96889
14.8634	-1.97173
14.8734	-1.97457
14.8833	-1.97741
14.8933	-1.98025
14.9033	-1.98309
14.9133	-1.98594
14.9233	-1.98879
14.9332	-1.99164
14.9432	-1.9945
14.9532	-1.99735
14.9632	-2.00021
14.9732	-2.00307
14.9832	-2.00593
14.9931	-2.0088
15.0031	-2.01166
15.0131	-2.01453
15.0231	-2.0174
15.0331	-2.02028
15.043	-2.02315
15.053	-2.02603
15.063	-2.02891
15.073	-2.03179
15.083	-2.03468
15.093	-2.03756
15.1029	-2.04045
15.1129	-2.04334
15.1229	-2.04624
15.1329	-2.04913
15.1429	-2.05203
15.1529	-2.05493
15.1628	-2.05783
15.1728	-2.06074
15.1828	-2.06364
15.1928	-2.06655
15.2028	-2.06946
15.2127	-2.07238
15.2227	-2.07529
15.2327	-2.07821
15.2427	-2.08113
15.2527	-2.08405
15.2627	-2.08697
15.2726	-2.0899
15.2826	-2.09283
15.2926	-2.09576
15.3026	-2.09869
15.3126	-2.10163
15.3225	-2.10456
15.3325	-2.1075
15.3425	-2.11044
15.3525	-2.11339
15.3625	-2.11633
15.3725	-2.11928
15.3824	-2.12223
15.3924	-2.12518
15.4024	-2.12814
15.4124	-2.1311
15.4224	-2.13406
15.4323	-2.13702
15.4423	-2.13998
15.4523	-2.14295
15.4623	-2.14591
15.4723	-2.14888
15.4823	-2.15186
15.4922	-2.15483
15.5022	-2.15781
15.5122	-2.16079
15.5222	-2.16377
15.5322	-2.16675
15.5421	-2.16973
15.5521	-2.17272
15.5621	-2.17571
15.5721	-2.1787
15.5821	-2.1817
15.5921	-2.18469
15.602	-2.18769
15.612	-2.19069
15.622	-2.1937
15.632	-2.1967
15.642	-2.19971
15.652	-2.20272
15.6619	-2.20573
15.6719	-2.20874
15.6819	-2.21176
15.6919	-2.21478
15.7019	-2.2178
15.7118	-2.22082
15.7218	-2.22385
15.7318	-2.22687
15.7418	-2.2299
15.7518	-2.23293
15.7618	-2.23597
15.7717	-2.239
15.7817	-2.24204
15.7917	-2.24508
15.8017	-2.24812
15.8117	-2.25117
15.8216	-2.25421
15.8316	-2.25726
15.8416	-2.26031
15.8516	-2.26336
15.8616	-2.26642
15.8716	-2.26948
15.8815	-2.27254
15.8915	-2.2756
15.9015	-2.27866
15.9115	-2.28173
15.9215	-2.2848
15.9314	-2.28787
15.9414	-2.29094
15.9514	-2.29402
15.9614	-2.29709
15.9714	-2.30017
15.9814	-2.30325
15.9913	-2.30634
16.0013	-2.30942
16.0113	-2.31251
16.0213	-2.3156
16.0313	-2.31869
16.0412	-2.32179
16.0512	-2.32488
16.0612	-2.32798
16.0712	-2.33108
16.0812	-2.33419
16.0912	-2.33729
16.1011	-2.3404
16.1111	-2.34351
16.1211	-2.34662
16.1311	-2.34973
16.1411	-2.35285
16.1511	-2.35597
16.161	-2.35909
16.171	-2.36221
16.181	-2.36534
16.191	-2.36846
16.201	-2.37159
16.2109	-2.37472
16.2209	-2.37786
16.2309	-2.38099
16.2409	-2.38413
16.2509	-2.38727
16.2609	-2.39041
16.2708	-2.39356
16.2808	-2.3967
16.2908	-2.39985
16.3008	-2.403
16.3108	-2.40616
16.3207	-2.40931
16.3307	-2.41247
16.3407	-2.41563
16.3507	-2.41879
16.3607	-2.42195
16.3707	-2.42512
16.3806	-2.42829
16.3906	-2.43146
16.4006	-2.43463
16.4106	-2.4378
16.4206	-2.44098
16.4305	-2.44416
16.4405	-2.44734
16.4505	-2.45052
16.4605	-2.45371
16.4705	-2.4569
16.4805	-2.46009
16.4904	-2.46328
16.5004	-2.46647
16.5104	-2.46967
16.5204	-2.47287
16.5304	-2.47607
16.5403	-2.47927
16.5503	-2.48247
16.5603	-2.48568
16.5703	-2.48889
16.5803	-2.4921
16.5903	-2.49531
16.6002	-2.49853
16.6102	-2.50175
16.6202	-2.50497
16.6302	-2.50819
16.6402	-2.51141
16.6502	-2.51464
16.6601	-2.51787
16.6701	-2.5211
16.6801	-2.52433
16.6901	-2.52757
16.7001	-2.5308
16.71	-2.53404
16.72	-2.53728
16.73	-2.54053
16.74	-2.54377
16.75	-2.54702
16.76	-2.55027
16.7699	-2.55352
16.7799	-2.55678
16.7899	-2.56003
16.7999	-2.56329
16.8099	-2.56655
16.8198	-2.56981
16.8298	-2.57308
16.8398	-2.57634
16.8498	-2.57961
16.8598	-2.58288
16.8698	-2.58616
16.8797	-2.58943
16.8897	-2.59271
16.8997	-2.59599
16.9097	-2.59927
16.9197	-2.60256
16.9296	-2.60584
16.9396	-2.60913
16.9496	-2.61242
16.9596	-2.61571
16.9696	-2.61901
16.9796	-2.62231
16.9895	-2.6256
16.9995	-2.62891
17.0095	-2.63221
17.0195	-2.63551
17.0295	-2.63882
17.0394	-2.64213
17.0494	-2.64544
17.0594	-2.64876
17.0694	-2.65207
17.0794	-2.65539
17.0894	-2.65871
17.0993	-2.66203
17.1093	-2.66536
17.1193	-2.66868
17.1293	-2.67201
17.1393	-2.67534
17.1492	-2.67868
17.1592	-2.68201
17.1692	-2.68535
17.1792	-2.68869
17.1892	-2.69203
17.1992	-2.69537
17.2091	-2.69872
17.2191	-2.70207
17.2291	-2.70542
17.2391	-2.70877
17.2491	-2.71212
17.2591	-2.71548
17.269	-2.71884
17.279	-2.7222
17.289	-2.72556
17.299	-2.72893
17.309	-2.73229
17.3189	-2.73566
17.3289	-2.73903
17.3389	-2.7424
17.3489	-2.74578
17.3589	-2.74916
17.3689	-2.75254
17.3788	-2.75592
17.3888	-2.7593
17.3988	-2.76269
17.4088	-2.76608
17.4188	-2.76947
17.4287	-2.77286
17.4387	-2.77625
17.4487	-2.77965
17.4587	-2.78305
17.4687	-2.78645
17.4787	-2.78985
17.4886	-2.79325
17.4986	-2.79666
17.5086	-2.80007
17.5186	-2.80348
17.5286	-2.80689
17.5385	-2.81031
17.5485	-2.81373
17.5585	-2.81715
17.5685	-2.82057
17.5785	-2.82399
17.5885	-2.82742
17.5984	-2.83085
17.6084	-2.83427
17.6184	-2.83771
17.6284	-2.84114
17.6384	-2.84458
17.6483	-2.84802
17.6583	-2.85146
17.6683	-2.8549
17.6783	-2.85834
17.6883	-2.86179
17.6983	-2.86524
17.7082	-2.86869
17.7182	-2.87214
17.7282	-2.8756
17.7382	-2.87905
17.7482	-2.88251
17.7582	-2.88597
17.7681	-2.88944
17.7781	-2.8929
17.7881	-2.89637
17.7981	-2.89984
17.8081	-2.90331
17.818	-2.90678
17.828	-2.91026
17.838	-2.91374
17.848	-2.91722
17.858	-2.9207
17.868	-2.92418
17.8779	-2.92767
17.8879	-2.93116
17.8979	-2.93465
17.9079	-2.93814
17.9179	-2.94164
17.9278	-2.94513
17.9378	-2.94863
17.9478	-2.95213
17.9578	-2.95563
17.9678	-2.95914
17.9778	-2.96265
17.9877	-2.96616
17.9977	-2.96967
18.0077	-2.97318
18.0177	-2.97669
18.0277	-2.98021
18.0376	-2.98373
18.0476	-2.98725
18.0576	-2.99078
18.0676	-2.9943
18.0776	-2.99783
18.0876	-3.00136
18.0975	-3.00489
18.1075	-3.00842
18.1175	-3.01196
18.1275	-3.0155
18.1375	-3.01904
18.1474	-3.02258
18.1574	-3.02612
18.1674	-3.02967
18.1774	-3.03322
18.1874	-3.03677
18.1974	-3.04032
18.2073	-3.04387
18.2173	-3.04743
18.2273	-3.05099
18.2373	-3.05455
18.2473	-3.05811
18.2573	-3.06168
18.2672	-3.06524
18.2772	-3.06881
18.2872	-3.07238
18.2972	-3.07595
18.3072	-3.07953
18.3171	-3.0831
18.3271	-3.08668
18.3371	-3.09026
18.3471	-3.09385
18.3571	-3.09743
18.3671	-3.10102
18.377	-3.10461
18.387	-3.1082
18.397	-3.11179
18.407	-3.11539
18.417	-3.11898
18.4269	-3.12258
18.4369	-3.12619
18.4469	-3.12979
18.4569	-3.13339
18.4669	-3.137
18.4769	-3.14061
18.4868	-3.14422
18.4968	-3.14784
18.5068	-3.15145
18.5168	-3.15507
18.5268	-3.15869
18.5367	-3.16231
18.5467	-3.16593
18.5567	-3.16956
18.5667	-3.17319
18.5767	-3.17682
18.5867	-3.18045
18.5966	-3.18408
18.6066	-3.18772
18.6166	-3.19135
18.6266	-3.19499
18.6366	-3.19864
18.6465	-3.20228
18.6565	-3.20592
18.6665	-3.20957
18.6765	-3.21322
18.6865	-3.21687
18.6965	-3.22053
18.7064	-3.22418
18.7164	-3.22784
18.7264	-3.2315
18.7364	-3.23516
18.7464	-3.23883
18.7564	-3.24249
18.7663	-3.24616
18.7763	-3.24983
18.7863	-3.2535
18.7963	-3.25718
18.8063	-3.26085
18.8162	-3.26453
18.8262	-3.26821
18.8362	-3.27189
18.8462	-3.27558
18.8562	-3.27926
18.8662	-3.28295
18.8761	-3.28664
18.8861	-3.29033
18.8961	-3.29403
18.9061	-3.29772
18.9161	-3.30142
18.926	-3.30512
18.936	-3.30882
18.946	-3.31252
18.956	-3.31623
18.966	-3.31994
18.976	-3.32365
18.9859	-3.32736
18.9959	-3.33107
19.0059	-3.33479
19.0159	-3.33851
19.0259	-3.34223
19.0358	-3.34595
19.0458	-3.34967
19.0558	-3.3534
19.0658	-3.35713
19.0758	-3.36086
19.0858	-3.36459
19.0957	-3.36832
19.1057	-3.37206
19.1157	-3.37579
19.1257	-3.37953
19.1357	-3.38328
19.1456	-3.38702
19.1556	-3.39076
19.1656	-3.39451
19.1756	-3.39826
19.1856	-3.40201
19.1956	-3.40577
19.2055	-3.40952
19.2155	-3.41328
19.2255	-3.41704
19.2355	-3.4208
19.2455	-3.42456
19.2555	-3.42833
19.2654	-3.43209
19.2754	-3.43586
19.2854	-3.43963
19.2954	-3.44341
19.3054	-3.44718
19.3153	-3.45096
19.3253	-3.45474
19.3353	-3.45852
19.3453	-3.4623
19.3553	-3.46609
19.3653	-3.46987
19.3752	-3.47366
19.3852	-3.47745
19.3952	-3.48125
19.4052	-3.48504
19.4152	-3.48884
19.4251	-3.49264
19.4351	-3.49644
19.4451	-3.50024
19.4551	-3.50404
19.4651	-3.50785
19.4751	-3.51166
19.485	-3.51547
19.495	-3.51928
19.505	-3.52309
19.515	-3.52691
19.525	-3.53073
19.5349	-3.53455
19.5449	-3.53837
19.5549	-3.54219
19.5649	-3.54602
19.5749	-3.54984
19.5849	-3.55367
19.5948	-3.55751
19.6048	-3.56134
19.6148	-3.56517
19.6248	-3.56901
19.6348	-3.57285
19.6447	-3.57669
19.6547	-3.58053
19.6647	-3.58438
19.6747	-3.58823
19.6847	-3.59208
19.6947	-3.59593
19.7046	-3.59978
19.7146	-3.60363
19.7246	-3.60749
19.7346	-3.61135
19.7446	-3.61521
19.7546	-3.61907
19.7645	-3.62293
19.7745	-3.6268
19.7845	-3.63067
19.7945	-3.63454
19.8045	-3.63841
19.8144	-3.64228
19.8244	-3.64616
19.8344	-3.65004
19.8444	-3.65392
19.8544	-3.6578
19.8644	-3.66168
19.8743	-3.66557
19.8843	-3.66945
19.8943	-3.67334
19.9043	-3.67723
19.9143	-3.68113
19.9242	-3.68502
19.9342	-3.68892
19.9442	-3.69282
19.9542	-3.69672
19.9642	-3.70062
19.9742	-3.70452
19.9841	-3.70843
19.9941	-3.71234
20.0041	-3.71625
20.0141	-3.72016
20.0241	-3.72407
20.034	-3.72799
20.044	-3.7319
20.054	-3.73582
20.064	-3.73974
20.074	-3.74367
20.084	-3.74759
20.0939	-3.75152
20.1039	-3.75545
20.1139	-3.75938
20.1239	-3.76331
20.1339	-3.76725
20.1438	-3.77118
20.1538	-3.77512
20.1638	-3.77906
20.1738	-3.783
20.1838	-3.78695
20.1938	-3.79089
20.2037	-3.79484
20.2137	-3.79879
20.2237	-3.80274
20.2337	-3.80669
20.2437	-3.81065
20.2537	-3.8146
20.2636	-3.81856
20.2736	-3.82252
20.2836	-3.82649
20.2936	-3.83045
20.3036	-3.83442
20.3135	-3.83838
20.3235	-3.84235
20.3335	-3.84633
20.3435	-3.8503
20.3535	-3.85427
20.3635	-3.85825
20.3734	-3.86223
20.3834	-3.86621
20.3934	-3.8702
20.4034	-3.87418
20.4134	-3.87817
20.4233	-3.88215
20.4333	-3.88615
20.4433	-3.89014
20.4533	-3.89413
20.4633	-3.89813
20.4733	-3.90212
20.4832	-3.90612
20.4932	-3.91013
20.5032	-3.91413
20.5132	-3.91813
20.5232	-3.92214
20.5331	-3.92615
20.5431	-3.93016
20.5531	-3.93417
20.5631	-3.93819
20.5731	-3.9422
20.5831	-3.94622
20.593	-3.95024
20.603	-3.95426
20.613	-3.95828
20.623	-3.96231
20.633	-3.96634
20.6429	-3.97037
20.6529	-3.9744
20.6629	-3.97843
20.6729	-3.98246
20.6829	-3.9865
20.6929	-3.99054
20.7028	-3.99458
20.7128	-3.99862
20.7228	-4.00266
20.7328	-4.00671
20.7428	-4.01075
20.7528	-4.0148
20.7627	-4.01885
20.7727	-4.02291
20.7827	-4.02696
20.7927	-4.03102
20.8027	-4.03507
20.8126	-4.03913
20.8226	-4.0432
20.8326	-4.04726
20.8426	-4.05132
20.8526	-4.05539
20.8626	-4.05946
20.8725	-4.06353
20.8825	-4.0676
20.8925	-4.07168
20.9025	-4.07575
20.9125	-4.07983
20.9224	-4.08391
20.9324	-4.08799
20.9424	-4.09208
20.9524	-4.09616
20.9624	-4.10025
20.9724	-4.10434
20.9823	-4.10843
20.9923	-4.11252
21.0023	-4.11661
21.0123	-4.12071
21.0223	-4.1248
21.0322	-4.1289
21.0422	-4.133
21.0522	-4.13711
21.0622	-4.14121
21.0722	-4.14532
21.0822	-4.14943
21.0921	-4.15354
21.1021	-4.15765
21.1121	-4.16176
21.1221	-4.16588
21.1321	-4.16999
21.142	-4.17411
21.152	-4.17823
21.162	-4.18236
21.172	-4.18648
21.182	-4.19061
21.192	-4.19473
21.2019	-4.19886
21.2119	-4.20299
21.2219	-4.20713
21.2319	-4.21126
21.2419	-4.2154
21.2519	-4.21954
21.2618	-4.22368
21.2718	-4.22782
21.2818	-4.23196
21.2918	-4.23611
21.3018	-4.24025
21.3117	-4.2444
21.3217	-4.24855
21.3317	-4.25271
21.3417	-4.25686
21.3517	-4.26102
21.3617	-4.26517
21.3716	-4.26933
21.3816	-4.27349
21.3916	-4.27766
21.4016	-4.28182
21.4116	-4.28599
21.4215	-4.29015
21.4315	-4.29432
21.4415	-4.2985
21.4515	-4.30267
21.4615	-4.30684
21.4715	-4.31102
21.4814	-4.3152
21.4914	-4.31938
21.5014	-4.32356
21.5114	-4.32774
21.5214	-4.33193
21.5313	-4.33612
21.5413	-4.34031
21.5513	-4.3445
21.5613	-4.34869
21.5713	-4.35288
21.5813	-4.35708
21.5912	-4.36127
21.6012	-4.36547
21.6112	-4.36967
21.6212	-4.37388
21.6312	-4.37808
21.6411	-4.38229
21.6511	-4.3865
21.6611	-4.3907
21.6711	-4.39492
21.6811	-4.39913
21.6911	-4.40334
21.701	-4.40756
21.711	-4.41178
21.721	-4.416
21.731	-4.42022
21.741	-4.42444
21.751	-4.42867
21.7609	-4.43289
21.7709	-4.43712
21.7809	-4.44135
21.7909	-4.44558
21.8009	-4.44982
21.8108	-4.45405
21.8208	-4.45829
21.8308	-4.46253
21.8408	-4.46677
21.8508	-4.47101
21.8608	-4.47525
21.8707	-4.4795
21.8807	-4.48374
21.8907	-4.48799
21.9007	-4.49224
21.9107	-4.49649
21.9206	-4.50075
21.9306	-4.505
21.9406	-4.50926
21.9506	-4.51352
21.9606	-4.51778
21.9706	-4.52204
21.9805	-4.5263
21.9905	-4.53057
22.0005	-4.53484
22.0105	-4.5391
22.0205	-4.54337
22.0304	-4.54765
22.0404	-4.55192
22.0504	-4.5562
22.0604	-4.56047
22.0704	-4.56475
22.0804	-4.56903
22.0903	-4.57331
22.1003	-4.5776
22.1103	-4.58188
22.1203	-4.58617
22.1303	-4.59046
22.1402	-4.59475
22.1502	-4.59904
22.1602	-4.60333
22.1702	-4.60763
22.1802	-4.61193
22.1902	-4.61622
22.2001	-4.62052
22.2101	-4.62483
22.2201	-4.62913
22.2301	-4.63343
22.2401	-4.63774
22.2501	-4.64205
22.26	-4.64636
22.27	-4.65067
22.28	-4.65498
22.29	-4.6593
22.3	-4.66362
22.3099	-4.66793
22.3199	-4.67225
22.3299	-4.67658
22.3399	-4.6809
22.3499	-4.68522
22.3599	-4.68955
22.3698	-4.69388
22.3798	-4.69821
22.3898	-4.70254
22.3998	-4.70687
22.4098	-4.71121
22.4197	-4.71554
22.4297	-4.71988
22.4397	-4.72422
22.4497	-4.72856
22.4597	-4.7329
22.4697	-4.73725
22.4796	-4.74159
22.4896	-4.74594
22.4996	-4.75029
22.5096	-4.75464
22.5196	-4.75899
22.5295	-4.76335
22.5395	-4.7677
22.5495	-4.77206
22.5595	-4.77642
22.5695	-4.78078
22.5795	-4.78514
22.5894	-4.78951
22.5994	-4.79387
22.6094	-4.79824
22.6194	-4.80261
22.6294	-4.80698
22.6393	-4.81135
22.6493	-4.81572
22.6593	-4.8201
22.6693	-4.82447
22.6793	-4.82885
22.6893	-4.83323
22.6992	-4.83761
22.7092	-4.84199
22.7192	-4.84638
22.7292	-4.85076
22.7392	-4.85515
22.7491	-4.85954
22.7591	-4.86393
22.7691	-4.86832
22.7791	-4.87272
22.7891	-4.87711
22.7991	-4.88151
22.809	-4.88591
22.819	-4.89031
22.829	-4.89471
22.839	-4.89911
22.849	-4.90352
22.859	-4.90793
22.8689	-4.91233
22.8789	-4.91674
22.8889	-4.92115
22.8989	-4.92557
22.9089	-4.92998
22.9188	-4.9344
22.9288	-4.93881
22.9388	-4.94323
22.9488	-4.94765
22.9588	-4.95208
22.9688	-4.9565
22.9787	-4.96093
22.9887	-4.96535
22.9987	-4.96978
23.0087	-4.97421
23.0187	-4.97864
23.0286	-4.98307
23.0386	-4.98751
23.0486	-4.99195
23.0586	-4.99638
23.0686	-5.00082
23.0786	-5.00526
23.0885	-5.0097
23.0985	-5.01415
23.1085	-5.01859
23.1185	-5.02304
23.1285	-5.02749
23.1384	-5.03194
23.1484	-5.03639
23.1584	-5.04084
23.1684	-5.0453
23.1784	-5.04975
23.1884	-5.05421
23.1983	-5.05867
23.2083	-5.06313
23.2183	-5.06759
23.2283	-5.07206
23.2383	-5.07652
23.2482	-5.08099
23.2582	-5.08546
23.2682	-5.08993
23.2782	-5.0944
23.2882	-5.09887
23.2982	-5.10335
23.3081	-5.10782
23.3181	-5.1123
23.3281	-5.11678
23.3381	-5.12126
23.3481	-5.12574
23.3581	-5.13023
23.368	-5.13471
23.378	-5.1392
23.388	-5.14368
23.398	-5.14817
23.408	-5.15267
23.4179	-5.15716
23.4279	-5.16165
23.4379	-5.16615
23.4479	-5.17064
23.4579	-5.17514
23.4679	-5.17964
23.4778	-5.18414
23.4878	-5.18865
23.4978	-5.19315
23.5078	-5.19766
23.5178	-5.20217
23.5277	-5.20667
23.5377	-5.21118
23.5477	-5.2157
23.5577	-5.22021
23.5677	-5.22473
23.5777	-5.22924
23.5876	-5.23376
23.5976	-5.23828
23.6076	-5.2428
23.6176	-5.24732
23.6276	-5.25185
23.6375	-5.25637
23.6475	-5.2609
23.6575	-5.26543
23.6675	-5.26996
23.6775	-5.27449
23.6875	-5.27902
23.6974	-5.28355
23.7074	-5.28809
23.7174	-5.29263
23.7274	-5.29716
23.7374	-5.3017
23.7473	-5.30625
23.7573	-5.31079
23.7673	-5.31533
23.7773	-5.31988
23.7873	-5.32443
23.7973	-5.32898
23.8072	-5.33353
23.8172	-5.33808
23.8272	-5.34263
23.8372	-5.34718
23.8472	-5.35174
23.8572	-5.3563
23.8671	-5.36086
23.8771	-5.36542
23.8871	-5.36998
23.8971	-5.37454
23.9071	-5.37911
23.917	-5.38367
23.927	-5.38824
23.937	-5.39281
23.947	-5.39738
23.957	-5.40195
23.967	-5.40653
23.9769	-5.4111
23.9869	-5.41568
23.9969	-5.42025
24.0069	-5.42483
24.0169	-5.42941
24.0268	-5.434
24.0368	-5.43858
24.0468	-5.44316
24.0568	-5.44775
24.0668	-5.45234
24.0768	-5.45693
24.0867	-5.46152
24.0967	-5.46611
24.1067	-5.4707
24.1167	-5.4753
24.1267	-5.47989
24.1366	-5.48449
24.1466	-5.48909
24.1566	-5.49369
24.1666	-5.49829
24.1766	-5.50289
24.1866	-5.5075
24.1965	-5.51211
24.2065	-5.51671
24.2165	-5.52132
24.2265	-5.52593
24.2365	-5.53054
24.2464	-5.53516
24.2564	-5.53977
24.2664	-5.54439
24.2764	-5.549
24.2864	-5.55362
24.2964	-5.55824
24.3063	-5.56286
24.3163	-5.56749
24.3263	-5.57211
24.3363	-5.57674
24.3463	-5.58136
24.3563	-5.58599
24.3662	-5.59062
24.3762	-5.59525
24.3862	-5.59989
24.3962	-5.60452
24.4062	-5.60915
24.4161	-5.61379
24.4261	-5.61843
24.4361	-5.62307
24.4461	-5.62771
24.4561	-5.63235
24.4661	-5.63699
24.476	-5.64164
24.486	-5.64629
24.496	-5.65093
24.506	-5.65558
24.516	-5.66023
24.5259	-5.66489
24.5359	-5.66954
24.5459	-5.67419
24.5559	-5.67885
24.5659	-5.68351
24.5759	-5.68816
24.5858	-5.69282
24.5958	-5.69749
24.6058	-5.70215
24.6158	-5.70681
24.6258	-5.71148
24.6357	-5.71614
24.6457	-5.72081
24.6557	-5.72548
24.6657	-5.73015
24.6757	-5.73482
24.6857	-5.7395
24.6956	-5.74417
24.7056	-5.74885
24.7156	-5.75353
24.7256	-5.75821
24.7356	-5.76289
24.7455	-5.76757
24.7555	-5.77225
24.7655	-5.77693
24.7755	-5.78162
24.7855	-5.78631
24.7955	-5.791
24.8054	-5.79568
24.8154	-5.80038
24.8254	-5.80507
24.8354	-5.80976
24.8454	-5.81446
24.8554	-5.81915
24.8653	-5.82385
24.8753	-5.82855
24.8853	-5.83325
24.8953	-5.83795
24.9053	-5.84265
24.9152	-5.84736
24.9252	-5.85206
24.9352	-5.85677
24.9452	-5.86148
24.9552	-5.86619
24.9652	-5.8709
24.9751	-5.87561
24.9851	-5.88032
24.9951	-5.88504
25.0051	-5.88975
25.0151	-5.89447
25.025	-5.89919
25.035	-5.90391
25.045	-5.90863
25.055	-5.91335
25.065	-5.91808
25.075	-5.9228
25.0849	-5.92753
25.0949	-5.93226
25.1049	-5.93699
25.1149	-5.94172
25.1249	-5.94645
25.1348	-5.95118
25.1448	-5.95591
25.1548	-5.96065
25.1648	-5.96539
25.1748	-5.97012
25.1848	-5.97486
25.1947	-5.9796
25.2047	-5.98435
25.2147	-5.98909
25.2247	-5.99383
25.2347	-5.99858
25.2446	-6.00333
25.2546	-6.00807
25.2646	-6.01282
25.2746	-6.01757
25.2846	-6.02233
25.2946	-6.02708
25.3045	-6.03184
25.3145	-6.03659
25.3245	-6.04135
25.3345	-6.04611
25.3445	-6.05087
25.3545	-6.05563
25.3644	-6.06039
25.3744	-6.06515
25.3844	-6.06992
25.3944	-6.07468
25.4044	-6.07945
25.4143	-6.08422
25.4243	-6.08899
25.4343	-6.09376
25.4443	-6.09853
25.4543	-6.10331
25.4643	-6.10808
25.4742	-6.11286
25.4842	-6.11764
25.4942	-6.12241
25.5042	-6.12719
25.5142	-6.13197
25.5241	-6.13676
25.5341	-6.14154
25.5441	-6.14633
25.5541	-6.15111
25.5641	-6.1559
25.5741	-6.16069
25.584	-6.16548
25.594	-6.17027
25.604	-6.17506
25.614	-6.17985
25.624	-6.18465
25.6339	-6.18944
25.6439	-6.19424
25.6539	-6.19904
25.6639	-6.20384
25.6739	-6.20864
25.6839	-6.21344
25.6938	-6.21825
25.7038	-6.22305
25.7138	-6.22786
25.7238	-6.23266
25.7338	-6.23747
25.7437	-6.24228
25.7537	-6.24709
25.7637	-6.2519
25.7737	-6.25672
25.7837	-6.26153
25.7937	-6.26635
25.8036	-6.27116
25.8136	-6.27598
25.8236	-6.2808
25.8336	-6.28562
25.8436	-6.29044
25.8536	-6.29527
25.8635	-6.30009
25.8735	-6.30491
25.8835	-6.30974
25.8935	-6.31457
25.9035	-6.3194
25.9134	-6.32423
25.9234	-6.32906
25.9334	-6.33389
25.9434	-6.33872
25.9534	-6.34356
25.9634	-6.3484
25.9733	-6.35323
25.9833	-6.35807
25.9933	-6.36291
26.0033	-6.36775
26.0133	-6.37259
26.0232	-6.37744
26.0332	-6.38228
26.0432	-6.38713
26.0532	-6.39197
26.0632	-6.39682
26.0732	-6.40167
26.0831	-6.40652
26.0931	-6.41137
26.1031	-6.41622
26.1131	-6.42108
26.1231	-6.42593
26.133	-6.43079
26.143	-6.43565
26.153	-6.4405
26.163	-6.44536
26.173	-6.45023
26.183	-6.45509
26.1929	-6.45995
26.2029	-6.46481
26.2129	-6.46968
26.2229	-6.47455
26.2329	-6.47941
26.2428	-6.48428
26.2528	-6.48915
26.2628	-6.49402
26.2728	-6.4989
26.2828	-6.50377
26.2928	-6.50865
26.3027	-6.51352
26.3127	-6.5184
26.3227	-6.52328
26.3327	-6.52816
26.3427	-6.53304
26.3527	-6.53792
26.3626	-6.5428
26.3726	-6.54768
26.3826	-6.55257
26.3926	-6.55746
26.4026	-6.56234
26.4125	-6.56723
26.4225	-6.57212
26.4325	-6.57701
26.4425	-6.5819
26.4525	-6.5868
26.4625	-6.59169
26.4724	-6.59659
26.4824	-6.60148
26.4924	-6.60638
26.5024	-6.61128
26.5124	-6.61618
26.5223	-6.62108
26.5323	-6.62598
26.5423	-6.63088
26.5523	-6.63579
26.5623	-6.64069
26.5723	-6.6456
26.5822	-6.65051
26.5922	-6.65542
26.6022	-6.66033
26.6122	-6.66524
26.6222	-6.67015
26.6321	-6.67506
26.6421	-6.67998
26.6521	-6.68489
26.6621	-6.68981
26.6721	-6.69473
26.6821	-6.69965
26.692	-6.70457
26.702	-6.70949
26.712	-6.71441
26.722	-6.71933
26.732	-6.72426
26.7419	-6.72918
26.7519	-6.73411
26.7619	-6.73904
26.7719	-6.74397
26.7819	-6.7489
26.7919	-6.75383
26.8018	-6.75876
26.8118	-6.76369
26.8218	-6.76863
26.8318	-6.77356
26.8418	-6.7785
26.8518	-6.78344
26.8617	-6.78837
26.8717	-6.79331
26.8817	-6.79826
26.8917	-6.8032
26.9017	-6.80814
26.9116	-6.81308
26.9216	-6.81803
26.9316	-6.82298
26.9416	-6.82792
26.9516	-6.83287
26.9616	-6.83782
26.9715	-6.84277
26.9815	-6.84772
26.9915	-6.85268
27.0015	-6.85763
27.0115	-6.86258
27.0214	-6.86754
27.0314	-6.8725
27.0414	-6.87745
27.0514	-6.88241
27.0614	-6.88737
27.0714	-6.89233
27.0813	-6.8973
27.0913	-6.90226
27.1013	-6.90722
27.1113	-6.91219
27.1213	-6.91716
27.1312	-6.92212
27.1412	-6.92709
27.1512	-6.93206
27.1612	-6.93703
27.1712	-6.94201
27.1812	-6.94698
27.1911	-6.95195
27.2011	-6.95693
27.2111	-6.9619
27.2211	-6.96688
27.2311	-6.97186
27.241	-6.97684
27.251	-6.98182
27.261	-6.9868
27.271	-6.99178
27.281	-6.99676
27.291	-7.00175
27.3009	-7.00673
27.3109	-7.01172
27.3209	-7.01671
27.3309	-7.0217
27.3409	-7.02669
27.3509	-7.03168
27.3608	-7.03667
27.3708	-7.04166
27.3808	-7.04665
27.3908	-7.05165
27.4008	-7.05665
27.4107	-7.06164
27.4207	-7.06664
27.4307	-7.07164
27.4407	-7.07664
27.4507	-7.08164
27.4607	-7.08664
27.4706	-7.09164
27.4806	-7.09665
27.4906	-7.10165
27.5006	-7.10666
27.5106	-7.11167
27.5205	-7.11667
27.5305	-7.12168
27.5405	-7.12669
27.5505	-7.1317
27.5605	-7.13672
27.5705	-7.14173
27.5804	-7.14674
27.5904	-7.15176
27.6004	-7.15677
27.6104	-7.16179
27.6204	-7.16681
27.6303	-7.17183
27.6403	-7.17685
27.6503	-7.18187
27.6603	-7.18689
27.6703	-7.19191
27.6803	-7.19694
27.6902	-7.20196
27.7002	-7.20699
27.7102	-7.21202
27.7202	-7.21705
27.7302	-7.22207
27.7401	-7.2271
27.7501	-7.23214
27.7601	-7.23717
27.7701	-7.2422
27.7801	-7.24723
27.7901	-7.25227
27.8	-7.25731
27.81	-7.26234
27.82	-7.26738
27.83	-7.27242
27.84	-7.27746
27.8499	-7.2825
27.8599	-7.28754
27.8699	-7.29258
27.8799	-7.29763
27.8899	-7.30267
27.8999	-7.30772
27.9098	-7.31277
27.9198	-7.31781
27.9298	-7.32286
27.9398	-7.32791
27.9498	-7.33296
27.9598	-7.33801
27.9697	-7.34307
27.9797	-7.34812
27.9897	-7.35317
27.9997	-7.35823
28.0097	-7.36329
28.0196	-7.36834
28.0296	-7.3734
28.0396	-7.37846
28.0496	-7.38352
28.0596	-7.38858
28.0696	-7.39364
28.0795	-7.39871
28.0895	-7.40377
28.0995	-7.40884
28.1095	-7.4139
28.1195	-7.41897
28.1294	-7.42404
28.1394	-7.42911
28.1494	-7.43418
28.1594	-7.43925
28.1694	-7.44432
28.1794	-7.44939
28.1893	-7.45446
28.1993	-7.45954
28.2093	-7.46461
28.2193	-7.46969
28.2293	-7.47477
28.2392	-7.47985
28.2492	-7.48492
28.2592	-7.49
28.2692	-7.49509
28.2792	-7.50017
28.2892	-7.50525
28.2991	-7.51033
28.3091	-7.51542
28.3191	-7.5205
28.3291	-7.52559
28.3391	-7.53068
28.349	-7.53577
28.359	-7.54086
28.369	-7.54595
28.379	-7.55104
28.389	-7.55613
28.399	-7.56122
28.4089	-7.56632
28.4189	-7.57141
28.4289	-7.57651
28.4389	-7.58161
28.4489	-7.5867
28.4589	-7.5918
28.4688	-7.5969
28.4788	-7.602
28.4888	-7.6071
28.4988	-7.6122
28.5088	-7.61731
28.5187	-7.62241
28.5287	-7.62752
28.5387	-7.63262
28.5487	-7.63773
28.5587	-7.64284
28.5687	-7.64795
28.5786	-7.65306
28.5886	-7.65817
28.5986	-7.66328
28.6086	-7.66839
28.6186	-7.6735
28.6285	-7.67862
28.6385	-7.68373
28.6485	-7.68885
28.6585	-7.69396
28.6685	-7.69908
28.6785	-7.7042
28.6884	-7.70932
28.6984	-7.71444
28.7084	-7.71956
28.7184	-7.72468
28.7284	-7.7298
28.7383	-7.73493
28.7483	-7.74005
28.7583	-7.74518
28.7683	-7.7503
28.7783	-7.75543
28.7883	-7.76056
28.7982	-7.76569
28.8082	-7.77082
28.8182	-7.77595
28.8282	-7.78108
28.8382	-7.78621
28.8481	-7.79135
28.8581	-7.79648
28.8681	-7.80162
28.8781	-7.80675
28.8881	-7.81189
28.8981	-7.81703
28.908	-7.82217
28.918	-7.82731
28.928	-7.83245
28.938	-7.83759
28.948	-7.84273
28.958	-7.84787
28.9679	-7.85302
28.9779	-7.85816
28.9879	-7.86331
28.9979	-7.86845
29.0079	-7.8736
29.0178	-7.87875
29.0278	-7.8839
29.0378	-7.88905
29.0478	-7.8942
29.0578	-7.89935
29.0678	-7.9045
29.0777	-7.90966
29.0877	-7.91481
29.0977	-7.91996
29.1077	-7.92512
29.1177	-7.93028
29.1276	-7.93543
29.1376	-7.94059
29.1476	-7.94575
29.1576	-7.95091
29.1676	-7.95607
29.1776	-7.96124
29.1875	-7.9664
29.1975	-7.97156
29.2075	-7.97673
29.2175	-7.98189
29.2275	-7.98706
29.2374	-7.99222
29.2474	-7.99739
29.2574	-8.00256
29.2674	-8.00773
29.2774	-8.0129
29.2874	-8.01807
29.2973	-8.02324
29.3073	-8.02841
29.3173	-8.03359
29.3273	-8.03876
29.3373	-8.04394
29.3472	-8.04911
29.3572	-8.05429
29.3672	-8.05947
29.3772	-8.06465
29.3872	-8.06982
29.3972	-8.075
29.4071	-8.08019
29.4171	-8.08537
29.4271	-8.09055
29.4371	-8.09573
29.4471	-8.10092
29.4571	-8.1061
29.467	-8.11129
29.477	-8.11647
29.487	-8.12166
29.497	-8.12685
29.507	-8.13204
29.5169	-8.13723
29.5269	-8.14242
29.5369	-8.14761
29.5469	-8.1528
29.5569	-8.158
29.5669	-8.16319
29.5768	-8.16838
29.5868	-8.17358
29.5968	-8.17878
29.6068	-8.18397
29.6168	-8.18917
29.6267	-8.19437
29.6367	-8.19957
29.6467	-8.20477
29.6567	-8.20997
29.6667	-8.21517
29.6767	-8.22037
29.6866	-8.22558
29.6966	-8.23078
29.7066	-8.23599
29.7166	-8.24119
29.7266	-8.2464
29.7365	-8.25161
29.7465	-8.25681
29.7565	-8.26202
29.7665	-8.26723
29.7765	-8.27244
29.7865	-8.27765
29.7964	-8.28287
29.8064	-8.28808
29.8164	-8.29329
29.8264	-8.29851
29.8364	-8.30372
29.8463	-8.30894
29.8563	-8.31415
29.8663	-8.31937
29.8763	-8.32459
29.8863	-8.32981
29.8963	-8.33503
29.9062	-8.34025
29.9162	-8.34547
29.9262	-8.35069
29.9362	-8.35592
29.9462	-8.36114
29.9562	-8.36636
29.9661	-8.37159
29.9761	-8.37682
29.9861	-8.38204
29.9961	-8.38727
30.0061	-8.3925
30.016	-8.39773
30.026	-8.40296
30.036	-8.40819
30.046	-8.41342
30.056	-8.41865
30.066	-8.42388
30.0759	-8.42912
30.0859	-8.43435
30.0959	-8.43959
30.1059	-8.44482
30.1159	-8.45006
30.1258	-8.4553
30.1358	-8.46053
30.1458	-8.46577
30.1558	-8.47101
30.1658	-8.47625
30.1758	-8.48149
30.1857	-8.48674
30.1957	-8.49198
30.2057	-8.49722
30.2157	-8.50247
30.2257	-8.50771
30.2356	-8.51296
30.2456	-8.5182
30.2556	-8.52345
30.2656	-8.5287
30.2756	-8.53395
30.2856	-8.5392
30.2955	-8.54445
30.3055	-8.5497
30.3155	-8.55495
30.3255	-8.5602
30.3355	-8.56545
30.3454	-8.57071
30.3554	-8.57596
30.3654	-8.58122
30.3754	-8.58647
30.3854	-8.59173
30.3954	-8.59699
30.4053	-8.60224
30.4153	-8.6075
30.4253	-8.61276
30.4353	-8.61802
30.4453	-8.62328
30.4553	-8.62854
30.4652	-8.63381
30.4752	-8.63907
30.4852	-8.64433
30.4952	-8.6496
30.5052	-8.65486
30.5151	-8.66013
30.5251	-8.6654
30.5351	-8.67066
30.5451	-8.67593
30.5551	-8.6812
30.5651	-8.68647
30.575	-8.69174
30.585	-8.69701
30.595	-8.70228
30.605	-8.70756
30.615	-8.71283
30.6249	-8.7181
30.6349	-8.72338
30.6449	-8.72865
30.6549	-8.73393
30.6649	-8.7392
30.6749	-8.74448
30.6848	-8.74976
30.6948	-8.75504
30.7048	-8.76032
30.7148	-8.7656
30.7248	-8.77088
30.7347	-8.77616
30.7447	-8.78144
30.7547	-8.78673
30.7647	-8.79201
30.7747	-8.79729
30.7847	-8.80258
30.7946	-8.80786
30.8046	-8.81315
30.8146	-8.81844
30.8246	-8.82373
30.8346	-8.82901
30.8445	-8.8343
30.8545	-8.83959
30.8645	-8.84488
30.8745	-8.85017
30.8845	-8.85547
30.8945	-8.86076
30.9044	-8.86605
30.9144	-8.87135
30.9244	-8.87664
30.9344	-8.88194
30.9444	-8.88723
30.9544	-8.89253
30.9643	-8.89783
30.9743	-8.90312
30.9843	-8.90842
30.9943	-8.91372
31.0043	-8.91902
31.0142	-8.92432
31.0242	-8.92962
31.0342	-8.93493
31.0442	-8.94023
31.0542	-8.94553
31.0642	-8.95084
31.0741	-8.95614
31.0841	-8.96145
31.0941	-8.96675
31.1041	-8.97206
31.1141	-8.97737
31.124	-8.98267
31.134	-8.98798
31.144	-8.99329
31.154	-8.9986
31.164	-9.00391
31.174	-9.00923
31.1839	-9.01454
31.1939	-9.01985
31.2039	-9.02516
31.2139	-9.03048
31.2239	-9.03579
31.2338	-9.04111
31.2438	-9.04642
31.2538	-9.05174
31.2638	-9.05706
31.2738	-9.06238
31.2838	-9.06769
31.2937	-9.07301
31.3037	-9.07833
31.3137	-9.08365
31.3237	-9.08898
31.3337	-9.0943
31.3436	-9.09962
31.3536	-9.10494
31.3636	-9.11027
31.3736	-9.11559
31.3836	-9.12092
31.3936	-9.12624
31.4035	-9.13157
31.4135	-9.1369
31.4235	-9.14222
31.4335	-9.14755
31.4435	-9.15288
31.4535	-9.15821
31.4634	-9.16354
31.4734	-9.16887
31.4834	-9.1742
31.4934	-9.17953
31.5034	-9.18487
31.5133	-9.1902
31.5233	-9.19553
31.5333	-9.20087
31.5433	-9.2062
31.5533	-9.21154
31.5633	-9.21688
31.5732	-9.22221
31.5832	-9.22755
31.5932	-9.23289
31.6032	-9.23823
31.6132	-9.24357
31.6231	-9.24891
31.6331	-9.25425
31.6431	-9.25959
31.6531	-9.26493
31.6631	-9.27028
31.6731	-9.27562
31.683	-9.28096
31.693	-9.28631
31.703	-9.29165
31.713	-9.297
31.723	-9.30235
31.7329	-9.30769
31.7429	-9.31304
31.7529	-9.31839
31.7629	-9.32374
31.7729	-9.32909
31.7829	-9.33444
31.7928	-9.33979
31.8028	-9.34514
31.8128	-9.35049
31.8228	-9.35585
31.8328	-9.3612
31.8427	-9.36655
31.8527	-9.37191
31.8627	-9.37726
31.8727	-9.38262
31.8827	-9.38797
31.8927	-9.39333
31.9026	-9.39869
31.9126	-9.40405
31.9226	-9.40941
31.9326	-9.41477
31.9426	-9.42013
31.9526	-9.42549
31.9625	-9.43085
31.9725	-9.43621
31.9825	-9.44157
31.9925	-9.44693
32.0025	-9.4523
32.0124	-9.45766
32.0224	-9.46303
32.0324	-9.46839
32.0424	-9.47376
32.0524	-9.47912
32.0624	-9.48449
32.0723	-9.48986
32.0823	-9.49523
32.0923	-9.5006
32.1023	-9.50596
32.1123	-9.51133
32.1222	-9.51671
32.1322	-9.52208
32.1422	-9.52745
32.1522	-9.53282
32.1622	-9.53819
32.1722	-9.54357
32.1821	-9.54894
32.1921	-9.55432
32.2021	-9.55969
32.2121	-9.56507
32.2221	-9.57044
32.232	-9.57582
32.242	-9.5812
32.252	-9.58658
32.262	-9.59195
32.272	-9.59733
32.282	-9.60271
32.2919	-9.60809
32.3019	-9.61348
32.3119	-9.61886
32.3219	-9.62424
32.3319	-9.62962
32.3418	-9.63501
32.3518	-9.64039
32.3618	-9.64577
32.3718	-9.65116
32.3818	-9.65654
32.3918	-9.66193
32.4017	-9.66732
32.4117	-9.6727
32.4217	-9.67809
32.4317	-9.68348
32.4417	-9.68887
32.4517	-9.69426
32.4616	-9.69965
32.4716	-9.70504
32.4816	-9.71043
32.4916	-9.71582
32.5016	-9.72122
32.5115	-9.72661
32.5215	-9.732
32.5315	-9.7374
32.5415	-9.74279
32.5515	-9.74819
32.5615	-9.75358
32.5714	-9.75898
32.5814	-9.76437
32.5914	-9.76977
32.6014	-9.77517
32.6114	-9.78057
32.6213	-9.78597
32.6313	-9.79137
32.6413	-9.79677
32.6513	-9.80217
32.6613	-9.80757
32.6713	-9.81297
32.6812	-9.81837
32.6912	-9.82378
32.7012	-9.82918
32.7112	-9.83458
32.7212	-9.83999
32.7311	-9.84539
32.7411	-9.8508
32.7511	-9.8562
32.7611	-9.86161
32.7711	-9.86702
32.7811	-9.87243
32.791	-9.87783
32.801	-9.88324
32.811	-9.88865
32.821	-9.89406
32.831	-9.89947
32.8409	-9.90488
32.8509	-9.91029
32.8609	-9.91571
32.8709	-9.92112
32.8809	-9.92653
32.8909	-9.93195
32.9008	-9.93736
32.9108	-9.94277
32.9208	-9.94819
32.9308	-9.95361
32.9408	-9.95902
32.9508	-9.96444
32.9607	-9.96986
32.9707	-9.97527
32.9807	-9.98069
32.9907	-9.98611
33.0007	-9.99153
33.0106	-9.99695
33.0206	-10.0024
33.0306	-10.0078
33.0406	-10.0132
33.0506	-10.0186
33.0606	-10.0241
33.0705	-10.0295
33.0805	-10.0349
33.0905	-10.0403
33.1005	-10.0458
33.1105	-10.0512
33.1204	-10.0566
33.1304	-10.062
33.1404	-10.0675
33.1504	-10.0729
33.1604	-10.0783
33.1704	-10.0837
33.1803	-10.0892
33.1903	-10.0946
33.2003	-10.1
33.2103	-10.1055
33.2203	-10.1109
33.2302	-10.1163
33.2402	-10.1218
33.2502	-10.1272
33.2602	-10.1326
33.2702	-10.1381
33.2802	-10.1435
33.2901	-10.1489
33.3001	-10.1544
33.3101	-10.1598
33.3201	-10.1652
33.3301	-10.1707
33.34	-10.1761
33.35	-10.1815
33.36	-10.187
33.37	-10.1924
33.38	-10.1979
33.39	-10.2033
33.3999	-10.2087
33.4099	-10.2142
33.4199	-10.2196
33.4299	-10.2251
33.4399	-10.2305
33.4498	-10.2359
33.4598	-10.2414
33.4698	-10.2468
33.4798	-10.2523
33.4898	-10.2577
33.4998	-10.2632
33.5097	-10.2686
33.5197	-10.274
33.5297	-10.2795
33.5397	-10.2849
33.5497	-10.2904
33.5597	-10.2958
33.5696	-10.3013
33.5796	-10.3067
33.5896	-10.3122
33.5996	-10.3176
33.6096	-10.3231
33.6195	-10.3285
33.6295	-10.334
33.6395	-10.3394
33.6495	-10.3449
33.6595	-10.3503
33.6695	-10.3558
33.6794	-10.3612
33.6894	-10.3667
33.6994	-10.3722
33.7094	-10.3776
33.7194	-10.3831
33.7293	-10.3885
33.7393	-10.394
33.7493	-10.3994
33.7593	-10.4049
33.7693	-10.4103
33.7793	-10.4158
33.7892	-10.4213
33.7992	-10.4267
33.8092	-10.4322
33.8192	-10.4376
33.8292	-10.4431
33.8391	-10.4486
33.8491	-10.454
33.8591	-10.4595
33.8691	-10.465
33.8791	-10.4704
33.8891	-10.4759
33.899	-10.4813
33.909	-10.4868
33.919	-10.4923
33.929	-10.4977
33.939	-10.5032
33.9489	-10.5087
33.9589	-10.5141
33.9689	-10.5196
33.9789	-10.5251
33.9889	-10.5305
33.9989	-10.536
34.0088	-10.5415
34.0188	-10.5469
34.0288	-10.5524
34.0388	-10.5579
34.0488	-10.5634
34.0588	-10.5688
34.0687	-10.5743
34.0787	-10.5798
34.0887	-10.5852
34.0987	-10.5907
34.1087	-10.5962
34.1186	-10.6017
34.1286	-10.6071
34.1386	-10.6126
34.1486	-10.6181
34.1586	-10.6236
34.1686	-10.629
34.1785	-10.6345
34.1885	-10.64
34.1985	-10.6455
34.2085	-10.651
34.2185	-10.6564
34.2284	-10.6619
34.2384	-10.6674
34.2484	-10.6729
34.2584	-10.6784
34.2684	-10.6838
34.2784	-10.6893
34.2883	-10.6948
34.2983	-10.7003
34.3083	-10.7058
34.3183	-10.7112
34.3283	-10.7167
34.3382	-10.7222
34.3482	-10.7277
34.3582	-10.7332
34.3682	-10.7387
34.3782	-10.7442
34.3882	-10.7496
34.3981	-10.7551
34.4081	-10.7606
34.4181	-10.7661
34.4281	-10.7716
34.4381	-10.7771
34.448	-10.7826
34.458	-10.7881
34.468	-10.7935
34.478	-10.799
34.488	-10.8045
34.498	-10.81
34.5079	-10.8155
34.5179	-10.821
34.5279	-10.8265
34.5379	-10.832
34.5479	-10.8375
34.5579	-10.843
34.5678	-10.8485
34.5778	-10.854
34.5878	-10.8595
34.5978	-10.865
34.6078	-10.8704
34.6177	-10.8759
34.6277	-10.8814
34.6377	-10.8869
34.6477	-10.8924
34.6577	-10.8979
34.6677	-10.9034
34.6776	-10.9089
34.6876	-10.9144
34.6976	-10.9199
34.7076	-10.9254
34.7176	-10.9309
34.7275	-10.9364
34.7375	-10.9419
34.7475	-10.9474
34.7575	-10.9529
34.7675	-10.9584
34.7775	-10.9639
34.7874	-10.9694
34.7974	-10.9749
34.8074	-10.9804
34.8174	-10.986
34.8274	-10.9915
34.8373	-10.997
34.8473	-11.0025
34.8573	-11.008
34.8673	-11.0135
34.8773	-11.019
34.8873	-11.0245
34.8972	-11.03
34.9072	-11.0355
34.9172	-11.041
34.9272	-11.0465
34.9372	-11.052
34.9471	-11.0576
34.9571	-11.0631
34.9671	-11.0686
34.9771	-11.0741
34.9871	-11.0796
34.9971	-11.0851
35.007	-11.0906
35.017	-11.0961
35.027	-11.1016
35.037	-11.1072
35.047	-11.1127
35.057	-11.1182
35.0669	-11.1237
35.0769	-11.1292
35.0869	-11.1347
35.0969	-11.1402
35.1069	-11.1458
35.1168	-11.1513
35.1268	-11.1568
35.1368	-11.1623
35.1468	-11.1678
35.1568	-11.1734
35.1668	-11.1789
35.1767	-11.1844
35.1867	-11.1899
35.1967	-11.1954
35.2067	-11.2009
35.2167	-11.2065
35.2266	-11.212
35.2366	-11.2175
35.2466	-11.223
35.2566	-11.2286
35.2666	-11.2341
35.2766	-11.2396
35.2865	-11.2451
35.2965	-11.2506
35.3065	-11.2562
35.3165	-11.2617
35.3265	-11.2672
35.3364	-11.2727
35.3464	-11.2783
35.3564	-11.2838
35.3664	-11.2893
35.3764	-11.2949
35.3864	-11.3004
35.3963	-11.3059
35.4063	-11.3114
35.4163	-11.317
35.4263	-11.3225
35.4363	-11.328
35.4462	-11.3336
35.4562	-11.3391
35.4662	-11.3446
35.4762	-11.3501
35.4862	-11.3557
35.4962	-11.3612
35.5061	-11.3667
35.5161	-11.3723
35.5261	-11.3778
35.5361	-11.3833
35.5461	-11.3889
35.5561	-11.3944
35.566	-11.3999
35.576	-11.4055
35.586	-11.411
35.596	-11.4165
35.606	-11.4221
35.6159	-11.4276
35.6259	-11.4332
35.6359	-11.4387
35.6459	-11.4442
35.6559	-11.4498
35.6659	-11.4553
35.6758	-11.4608
35.6858	-11.4664
35.6958	-11.4719
35.7058	-11.4775
35.7158	-11.483
35.7257	-11.4885
35.7357	-11.4941
35.7457	-11.4996
35.7557	-11.5052
35.7657	-11.5107
35.7757	-11.5162
35.7856	-11.5218
35.7956	-11.5273
35.8056	-11.5329
35.8156	-11.5384
35.8256	-11.544
35.8355	-11.5495
35.8455	-11.555
35.8555	-11.5606
35.8655	-11.5661
35.8755	-11.5717
35.8855	-11.5772
35.8954	-11.5828
35.9054	-11.5883
35.9154	-11.5939
35.9254	-11.5994
35.9354	-11.605
35.9453	-11.6105
35.9553	-11.6161
35.9653	-11.6216
35.9753	-11.6272
35.9853	-11.6327
35.9953	-11.6383
36.0052	-11.6438
36.0152	-11.6494
36.0252	-11.6549
36.0352	-11.6605
36.0452	-11.666
36.0552	-11.6716
36.0651	-11.6771
36.0751	-11.6827
36.0851	-11.6882
36.0951	-11.6938
36.1051	-11.6993
36.115	-11.7049
36.125	-11.7104
36.135	-11.716
36.145	-11.7216
36.155	-11.7271
36.165	-11.7327
36.1749	-11.7382
36.1849	-11.7438
36.1949	-11.7493
36.2049	-11.7549
36.2149	-11.7605
36.2248	-11.766
36.2348	-11.7716
36.2448	-11.7771
36.2548	-11.7827
36.2648	-11.7882
36.2748	-11.7938
36.2847	-11.7994
36.2947	-11.8049
36.3047	-11.8105
36.3147	-11.816
36.3247	-11.8216
36.3346	-11.8272
36.3446	-11.8327
36.3546	-11.8383
36.3646	-11.8439
36.3746	-11.8494
36.3846	-11.855
36.3945	-11.8606
36.4045	-11.8661
36.4145	-11.8717
36.4245	-11.8772
36.4345	-11.8828
36.4444	-11.8884
36.4544	-11.8939
36.4644	-11.8995
36.4744	-11.9051
36.4844	-11.9106
36.4944	-11.9162
36.5043	-11.9218
36.5143	-11.9273
36.5243	-11.9329
36.5343	-11.9385
36.5443	-11.9441
36.5543	-11.9496
36.5642	-11.9552
36.5742	-11.9608
36.5842	-11.9663
36.5942	-11.9719
36.6042	-11.9775
36.6141	-11.983
36.6241	-11.9886
36.6341	-11.9942
36.6441	-11.9998
36.6541	-12.0053
36.6641	-12.0109
36.674	-12.0165
36.684	-12.0221
36.694	-12.0276
36.704	-12.0332
36.714	-12.0388
36.7239	-12.0444
36.7339	-12.0499
36.7439	-12.0555
36.7539	-12.0611
36.7639	-12.0667
36.7739	-12.0722
36.7838	-12.0778
36.7938	-12.0834
36.8038	-12.089
36.8138	-12.0945
36.8238	-12.1001
36.8337	-12.1057
36.8437	-12.1113
36.8537	-12.1169
36.8637	-12.1224
36.8737	-12.128
36.8837	-12.1336
36.8936	-12.1392
36.9036	-12.1448
36.9136	-12.1503
36.9236	-12.1559
36.9336	-12.1615
36.9435	-12.1671
36.9535	-12.1727
36.9635	-12.1782
36.9735	-12.1838
36.9835	-12.1894
36.9935	-12.195
37.0034	-12.2006
37.0134	-12.2062
37.0234	-12.2117
37.0334	-12.2173
37.0434	-12.2229
37.0534	-12.2285
37.0633	-12.2341
37.0733	-12.2397
37.0833	-12.2453
37.0933	-12.2509
37.1033	-12.2564
37.1132	-12.262
37.1232	-12.2676
37.1332	-12.2732
37.1432	-12.2788
37.1532	-12.2844
37.1632	-12.29
37.1731	-12.2956
37.1831	-12.3011
37.1931	-12.3067
37.2031	-12.3123
37.2131	-12.3179
37.223	-12.3235
37.233	-12.3291
37.243	-12.3347
37.253	-12.3403
37.263	-12.3459
37.273	-12.3515
37.2829	-12.3571
37.2929	-12.3627
37.3029	-12.3682
37.3129	-12.3738
37.3229	-12.3794
37.3328	-12.385
37.3428	-12.3906
37.3528	-12.3962
37.3628	-12.4018
37.3728	-12.4074
37.3828	-12.413
37.3927	-12.4186
37.4027	-12.4242
37.4127	-12.4298
37.4227	-12.4354
37.4327	-12.441
37.4426	-12.4466
37.4526	-12.4522
37.4626	-12.4578
37.4726	-12.4634
37.4826	-12.469
37.4926	-12.4746
37.5025	-12.4802
37.5125	-12.4858
37.5225	-12.4914
37.5325	-12.497
37.5425	-12.5026
37.5525	-12.5082
37.5624	-12.5138
37.5724	-12.5194
37.5824	-12.525
37.5924	-12.5306
37.6024	-12.5362
37.6123	-12.5418
37.6223	-12.5474
37.6323	-12.553
37.6423	-12.5586
37.6523	-12.5642
37.6623	-12.5698
37.6722	-12.5754
37.6822	-12.581
37.6922	-12.5866
37.7022	-12.5922
37.7122	-12.5978
37.7221	-12.6034
37.7321	-12.609
37.7421	-12.6146
37.7521	-12.6203
37.7621	-12.6259
37.7721	-12.6315
37.782	-12.6371
37.792	-12.6427
37.802	-12.6483
37.812	-12.6539
37.822	-12.6595
37.8319	-12.6651
37.8419	-12.6707
37.8519	-12.6763
37.8619	-12.6819
37.8719	-12.6876
37.8819	-12.6932
37.8918	-12.6988
37.9018	-12.7044
37.9118	-12.71
37.9218	-12.7156
37.9318	-12.7212
37.9417	-12.7268
37.9517	-12.7324
37.9617	-12.7381
37.9717	-12.7437
37.9817	-12.7493
37.9917	-12.7549
38.0016	-12.7605
38.0116	-12.7661
38.0216	-12.7717
38.0316	-12.7774
38.0416	-12.783
38.0516	-12.7886
38.0615	-12.7942
38.0715	-12.7998
38.0815	-12.8054
38.0915	-12.811
38.1015	-12.8167
38.1114	-12.8223
38.1214	-12.8279
38.1314	-12.8335
38.1414	-12.8391
38.1514	-12.8448
38.1614	-12.8504
38.1713	-12.856
38.1813	-12.8616
38.1913	-12.8672
38.2013	-12.8728
38.2113	-12.8785
38.2212	-12.8841
38.2312	-12.8897
38.2412	-12.8953
38.2512	-12.9009
38.2612	-12.9066
38.2712	-12.9122
38.2811	-12.9178
38.2911	-12.9234
38.3011	-12.9291
38.3111	-12.9347
38.3211	-12.9403
38.331	-12.9459
38.341	-12.9515
38.351	-12.9572
38.361	-12.9628
38.371	-12.9684
38.381	-12.974
38.3909	-12.9797
38.4009	-12.9853
38.4109	-12.9909
38.4209	-12.9965
38.4309	-13.0022
38.4408	-13.0078
38.4508	-13.0134
38.4608	-13.019
38.4708	-13.0247
38.4808	-13.0303
38.4908	-13.0359
38.5007	-13.0416
38.5107	-13.0472
38.5207	-13.0528
38.5307	-13.0584
38.5407	-13.0641
38.5507	-13.0697
38.5606	-13.0753
38.5706	-13.081
38.5806	-13.0866
38.5906	-13.0922
38.6006	-13.0978
38.6105	-13.1035
38.6205	-13.1091
38.6305	-13.1147
38.6405	-13.1204
38.6505	-13.126
38.6605	-13.1316
38.6704	-13.1373
38.6804	-13.1429
38.6904	-13.1485
38.7004	-13.1542
38.7104	-13.1598
38.7203	-13.1654
38.7303	-13.1711
38.7403	-13.1767
38.7503	-13.1823
38.7603	-13.188
38.7703	-13.1936
38.7802	-13.1992
38.7902	-13.2049
38.8002	-13.2105
38.8102	-13.2161
38.8202	-13.2218
38.8301	-13.2274
38.8401	-13.233
38.8501	-13.2387
38.8601	-13.2443
38.8701	-13.25
38.8801	-13.2556
38.89	-13.2612
38.9	-13.2669
38.91	-13.2725
38.92	-13.2781
38.93	-13.2838
38.9399	-13.2894
38.9499	-13.2951
38.9599	-13.3007
38.9699	-13.3063
38.9799	-13.312
38.9899	-13.3176
38.9998	-13.3233
39.0098	-13.3289
39.0198	-13.3345
39.0298	-13.3402
39.0398	-13.3458
39.0497	-13.3515
39.0597	-13.3571
39.0697	-13.3627
39.0797	-13.3684
39.0897	-13.374
39.0997	-13.3797
39.1096	-13.3853
39.1196	-13.391
39.1296	-13.3966
39.1396	-13.4022
39.1496	-13.4079
39.1596	-13.4135
39.1695	-13.4192
39.1795	-13.4248
39.1895	-13.4305
39.1995	-13.4361
39.2095	-13.4418
39.2194	-13.4474
39.2294	-13.4531
39.2394	-13.4587
39.2494	-13.4643
39.2594	-13.47
39.2694	-13.4756
39.2793	-13.4813
39.2893	-13.4869
39.2993	-13.4926
39.3093	-13.4982
39.3193	-13.5039
39.3292	-13.5095
39.3392	-13.5152
39.3492	-13.5208
39.3592	-13.5265
39.3692	-13.5321
39.3792	-13.5378
39.3891	-13.5434
39.3991	-13.5491
39.4091	-13.5547
39.4191	-13.5604
39.4291	-13.566
39.439	-13.5717
39.449	-13.5773
39.459	-13.583
39.469	-13.5886
39.479	-13.5943
39.489	-13.5999
39.4989	-13.6056
39.5089	-13.6112
39.5189	-13.6169
39.5289	-13.6225
39.5389	-13.6282
39.5488	-13.6339
39.5588	-13.6395
39.5688	-13.6452
39.5788	-13.6508
39.5888	-13.6565
39.5988	-13.6621
39.6087	-13.6678
39.6187	-13.6734
39.6287	-13.6791
39.6387	-13.6848
39.6487	-13.6904
39.6587	-13.6961
39.6686	-13.7017
39.6786	-13.7074
39.6886	-13.713
39.6986	-13.7187
39.7086	-13.7244
39.7185	-13.73
39.7285	-13.7357
39.7385	-13.7413
39.7485	-13.747
39.7585	-13.7526
39.7685	-13.7583
39.7784	-13.764
39.7884	-13.7696
39.7984	-13.7753
39.8084	-13.7809
39.8184	-13.7866
39.8283	-13.7923
39.8383	-13.7979
39.8483	-13.8036
39.8583	-13.8092
39.8683	-13.8149
39.8783	-13.8206
39.8882	-13.8262
39.8982	-13.8319
39.9082	-13.8376
39.9182	-13.8432
39.9282	-13.8489
39.9381	-13.8545
39.9481	-13.8602
39.9581	-13.8659
39.9681	-13.8715
39.9781	-13.8772
39.9881	-13.8829
39.998	-13.8885
