Freq_GHz	Norm_dB_model_sat
0.1	-3.67622e-05
0.109982	-4.52257e-05
0.119964	-5.44939e-05
0.129946	-6.45668e-05
0.139928	-7.54445e-05
0.14991	-8.71268e-05
0.159892	-9.96138e-05
0.169874	-0.000112906
0.179856	-0.000127002
0.189838	-0.000141903
0.19982	-0.000157609
0.209802	-0.00017412
0.219784	-0.000191435
0.229766	-0.000209555
0.239748	-0.00022848
0.24973	-0.00024821
0.259712	-0.000268744
0.269694	-0.000290083
0.279676	-0.000312227
0.289658	-0.000335176
0.29964	-0.00035893
0.309622	-0.000383488
0.319604	-0.000408851
0.329586	-0.000435019
0.339568	-0.000461992
0.34955	-0.00048977
0.359532	-0.000518353
0.369514	-0.00054774
0.379496	-0.000577933
0.389478	-0.00060893
0.39946	-0.000640733
0.409442	-0.00067334
0.419424	-0.000706752
0.429406	-0.000740969
0.439388	-0.000775992
0.44937	-0.000811819
0.459352	-0.000848451
0.469334	-0.000885888
0.479316	-0.000924131
0.489298	-0.000963178
0.49928	-0.00100303
0.509262	-0.00104369
0.519244	-0.00108515
0.529226	-0.00112742
0.539208	-0.00117049
0.54919	-0.00121437
0.559172	-0.00125905
0.569154	-0.00130454
0.579136	-0.00135084
0.589118	-0.00139794
0.5991	-0.00144584
0.609082	-0.00149455
0.619064	-0.00154406
0.629046	-0.00159438
0.639028	-0.00164551
0.64901	-0.00169744
0.658992	-0.00175018
0.668974	-0.00180372
0.678956	-0.00185807
0.688938	-0.00191322
0.69892	-0.00196918
0.708902	-0.00202594
0.718884	-0.00208351
0.728866	-0.00214189
0.738848	-0.00220107
0.74883	-0.00226105
0.758812	-0.00232185
0.768794	-0.00238344
0.778776	-0.00244585
0.788758	-0.00250906
0.79874	-0.00257307
0.808722	-0.00263789
0.818704	-0.00270352
0.828686	-0.00276995
0.838668	-0.00283719
0.84865	-0.00290523
0.858632	-0.00297408
0.868614	-0.00304374
0.878596	-0.0031142
0.888578	-0.00318547
0.89856	-0.00325754
0.908542	-0.00333043
0.918524	-0.00340411
0.928506	-0.0034786
0.938488	-0.0035539
0.94847	-0.00363001
0.958452	-0.00370692
0.968434	-0.00378464
0.978416	-0.00386316
0.988398	-0.00394249
0.99838	-0.00402263
1.00836	-0.00410357
1.01834	-0.00418532
1.02833	-0.00426788
1.03831	-0.00435124
1.04829	-0.00443541
1.05827	-0.00452038
1.06825	-0.00460617
1.07824	-0.00469276
1.08822	-0.00478015
1.0982	-0.00486835
1.10818	-0.00495736
1.11816	-0.00504718
1.12815	-0.0051378
1.13813	-0.00522923
1.14811	-0.00532147
1.15809	-0.00541451
1.16807	-0.00550837
1.17806	-0.00560302
1.18804	-0.00569849
1.19802	-0.00579476
1.208	-0.00589184
1.21798	-0.00598973
1.22797	-0.00608842
1.23795	-0.00618792
1.24793	-0.00628823
1.25791	-0.00638935
1.26789	-0.00649127
1.27788	-0.006594
1.28786	-0.00669754
1.29784	-0.00680189
1.30782	-0.00690704
1.3178	-0.00701301
1.32779	-0.00711978
1.33777	-0.00722735
1.34775	-0.00733574
1.35773	-0.00744493
1.36771	-0.00755493
1.3777	-0.00766574
1.38768	-0.00777736
1.39766	-0.00788979
1.40764	-0.00800302
1.41762	-0.00811706
1.42761	-0.00823191
1.43759	-0.00834757
1.44757	-0.00846403
1.45755	-0.00858131
1.46753	-0.00869939
1.47752	-0.00881828
1.4875	-0.00893798
1.49748	-0.00905849
1.50746	-0.00917981
1.51744	-0.00930194
1.52743	-0.00942487
1.53741	-0.00954862
1.54739	-0.00967317
1.55737	-0.00979853
1.56735	-0.0099247
1.57734	-0.0100517
1.58732	-0.0101795
1.5973	-0.0103081
1.60728	-0.0104375
1.61726	-0.0105677
1.62725	-0.0106987
1.63723	-0.0108306
1.64721	-0.0109632
1.65719	-0.0110966
1.66717	-0.0112309
1.67716	-0.011366
1.68714	-0.0115019
1.69712	-0.0116386
1.7071	-0.0117761
1.71708	-0.0119144
1.72707	-0.0120535
1.73705	-0.0121934
1.74703	-0.0123342
1.75701	-0.0124757
1.76699	-0.0126181
1.77698	-0.0127613
1.78696	-0.0129052
1.79694	-0.01305
1.80692	-0.0131956
1.8169	-0.013342
1.82689	-0.0134893
1.83687	-0.0136373
1.84685	-0.0137862
1.85683	-0.0139358
1.86681	-0.0140863
1.8768	-0.0142376
1.88678	-0.0143896
1.89676	-0.0145425
1.90674	-0.0146963
1.91672	-0.0148508
1.92671	-0.0150061
1.93669	-0.0151623
1.94667	-0.0153192
1.95665	-0.015477
1.96663	-0.0156356
1.97662	-0.0157949
1.9866	-0.0159551
1.99658	-0.0161162
2.00656	-0.016278
2.01654	-0.0164406
2.02653	-0.0166041
2.03651	-0.0167683
2.04649	-0.0169334
2.05647	-0.0170993
2.06645	-0.017266
2.07644	-0.0174335
2.08642	-0.0176018
2.0964	-0.017771
2.10638	-0.0179409
2.11636	-0.0181117
2.12635	-0.0182832
2.13633	-0.0184556
2.14631	-0.0186288
2.15629	-0.0188028
2.16627	-0.0189776
2.17626	-0.0191533
2.18624	-0.0193297
2.19622	-0.019507
2.2062	-0.0196851
2.21618	-0.019864
2.22617	-0.0200437
2.23615	-0.0202242
2.24613	-0.0204055
2.25611	-0.0205876
2.26609	-0.0207706
2.27608	-0.0209544
2.28606	-0.021139
2.29604	-0.0213244
2.30602	-0.0215106
2.316	-0.0216976
2.32599	-0.0218854
2.33597	-0.0220741
2.34595	-0.0222636
2.35593	-0.0224538
2.36591	-0.0226449
2.3759	-0.0228368
2.38588	-0.0230296
2.39586	-0.0232231
2.40584	-0.0234175
2.41582	-0.0236126
2.42581	-0.0238086
2.43579	-0.0240054
2.44577	-0.024203
2.45575	-0.0244015
2.46573	-0.0246007
2.47572	-0.0248008
2.4857	-0.0250017
2.49568	-0.0252034
2.50566	-0.0254059
2.51564	-0.0256092
2.52563	-0.0258133
2.53561	-0.0260183
2.54559	-0.0262241
2.55557	-0.0264307
2.56555	-0.0266381
2.57554	-0.0268463
2.58552	-0.0270553
2.5955	-0.0272652
2.60548	-0.0274759
2.61546	-0.0276873
2.62545	-0.0278997
2.63543	-0.0281128
2.64541	-0.0283267
2.65539	-0.0285415
2.66537	-0.028757
2.67536	-0.0289734
2.68534	-0.0291906
2.69532	-0.0294087
2.7053	-0.0296275
2.71528	-0.0298472
2.72527	-0.0300677
2.73525	-0.030289
2.74523	-0.0305111
2.75521	-0.030734
2.76519	-0.0309578
2.77518	-0.0311823
2.78516	-0.0314077
2.79514	-0.0316339
2.80512	-0.0318609
2.8151	-0.0320888
2.82509	-0.0323174
2.83507	-0.0325469
2.84505	-0.0327772
2.85503	-0.0330083
2.86501	-0.0332403
2.87499	-0.033473
2.88498	-0.0337066
2.89496	-0.033941
2.90494	-0.0341762
2.91492	-0.0344123
2.9249	-0.0346491
2.93489	-0.0348868
2.94487	-0.0351253
2.95485	-0.0353646
2.96483	-0.0356047
2.97481	-0.0358457
2.9848	-0.0360875
2.99478	-0.0363301
3.00476	-0.0365735
3.01474	-0.0368177
3.02472	-0.0370628
3.03471	-0.0373086
3.04469	-0.0375553
3.05467	-0.0378029
3.06465	-0.0380512
3.07463	-0.0383004
3.08462	-0.0385504
3.0946	-0.0388012
3.10458	-0.0390528
3.11456	-0.0393052
3.12454	-0.0395585
3.13453	-0.0398126
3.14451	-0.0400675
3.15449	-0.0403233
3.16447	-0.0405798
3.17445	-0.0408372
3.18444	-0.0410954
3.19442	-0.0413544
3.2044	-0.0416143
3.21438	-0.041875
3.22436	-0.0421365
3.23435	-0.0423988
3.24433	-0.0426619
3.25431	-0.0429259
3.26429	-0.0431907
3.27427	-0.0434563
3.28426	-0.0437227
3.29424	-0.04399
3.30422	-0.0442581
3.3142	-0.044527
3.32418	-0.0447967
3.33417	-0.0450673
3.34415	-0.0453386
3.35413	-0.0456108
3.36411	-0.0458839
3.37409	-0.0461577
3.38408	-0.0464324
3.39406	-0.0467079
3.40404	-0.0469842
3.41402	-0.0472614
3.424	-0.0475394
3.43399	-0.0478182
3.44397	-0.0480978
3.45395	-0.0483783
3.46393	-0.0486596
3.47391	-0.0489417
3.4839	-0.0492246
3.49388	-0.0495084
3.50386	-0.049793
3.51384	-0.0500784
3.52382	-0.0503646
3.53381	-0.0506517
3.54379	-0.0509396
3.55377	-0.0512283
3.56375	-0.0515178
3.57373	-0.0518082
3.58372	-0.0520994
3.5937	-0.0523914
3.60368	-0.0526843
3.61366	-0.052978
3.62364	-0.0532725
3.63363	-0.0535678
3.64361	-0.053864
3.65359	-0.054161
3.66357	-0.0544588
3.67355	-0.0547575
3.68354	-0.055057
3.69352	-0.0553573
3.7035	-0.0556584
3.71348	-0.0559604
3.72346	-0.0562632
3.73345	-0.0565668
3.74343	-0.0568713
3.75341	-0.0571766
3.76339	-0.0574827
3.77337	-0.0577896
3.78336	-0.0580974
3.79334	-0.058406
3.80332	-0.0587154
3.8133	-0.0590257
3.82328	-0.0593368
3.83327	-0.0596487
3.84325	-0.0599615
3.85323	-0.0602751
3.86321	-0.0605895
3.87319	-0.0609048
3.88318	-0.0612208
3.89316	-0.0615377
3.90314	-0.0618555
3.91312	-0.0621741
3.9231	-0.0624935
3.93309	-0.0628137
3.94307	-0.0631348
3.95305	-0.0634567
3.96303	-0.0637794
3.97301	-0.064103
3.983	-0.0644274
3.99298	-0.0647526
4.00296	-0.0650787
4.01294	-0.0654056
4.02292	-0.0657333
4.03291	-0.0660619
4.04289	-0.0663913
4.05287	-0.0667215
4.06285	-0.0670526
4.07283	-0.0673845
4.08282	-0.0677173
4.0928	-0.0680508
4.10278	-0.0683852
4.11276	-0.0687205
4.12274	-0.0690565
4.13273	-0.0693935
4.14271	-0.0697312
4.15269	-0.0700698
4.16267	-0.0704092
4.17265	-0.0707494
4.18264	-0.0710905
4.19262	-0.0714324
4.2026	-0.0717752
4.21258	-0.0721188
4.22256	-0.0724632
4.23255	-0.0728085
4.24253	-0.0731546
4.25251	-0.0735015
4.26249	-0.0738493
4.27247	-0.0741979
4.28246	-0.0745474
4.29244	-0.0748976
4.30242	-0.0752488
4.3124	-0.0756007
4.32238	-0.0759535
4.33237	-0.0763072
4.34235	-0.0766616
4.35233	-0.0770169
4.36231	-0.0773731
4.37229	-0.0777301
4.38228	-0.0780879
4.39226	-0.0784466
4.40224	-0.0788061
4.41222	-0.0791664
4.4222	-0.0795276
4.43219	-0.0798896
4.44217	-0.0802525
4.45215	-0.0806162
4.46213	-0.0809807
4.47211	-0.0813461
4.4821	-0.0817123
4.49208	-0.0820794
4.50206	-0.0824473
4.51204	-0.082816
4.52202	-0.0831856
4.53201	-0.083556
4.54199	-0.0839273
4.55197	-0.0842994
4.56195	-0.0846724
4.57193	-0.0850461
4.58192	-0.0854208
4.5919	-0.0857962
4.60188	-0.0861726
4.61186	-0.0865497
4.62184	-0.0869277
4.63183	-0.0873066
4.64181	-0.0876862
4.65179	-0.0880668
4.66177	-0.0884481
4.67175	-0.0888303
4.68174	-0.0892134
4.69172	-0.0895973
4.7017	-0.089982
4.71168	-0.0903676
4.72166	-0.0907541
4.73165	-0.0911413
4.74163	-0.0915295
4.75161	-0.0919184
4.76159	-0.0923082
4.77157	-0.0926989
4.78156	-0.0930904
4.79154	-0.0934827
4.80152	-0.0938759
4.8115	-0.0942699
4.82148	-0.0946648
4.83147	-0.0950605
4.84145	-0.0954571
4.85143	-0.0958545
4.86141	-0.0962528
4.87139	-0.0966519
4.88138	-0.0970519
4.89136	-0.0974527
4.90134	-0.0978543
4.91132	-0.0982568
4.9213	-0.0986602
4.93129	-0.0990643
4.94127	-0.0994694
4.95125	-0.0998753
4.96123	-0.100282
4.97121	-0.10069
4.9812	-0.101098
4.99118	-0.101507
5.00116	-0.101917
5.01114	-0.102328
5.02112	-0.10274
5.03111	-0.103153
5.04109	-0.103566
5.05107	-0.103981
5.06105	-0.104396
5.07103	-0.104812
5.08102	-0.105229
5.091	-0.105647
5.10098	-0.106065
5.11096	-0.106485
5.12094	-0.106905
5.13093	-0.107326
5.14091	-0.107748
5.15089	-0.108171
5.16087	-0.108595
5.17085	-0.10902
5.18084	-0.109445
5.19082	-0.109871
5.2008	-0.110299
5.21078	-0.110727
5.22076	-0.111155
5.23075	-0.111585
5.24073	-0.112016
5.25071	-0.112447
5.26069	-0.112879
5.27067	-0.113312
5.28066	-0.113746
5.29064	-0.114181
5.30062	-0.114617
5.3106	-0.115053
5.32058	-0.115491
5.33057	-0.115929
5.34055	-0.116368
5.35053	-0.116808
5.36051	-0.117249
5.37049	-0.117691
5.38048	-0.118133
5.39046	-0.118576
5.40044	-0.119021
5.41042	-0.119466
5.4204	-0.119912
5.43039	-0.120358
5.44037	-0.120806
5.45035	-0.121255
5.46033	-0.121704
5.47031	-0.122154
5.4803	-0.122605
5.49028	-0.123057
5.50026	-0.12351
5.51024	-0.123964
5.52022	-0.124418
5.53021	-0.124874
5.54019	-0.12533
5.55017	-0.125787
5.56015	-0.126245
5.57013	-0.126704
5.58012	-0.127163
5.5901	-0.127624
5.60008	-0.128085
5.61006	-0.128547
5.62004	-0.129011
5.63003	-0.129475
5.64001	-0.129939
5.64999	-0.130405
5.65997	-0.130872
5.66995	-0.131339
5.67994	-0.131807
5.68992	-0.132276
5.6999	-0.132746
5.70988	-0.133217
5.71986	-0.133689
5.72985	-0.134162
5.73983	-0.134635
5.74981	-0.135109
5.75979	-0.135585
5.76977	-0.136061
5.77976	-0.136537
5.78974	-0.137015
5.79972	-0.137494
5.8097	-0.137973
5.81968	-0.138454
5.82967	-0.138935
5.83965	-0.139417
5.84963	-0.1399
5.85961	-0.140384
5.86959	-0.140868
5.87958	-0.141354
5.88956	-0.14184
5.89954	-0.142328
5.90952	-0.142816
5.9195	-0.143305
5.92949	-0.143795
5.93947	-0.144285
5.94945	-0.144777
5.95943	-0.14527
5.96941	-0.145763
5.9794	-0.146257
5.98938	-0.146752
5.99936	-0.147248
6.00934	-0.147745
6.01932	-0.148243
6.02931	-0.148741
6.03929	-0.149241
6.04927	-0.149741
6.05925	-0.150242
6.06923	-0.150744
6.07922	-0.151247
6.0892	-0.151751
6.09918	-0.152255
6.10916	-0.152761
6.11914	-0.153267
6.12913	-0.153774
6.13911	-0.154283
6.14909	-0.154792
6.15907	-0.155301
6.16905	-0.155812
6.17904	-0.156324
6.18902	-0.156836
6.199	-0.15735
6.20898	-0.157864
6.21896	-0.158379
6.22895	-0.158895
6.23893	-0.159412
6.24891	-0.159929
6.25889	-0.160448
6.26887	-0.160967
6.27886	-0.161488
6.28884	-0.162009
6.29882	-0.162531
6.3088	-0.163054
6.31878	-0.163578
6.32877	-0.164103
6.33875	-0.164628
6.34873	-0.165155
6.35871	-0.165682
6.36869	-0.16621
6.37868	-0.166739
6.38866	-0.167269
6.39864	-0.1678
6.40862	-0.168332
6.4186	-0.168864
6.42859	-0.169398
6.43857	-0.169932
6.44855	-0.170467
6.45853	-0.171004
6.46851	-0.171541
6.4785	-0.172078
6.48848	-0.172617
6.49846	-0.173157
6.50844	-0.173697
6.51842	-0.174239
6.52841	-0.174781
6.53839	-0.175324
6.54837	-0.175868
6.55835	-0.176413
6.56833	-0.176959
6.57832	-0.177505
6.5883	-0.178053
6.59828	-0.178601
6.60826	-0.179151
6.61824	-0.179701
6.62823	-0.180252
6.63821	-0.180804
6.64819	-0.181357
6.65817	-0.18191
6.66815	-0.182465
6.67814	-0.18302
6.68812	-0.183577
6.6981	-0.184134
6.70808	-0.184692
6.71806	-0.185251
6.72805	-0.185811
6.73803	-0.186372
6.74801	-0.186933
6.75799	-0.187496
6.76797	-0.188059
6.77796	-0.188624
6.78794	-0.189189
6.79792	-0.189755
6.8079	-0.190322
6.81788	-0.19089
6.82787	-0.191459
6.83785	-0.192028
6.84783	-0.192599
6.85781	-0.19317
6.86779	-0.193742
6.87778	-0.194316
6.88776	-0.19489
6.89774	-0.195465
6.90772	-0.196041
6.9177	-0.196617
6.92769	-0.197195
6.93767	-0.197773
6.94765	-0.198353
6.95763	-0.198933
6.96761	-0.199514
6.9776	-0.200096
6.98758	-0.200679
6.99756	-0.201263
7.00754	-0.201848
7.01752	-0.202434
7.02751	-0.20302
7.03749	-0.203607
7.04747	-0.204196
7.05745	-0.204785
7.06743	-0.205375
7.07742	-0.205966
7.0874	-0.206558
7.09738	-0.207151
7.10736	-0.207744
7.11734	-0.208339
7.12733	-0.208934
7.13731	-0.209531
7.14729	-0.210128
7.15727	-0.210726
7.16725	-0.211325
7.17724	-0.211925
7.18722	-0.212526
7.1972	-0.213128
7.20718	-0.21373
7.21716	-0.214334
7.22715	-0.214938
7.23713	-0.215543
7.24711	-0.21615
7.25709	-0.216757
7.26707	-0.217365
7.27706	-0.217974
7.28704	-0.218583
7.29702	-0.219194
7.307	-0.219806
7.31698	-0.220418
7.32697	-0.221032
7.33695	-0.221646
7.34693	-0.222261
7.35691	-0.222877
7.36689	-0.223494
7.37688	-0.224112
7.38686	-0.224731
7.39684	-0.22535
7.40682	-0.225971
7.4168	-0.226592
7.42679	-0.227215
7.43677	-0.227838
7.44675	-0.228462
7.45673	-0.229087
7.46671	-0.229713
7.4767	-0.23034
7.48668	-0.230968
7.49666	-0.231597
7.50664	-0.232226
7.51662	-0.232857
7.52661	-0.233488
7.53659	-0.23412
7.54657	-0.234754
7.55655	-0.235388
7.56653	-0.236023
7.57652	-0.236659
7.5865	-0.237296
7.59648	-0.237933
7.60646	-0.238572
7.61644	-0.239212
7.62643	-0.239852
7.63641	-0.240493
7.64639	-0.241136
7.65637	-0.241779
7.66635	-0.242423
7.67634	-0.243068
7.68632	-0.243714
7.6963	-0.244361
7.70628	-0.245008
7.71626	-0.245657
7.72625	-0.246306
7.73623	-0.246957
7.74621	-0.247608
7.75619	-0.248261
7.76617	-0.248914
7.77616	-0.249568
7.78614	-0.250223
7.79612	-0.250879
7.8061	-0.251536
7.81608	-0.252193
7.82607	-0.252852
7.83605	-0.253511
7.84603	-0.254172
7.85601	-0.254833
7.86599	-0.255496
7.87598	-0.256159
7.88596	-0.256823
7.89594	-0.257488
7.90592	-0.258154
7.9159	-0.258821
7.92589	-0.259488
7.93587	-0.260157
7.94585	-0.260827
7.95583	-0.261497
7.96581	-0.262169
7.9758	-0.262841
7.98578	-0.263514
7.99576	-0.264188
8.00574	-0.264864
8.01572	-0.26554
8.02571	-0.266217
8.03569	-0.266894
8.04567	-0.267573
8.05565	-0.268253
8.06563	-0.268933
8.07562	-0.269615
8.0856	-0.270297
8.09558	-0.270981
8.10556	-0.271665
8.11554	-0.27235
8.12553	-0.273036
8.13551	-0.273723
8.14549	-0.274411
8.15547	-0.2751
8.16545	-0.27579
8.17544	-0.276481
8.18542	-0.277172
8.1954	-0.277865
8.20538	-0.278558
8.21536	-0.279253
8.22535	-0.279948
8.23533	-0.280644
8.24531	-0.281342
8.25529	-0.28204
8.26527	-0.282739
8.27526	-0.283439
8.28524	-0.28414
8.29522	-0.284841
8.3052	-0.285544
8.31518	-0.286248
8.32517	-0.286952
8.33515	-0.287658
8.34513	-0.288364
8.35511	-0.289072
8.36509	-0.28978
8.37508	-0.290489
8.38506	-0.291199
8.39504	-0.29191
8.40502	-0.292622
8.415	-0.293335
8.42498	-0.294049
8.43497	-0.294764
8.44495	-0.295479
8.45493	-0.296196
8.46491	-0.296914
8.47489	-0.297632
8.48488	-0.298351
8.49486	-0.299072
8.50484	-0.299793
8.51482	-0.300515
8.5248	-0.301238
8.53479	-0.301963
8.54477	-0.302688
8.55475	-0.303413
8.56473	-0.30414
8.57471	-0.304868
8.5847	-0.305597
8.59468	-0.306327
8.60466	-0.307057
8.61464	-0.307789
8.62462	-0.308521
8.63461	-0.309255
8.64459	-0.309989
8.65457	-0.310724
8.66455	-0.31146
8.67453	-0.312198
8.68452	-0.312936
8.6945	-0.313675
8.70448	-0.314415
8.71446	-0.315155
8.72444	-0.315897
8.73443	-0.31664
8.74441	-0.317384
8.75439	-0.318128
8.76437	-0.318874
8.77435	-0.31962
8.78434	-0.320368
8.79432	-0.321116
8.8043	-0.321866
8.81428	-0.322616
8.82426	-0.323367
8.83425	-0.324119
8.84423	-0.324872
8.85421	-0.325626
8.86419	-0.326381
8.87417	-0.327137
8.88416	-0.327894
8.89414	-0.328652
8.90412	-0.329411
8.9141	-0.33017
8.92408	-0.330931
8.93407	-0.331693
8.94405	-0.332455
8.95403	-0.333219
8.96401	-0.333983
8.97399	-0.334748
8.98398	-0.335515
8.99396	-0.336282
9.00394	-0.33705
9.01392	-0.337819
9.0239	-0.338589
9.03389	-0.33936
9.04387	-0.340132
9.05385	-0.340905
9.06383	-0.341679
9.07381	-0.342454
9.0838	-0.34323
9.09378	-0.344006
9.10376	-0.344784
9.11374	-0.345562
9.12372	-0.346342
9.13371	-0.347123
9.14369	-0.347904
9.15367	-0.348686
9.16365	-0.34947
9.17363	-0.350254
9.18362	-0.351039
9.1936	-0.351825
9.20358	-0.352613
9.21356	-0.353401
9.22354	-0.35419
9.23353	-0.35498
9.24351	-0.355771
9.25349	-0.356563
9.26347	-0.357356
9.27345	-0.358149
9.28344	-0.358944
9.29342	-0.35974
9.3034	-0.360537
9.31338	-0.361334
9.32336	-0.362133
9.33335	-0.362932
9.34333	-0.363733
9.35331	-0.364534
9.36329	-0.365337
9.37327	-0.36614
9.38326	-0.366944
9.39324	-0.36775
9.40322	-0.368556
9.4132	-0.369363
9.42318	-0.370171
9.43317	-0.370981
9.44315	-0.371791
9.45313	-0.372602
9.46311	-0.373414
9.47309	-0.374227
9.48308	-0.375041
9.49306	-0.375855
9.50304	-0.376671
9.51302	-0.377488
9.523	-0.378306
9.53299	-0.379125
9.54297	-0.379944
9.55295	-0.380765
9.56293	-0.381586
9.57291	-0.382409
9.5829	-0.383233
9.59288	-0.384057
9.60286	-0.384883
9.61284	-0.385709
9.62282	-0.386536
9.63281	-0.387365
9.64279	-0.388194
9.65277	-0.389024
9.66275	-0.389856
9.67273	-0.390688
9.68272	-0.391521
9.6927	-0.392355
9.70268	-0.39319
9.71266	-0.394026
9.72264	-0.394864
9.73263	-0.395702
9.74261	-0.396541
9.75259	-0.397381
9.76257	-0.398221
9.77255	-0.399063
9.78254	-0.399906
9.79252	-0.40075
9.8025	-0.401595
9.81248	-0.402441
9.82246	-0.403287
9.83245	-0.404135
9.84243	-0.404984
9.85241	-0.405834
9.86239	-0.406684
9.87237	-0.407536
9.88236	-0.408388
9.89234	-0.409242
9.90232	-0.410096
9.9123	-0.410952
9.92228	-0.411808
9.93227	-0.412666
9.94225	-0.413524
9.95223	-0.414384
9.96221	-0.415244
9.97219	-0.416106
9.98218	-0.416968
9.99216	-0.417831
10.0021	-0.418696
10.0121	-0.419561
10.0221	-0.420427
10.0321	-0.421294
10.0421	-0.422162
10.0521	-0.423032
10.062	-0.423902
10.072	-0.424773
10.082	-0.425645
10.092	-0.426518
10.102	-0.427392
10.1119	-0.428267
10.1219	-0.429143
10.1319	-0.43002
10.1419	-0.430898
10.1519	-0.431777
10.1619	-0.432657
10.1718	-0.433538
10.1818	-0.43442
10.1918	-0.435303
10.2018	-0.436187
10.2118	-0.437072
10.2217	-0.437958
10.2317	-0.438845
10.2417	-0.439733
10.2517	-0.440621
10.2617	-0.441511
10.2717	-0.442402
10.2816	-0.443294
10.2916	-0.444187
10.3016	-0.44508
10.3116	-0.445975
10.3216	-0.446871
10.3315	-0.447767
10.3415	-0.448665
10.3515	-0.449564
10.3615	-0.450464
10.3715	-0.451364
10.3815	-0.452266
10.3914	-0.453169
10.4014	-0.454072
10.4114	-0.454977
10.4214	-0.455882
10.4314	-0.456789
10.4413	-0.457697
10.4513	-0.458605
10.4613	-0.459515
10.4713	-0.460425
10.4813	-0.461337
10.4913	-0.46225
10.5012	-0.463163
10.5112	-0.464078
10.5212	-0.464993
10.5312	-0.46591
10.5412	-0.466827
10.5512	-0.467746
10.5611	-0.468666
10.5711	-0.469586
10.5811	-0.470508
10.5911	-0.47143
10.6011	-0.472354
10.611	-0.473278
10.621	-0.474204
10.631	-0.47513
10.641	-0.476058
10.651	-0.476986
10.661	-0.477916
10.6709	-0.478846
10.6809	-0.479778
10.6909	-0.48071
10.7009	-0.481644
10.7109	-0.482578
10.7208	-0.483514
10.7308	-0.48445
10.7408	-0.485388
10.7508	-0.486326
10.7608	-0.487266
10.7708	-0.488206
10.7807	-0.489148
10.7907	-0.490091
10.8007	-0.491034
10.8107	-0.491979
10.8207	-0.492924
10.8306	-0.493871
10.8406	-0.494818
10.8506	-0.495767
10.8606	-0.496716
10.8706	-0.497667
10.8806	-0.498619
10.8905	-0.499571
10.9005	-0.500525
10.9105	-0.501479
10.9205	-0.502435
10.9305	-0.503392
10.9404	-0.504349
10.9504	-0.505308
10.9604	-0.506268
10.9704	-0.507228
10.9804	-0.50819
10.9904	-0.509153
11.0003	-0.510116
11.0103	-0.511081
11.0203	-0.512047
11.0303	-0.513013
11.0403	-0.513981
11.0503	-0.51495
11.0602	-0.51592
11.0702	-0.516891
11.0802	-0.517862
11.0902	-0.518835
11.1002	-0.519809
11.1101	-0.520784
11.1201	-0.52176
11.1301	-0.522737
11.1401	-0.523714
11.1501	-0.524693
11.1601	-0.525673
11.17	-0.526654
11.18	-0.527636
11.19	-0.528619
11.2	-0.529603
11.21	-0.530588
11.2199	-0.531574
11.2299	-0.532561
11.2399	-0.533549
11.2499	-0.534538
11.2599	-0.535528
11.2699	-0.53652
11.2798	-0.537512
11.2898	-0.538505
11.2998	-0.539499
11.3098	-0.540494
11.3198	-0.541491
11.3297	-0.542488
11.3397	-0.543486
11.3497	-0.544485
11.3597	-0.545486
11.3697	-0.546487
11.3797	-0.54749
11.3896	-0.548493
11.3996	-0.549497
11.4096	-0.550503
11.4196	-0.551509
11.4296	-0.552517
11.4395	-0.553525
11.4495	-0.554535
11.4595	-0.555546
11.4695	-0.556557
11.4795	-0.55757
11.4895	-0.558583
11.4994	-0.559598
11.5094	-0.560614
11.5194	-0.561631
11.5294	-0.562648
11.5394	-0.563667
11.5493	-0.564687
11.5593	-0.565708
11.5693	-0.56673
11.5793	-0.567753
11.5893	-0.568777
11.5993	-0.569802
11.6092	-0.570828
11.6192	-0.571855
11.6292	-0.572883
11.6392	-0.573912
11.6492	-0.574943
11.6592	-0.575974
11.6691	-0.577006
11.6791	-0.578039
11.6891	-0.579074
11.6991	-0.580109
11.7091	-0.581145
11.719	-0.582183
11.729	-0.583221
11.739	-0.584261
11.749	-0.585301
11.759	-0.586343
11.769	-0.587386
11.7789	-0.588429
11.7889	-0.589474
11.7989	-0.59052
11.8089	-0.591566
11.8189	-0.592614
11.8288	-0.593663
11.8388	-0.594713
11.8488	-0.595764
11.8588	-0.596816
11.8688	-0.597869
11.8788	-0.598923
11.8887	-0.599978
11.8987	-0.601034
11.9087	-0.602092
11.9187	-0.60315
11.9287	-0.604209
11.9386	-0.60527
11.9486	-0.606331
11.9586	-0.607393
11.9686	-0.608457
11.9786	-0.609521
11.9886	-0.610587
11.9985	-0.611654
12.0085	-0.612721
12.0185	-0.61379
12.0285	-0.61486
12.0385	-0.615931
12.0484	-0.617002
12.0584	-0.618075
12.0684	-0.619149
12.0784	-0.620224
12.0884	-0.6213
12.0984	-0.622377
12.1083	-0.623456
12.1183	-0.624535
12.1283	-0.625615
12.1383	-0.626696
12.1483	-0.627779
12.1583	-0.628862
12.1682	-0.629947
12.1782	-0.631032
12.1882	-0.632119
12.1982	-0.633207
12.2082	-0.634295
12.2181	-0.635385
12.2281	-0.636476
12.2381	-0.637568
12.2481	-0.638661
12.2581	-0.639755
12.2681	-0.64085
12.278	-0.641946
12.288	-0.643043
12.298	-0.644141
12.308	-0.64524
12.318	-0.646341
12.3279	-0.647442
12.3379	-0.648545
12.3479	-0.649648
12.3579	-0.650753
12.3679	-0.651858
12.3779	-0.652965
12.3878	-0.654073
12.3978	-0.655182
12.4078	-0.656291
12.4178	-0.657402
12.4278	-0.658514
12.4377	-0.659628
12.4477	-0.660742
12.4577	-0.661857
12.4677	-0.662973
12.4777	-0.66409
12.4877	-0.665209
12.4976	-0.666328
12.5076	-0.667449
12.5176	-0.66857
12.5276	-0.669693
12.5376	-0.670817
12.5475	-0.671942
12.5575	-0.673068
12.5675	-0.674195
12.5775	-0.675323
12.5875	-0.676452
12.5975	-0.677582
12.6074	-0.678713
12.6174	-0.679845
12.6274	-0.680979
12.6374	-0.682113
12.6474	-0.683249
12.6574	-0.684385
12.6673	-0.685523
12.6773	-0.686662
12.6873	-0.687801
12.6973	-0.688942
12.7073	-0.690084
12.7172	-0.691227
12.7272	-0.692371
12.7372	-0.693516
12.7472	-0.694663
12.7572	-0.69581
12.7672	-0.696958
12.7771	-0.698108
12.7871	-0.699258
12.7971	-0.70041
12.8071	-0.701563
12.8171	-0.702717
12.827	-0.703871
12.837	-0.705027
12.847	-0.706184
12.857	-0.707342
12.867	-0.708502
12.877	-0.709662
12.8869	-0.710823
12.8969	-0.711986
12.9069	-0.713149
12.9169	-0.714314
12.9269	-0.715479
12.9368	-0.716646
12.9468	-0.717814
12.9568	-0.718983
12.9668	-0.720153
12.9768	-0.721324
12.9868	-0.722496
12.9967	-0.72367
13.0067	-0.724844
13.0167	-0.726019
13.0267	-0.727196
13.0367	-0.728373
13.0466	-0.729552
13.0566	-0.730732
13.0666	-0.731913
13.0766	-0.733095
13.0866	-0.734278
13.0966	-0.735462
13.1065	-0.736647
13.1165	-0.737833
13.1265	-0.739021
13.1365	-0.740209
13.1465	-0.741399
13.1565	-0.74259
13.1664	-0.743781
13.1764	-0.744974
13.1864	-0.746168
13.1964	-0.747363
13.2064	-0.748559
13.2163	-0.749757
13.2263	-0.750955
13.2363	-0.752154
13.2463	-0.753355
13.2563	-0.754557
13.2663	-0.755759
13.2762	-0.756963
13.2862	-0.758168
13.2962	-0.759374
13.3062	-0.760581
13.3162	-0.761789
13.3261	-0.762999
13.3361	-0.764209
13.3461	-0.76542
13.3561	-0.766633
13.3661	-0.767847
13.3761	-0.769062
13.386	-0.770277
13.396	-0.771494
13.406	-0.772712
13.416	-0.773932
13.426	-0.775152
13.4359	-0.776373
13.4459	-0.777596
13.4559	-0.778819
13.4659	-0.780044
13.4759	-0.78127
13.4859	-0.782497
13.4958	-0.783725
13.5058	-0.784954
13.5158	-0.786184
13.5258	-0.787416
13.5358	-0.788648
13.5457	-0.789882
13.5557	-0.791116
13.5657	-0.792352
13.5757	-0.793589
13.5857	-0.794827
13.5957	-0.796066
13.6056	-0.797306
13.6156	-0.798547
13.6256	-0.79979
13.6356	-0.801033
13.6456	-0.802278
13.6556	-0.803524
13.6655	-0.804771
13.6755	-0.806019
13.6855	-0.807268
13.6955	-0.808518
13.7055	-0.809769
13.7154	-0.811022
13.7254	-0.812275
13.7354	-0.81353
13.7454	-0.814786
13.7554	-0.816043
13.7654	-0.8173
13.7753	-0.81856
13.7853	-0.81982
13.7953	-0.821081
13.8053	-0.822344
13.8153	-0.823607
13.8252	-0.824872
13.8352	-0.826138
13.8452	-0.827405
13.8552	-0.828673
13.8652	-0.829942
13.8752	-0.831212
13.8851	-0.832484
13.8951	-0.833756
13.9051	-0.83503
13.9151	-0.836305
13.9251	-0.83758
13.935	-0.838857
13.945	-0.840136
13.955	-0.841415
13.965	-0.842695
13.975	-0.843977
13.985	-0.845259
13.9949	-0.846543
14.0049	-0.847828
14.0149	-0.849114
14.0249	-0.850401
14.0349	-0.851689
14.0448	-0.852979
14.0548	-0.854269
14.0648	-0.855561
14.0748	-0.856854
14.0848	-0.858148
14.0948	-0.859443
14.1047	-0.860739
14.1147	-0.862036
14.1247	-0.863334
14.1347	-0.864634
14.1447	-0.865935
14.1547	-0.867236
14.1646	-0.868539
14.1746	-0.869843
14.1846	-0.871149
14.1946	-0.872455
14.2046	-0.873762
14.2145	-0.875071
14.2245	-0.876381
14.2345	-0.877692
14.2445	-0.879004
14.2545	-0.880317
14.2645	-0.881631
14.2744	-0.882946
14.2844	-0.884263
14.2944	-0.88558
14.3044	-0.886899
14.3144	-0.888219
14.3243	-0.88954
14.3343	-0.890863
14.3443	-0.892186
14.3543	-0.89351
14.3643	-0.894836
14.3743	-0.896163
14.3842	-0.897491
14.3942	-0.89882
14.4042	-0.90015
14.4142	-0.901481
14.4242	-0.902814
14.4341	-0.904147
14.4441	-0.905482
14.4541	-0.906818
14.4641	-0.908155
14.4741	-0.909493
14.4841	-0.910833
14.494	-0.912173
14.504	-0.913515
14.514	-0.914857
14.524	-0.916201
14.534	-0.917546
14.5439	-0.918893
14.5539	-0.92024
14.5639	-0.921588
14.5739	-0.922938
14.5839	-0.924289
14.5939	-0.925641
14.6038	-0.926994
14.6138	-0.928348
14.6238	-0.929703
14.6338	-0.93106
14.6438	-0.932418
14.6538	-0.933777
14.6637	-0.935137
14.6737	-0.936498
14.6837	-0.93786
14.6937	-0.939223
14.7037	-0.940588
14.7136	-0.941954
14.7236	-0.943321
14.7336	-0.944689
14.7436	-0.946058
14.7536	-0.947428
14.7636	-0.9488
14.7735	-0.950172
14.7835	-0.951546
14.7935	-0.952921
14.8035	-0.954297
14.8135	-0.955675
14.8234	-0.957053
14.8334	-0.958433
14.8434	-0.959813
14.8534	-0.961195
14.8634	-0.962578
14.8734	-0.963963
14.8833	-0.965348
14.8933	-0.966735
14.9033	-0.968122
14.9133	-0.969511
14.9233	-0.970901
14.9332	-0.972292
14.9432	-0.973685
14.9532	-0.975078
14.9632	-0.976473
14.9732	-0.977869
14.9832	-0.979266
14.9931	-0.980664
15.0031	-0.982063
15.0131	-0.983464
15.0231	-0.984866
15.0331	-0.986268
15.043	-0.987673
15.053	-0.989078
15.063	-0.990484
15.073	-0.991892
15.083	-0.9933
15.093	-0.99471
15.1029	-0.996121
15.1129	-0.997533
15.1229	-0.998947
15.1329	-1.00036
15.1429	-1.00178
15.1529	-1.00319
15.1628	-1.00461
15.1728	-1.00603
15.1828	-1.00745
15.1928	-1.00887
15.2028	-1.0103
15.2127	-1.01172
15.2227	-1.01314
15.2327	-1.01457
15.2427	-1.016
15.2527	-1.01743
15.2627	-1.01886
15.2726	-1.02029
15.2826	-1.02172
15.2926	-1.02315
15.3026	-1.02459
15.3126	-1.02602
15.3225	-1.02746
15.3325	-1.0289
15.3425	-1.03034
15.3525	-1.03178
15.3625	-1.03322
15.3725	-1.03466
15.3824	-1.03611
15.3924	-1.03755
15.4024	-1.039
15.4124	-1.04044
15.4224	-1.04189
15.4323	-1.04334
15.4423	-1.04479
15.4523	-1.04625
15.4623	-1.0477
15.4723	-1.04915
15.4823	-1.05061
15.4922	-1.05207
15.5022	-1.05352
15.5122	-1.05498
15.5222	-1.05644
15.5322	-1.05791
15.5421	-1.05937
15.5521	-1.06083
15.5621	-1.0623
15.5721	-1.06376
15.5821	-1.06523
15.5921	-1.0667
15.602	-1.06817
15.612	-1.06964
15.622	-1.07111
15.632	-1.07259
15.642	-1.07406
15.652	-1.07554
15.6619	-1.07701
15.6719	-1.07849
15.6819	-1.07997
15.6919	-1.08145
15.7019	-1.08293
15.7118	-1.08442
15.7218	-1.0859
15.7318	-1.08739
15.7418	-1.08887
15.7518	-1.09036
15.7618	-1.09185
15.7717	-1.09334
15.7817	-1.09483
15.7917	-1.09632
15.8017	-1.09782
15.8117	-1.09931
15.8216	-1.10081
15.8316	-1.10231
15.8416	-1.10381
15.8516	-1.1053
15.8616	-1.10681
15.8716	-1.10831
15.8815	-1.10981
15.8915	-1.11132
15.9015	-1.11282
15.9115	-1.11433
15.9215	-1.11584
15.9314	-1.11735
15.9414	-1.11886
15.9514	-1.12037
15.9614	-1.12188
15.9714	-1.1234
15.9814	-1.12491
15.9913	-1.12643
16.0013	-1.12795
16.0113	-1.12946
16.0213	-1.13098
16.0313	-1.13251
16.0412	-1.13403
16.0512	-1.13555
16.0612	-1.13708
16.0712	-1.1386
16.0812	-1.14013
16.0912	-1.14166
16.1011	-1.14319
16.1111	-1.14472
16.1211	-1.14625
16.1311	-1.14779
16.1411	-1.14932
16.1511	-1.15086
16.161	-1.15239
16.171	-1.15393
16.181	-1.15547
16.191	-1.15701
16.201	-1.15855
16.2109	-1.1601
16.2209	-1.16164
16.2309	-1.16319
16.2409	-1.16473
16.2509	-1.16628
16.2609	-1.16783
16.2708	-1.16938
16.2808	-1.17093
16.2908	-1.17249
16.3008	-1.17404
16.3108	-1.17559
16.3207	-1.17715
16.3307	-1.17871
16.3407	-1.18027
16.3507	-1.18183
16.3607	-1.18339
16.3707	-1.18495
16.3806	-1.18652
16.3906	-1.18808
16.4006	-1.18965
16.4106	-1.19121
16.4206	-1.19278
16.4305	-1.19435
16.4405	-1.19592
16.4505	-1.1975
16.4605	-1.19907
16.4705	-1.20064
16.4805	-1.20222
16.4904	-1.2038
16.5004	-1.20538
16.5104	-1.20696
16.5204	-1.20854
16.5304	-1.21012
16.5403	-1.2117
16.5503	-1.21329
16.5603	-1.21487
16.5703	-1.21646
16.5803	-1.21805
16.5903	-1.21964
16.6002	-1.22123
16.6102	-1.22282
16.6202	-1.22441
16.6302	-1.22601
16.6402	-1.2276
16.6502	-1.2292
16.6601	-1.2308
16.6701	-1.2324
16.6801	-1.234
16.6901	-1.2356
16.7001	-1.2372
16.71	-1.23881
16.72	-1.24041
16.73	-1.24202
16.74	-1.24363
16.75	-1.24524
16.76	-1.24685
16.7699	-1.24846
16.7799	-1.25007
16.7899	-1.25168
16.7999	-1.2533
16.8099	-1.25492
16.8198	-1.25653
16.8298	-1.25815
16.8398	-1.25977
16.8498	-1.26139
16.8598	-1.26302
16.8698	-1.26464
16.8797	-1.26627
16.8897	-1.26789
16.8997	-1.26952
16.9097	-1.27115
16.9197	-1.27278
16.9296	-1.27441
16.9396	-1.27604
16.9496	-1.27768
16.9596	-1.27931
16.9696	-1.28095
16.9796	-1.28259
16.9895	-1.28422
16.9995	-1.28586
17.0095	-1.28751
17.0195	-1.28915
17.0295	-1.29079
17.0394	-1.29244
17.0494	-1.29408
17.0594	-1.29573
17.0694	-1.29738
17.0794	-1.29903
17.0894	-1.30068
17.0993	-1.30233
17.1093	-1.30399
17.1193	-1.30564
17.1293	-1.3073
17.1393	-1.30896
17.1492	-1.31062
17.1592	-1.31228
17.1692	-1.31394
17.1792	-1.3156
17.1892	-1.31726
17.1992	-1.31893
17.2091	-1.32059
17.2191	-1.32226
17.2291	-1.32393
17.2391	-1.3256
17.2491	-1.32727
17.2591	-1.32894
17.269	-1.33062
17.279	-1.33229
17.289	-1.33397
17.299	-1.33565
17.309	-1.33732
17.3189	-1.339
17.3289	-1.34069
17.3389	-1.34237
17.3489	-1.34405
17.3589	-1.34574
17.3689	-1.34742
17.3788	-1.34911
17.3888	-1.3508
17.3988	-1.35249
17.4088	-1.35418
17.4188	-1.35587
17.4287	-1.35757
17.4387	-1.35926
17.4487	-1.36096
17.4587	-1.36266
17.4687	-1.36436
17.4787	-1.36606
17.4886	-1.36776
17.4986	-1.36946
17.5086	-1.37116
17.5186	-1.37287
17.5286	-1.37457
17.5385	-1.37628
17.5485	-1.37799
17.5585	-1.3797
17.5685	-1.38141
17.5785	-1.38313
17.5885	-1.38484
17.5984	-1.38655
17.6084	-1.38827
17.6184	-1.38999
17.6284	-1.39171
17.6384	-1.39343
17.6483	-1.39515
17.6583	-1.39687
17.6683	-1.3986
17.6783	-1.40032
17.6883	-1.40205
17.6983	-1.40378
17.7082	-1.40551
17.7182	-1.40724
17.7282	-1.40897
17.7382	-1.4107
17.7482	-1.41244
17.7582	-1.41417
17.7681	-1.41591
17.7781	-1.41765
17.7881	-1.41939
17.7981	-1.42113
17.8081	-1.42287
17.818	-1.42461
17.828	-1.42636
17.838	-1.4281
17.848	-1.42985
17.858	-1.4316
17.868	-1.43335
17.8779	-1.4351
17.8879	-1.43685
17.8979	-1.4386
17.9079	-1.44036
17.9179	-1.44211
17.9278	-1.44387
17.9378	-1.44563
17.9478	-1.44739
17.9578	-1.44915
17.9678	-1.45091
17.9778	-1.45267
17.9877	-1.45444
17.9977	-1.45621
18.0077	-1.45797
18.0177	-1.45974
18.0277	-1.46151
18.0376	-1.46328
18.0476	-1.46505
18.0576	-1.46683
18.0676	-1.4686
18.0776	-1.47038
18.0876	-1.47216
18.0975	-1.47394
18.1075	-1.47572
18.1175	-1.4775
18.1275	-1.47928
18.1375	-1.48106
18.1474	-1.48285
18.1574	-1.48464
18.1674	-1.48642
18.1774	-1.48821
18.1874	-1.49
18.1974	-1.4918
18.2073	-1.49359
18.2173	-1.49538
18.2273	-1.49718
18.2373	-1.49898
18.2473	-1.50077
18.2573	-1.50257
18.2672	-1.50437
18.2772	-1.50618
18.2872	-1.50798
18.2972	-1.50978
18.3072	-1.51159
18.3171	-1.5134
18.3271	-1.51521
18.3371	-1.51702
18.3471	-1.51883
18.3571	-1.52064
18.3671	-1.52245
18.377	-1.52427
18.387	-1.52608
18.397	-1.5279
18.407	-1.52972
18.417	-1.53154
18.4269	-1.53336
18.4369	-1.53518
18.4469	-1.53701
18.4569	-1.53883
18.4669	-1.54066
18.4769	-1.54249
18.4868	-1.54432
18.4968	-1.54615
18.5068	-1.54798
18.5168	-1.54981
18.5268	-1.55165
18.5367	-1.55348
18.5467	-1.55532
18.5567	-1.55716
18.5667	-1.559
18.5767	-1.56084
18.5867	-1.56268
18.5966	-1.56452
18.6066	-1.56637
18.6166	-1.56821
18.6266	-1.57006
18.6366	-1.57191
18.6465	-1.57376
18.6565	-1.57561
18.6665	-1.57746
18.6765	-1.57932
18.6865	-1.58117
18.6965	-1.58303
18.7064	-1.58489
18.7164	-1.58675
18.7264	-1.58861
18.7364	-1.59047
18.7464	-1.59233
18.7564	-1.59419
18.7663	-1.59606
18.7763	-1.59793
18.7863	-1.5998
18.7963	-1.60166
18.8063	-1.60354
18.8162	-1.60541
18.8262	-1.60728
18.8362	-1.60916
18.8462	-1.61103
18.8562	-1.61291
18.8662	-1.61479
18.8761	-1.61667
18.8861	-1.61855
18.8961	-1.62043
18.9061	-1.62232
18.9161	-1.6242
18.926	-1.62609
18.936	-1.62797
18.946	-1.62986
18.956	-1.63175
18.966	-1.63365
18.976	-1.63554
18.9859	-1.63743
18.9959	-1.63933
19.0059	-1.64123
19.0159	-1.64312
19.0259	-1.64502
19.0358	-1.64692
19.0458	-1.64883
19.0558	-1.65073
19.0658	-1.65264
19.0758	-1.65454
19.0858	-1.65645
19.0957	-1.65836
19.1057	-1.66027
19.1157	-1.66218
19.1257	-1.66409
19.1357	-1.66601
19.1456	-1.66792
19.1556	-1.66984
19.1656	-1.67176
19.1756	-1.67368
19.1856	-1.6756
19.1956	-1.67752
19.2055	-1.67944
19.2155	-1.68137
19.2255	-1.68329
19.2355	-1.68522
19.2455	-1.68715
19.2555	-1.68908
19.2654	-1.69101
19.2754	-1.69294
19.2854	-1.69487
19.2954	-1.69681
19.3054	-1.69875
19.3153	-1.70068
19.3253	-1.70262
19.3353	-1.70456
19.3453	-1.70651
19.3553	-1.70845
19.3653	-1.71039
19.3752	-1.71234
19.3852	-1.71429
19.3952	-1.71623
19.4052	-1.71818
19.4152	-1.72014
19.4251	-1.72209
19.4351	-1.72404
19.4451	-1.726
19.4551	-1.72795
19.4651	-1.72991
19.4751	-1.73187
19.485	-1.73383
19.495	-1.73579
19.505	-1.73775
19.515	-1.73972
19.525	-1.74168
19.5349	-1.74365
19.5449	-1.74562
19.5549	-1.74759
19.5649	-1.74956
19.5749	-1.75153
19.5849	-1.75351
19.5948	-1.75548
19.6048	-1.75746
19.6148	-1.75943
19.6248	-1.76141
19.6348	-1.76339
19.6447	-1.76538
19.6547	-1.76736
19.6647	-1.76934
19.6747	-1.77133
19.6847	-1.77331
19.6947	-1.7753
19.7046	-1.77729
19.7146	-1.77928
19.7246	-1.78128
19.7346	-1.78327
19.7446	-1.78526
19.7546	-1.78726
19.7645	-1.78926
19.7745	-1.79126
19.7845	-1.79326
19.7945	-1.79526
19.8045	-1.79726
19.8144	-1.79927
19.8244	-1.80127
19.8344	-1.80328
19.8444	-1.80529
19.8544	-1.8073
19.8644	-1.80931
19.8743	-1.81132
19.8843	-1.81333
19.8943	-1.81535
19.9043	-1.81737
19.9143	-1.81938
19.9242	-1.8214
19.9342	-1.82342
19.9442	-1.82544
19.9542	-1.82747
19.9642	-1.82949
19.9742	-1.83152
19.9841	-1.83354
19.9941	-1.83557
20.0041	-1.8376
20.0141	-1.83963
20.0241	-1.84167
20.034	-1.8437
20.044	-1.84573
20.054	-1.84777
20.064	-1.84981
20.074	-1.85185
20.084	-1.85389
20.0939	-1.85593
20.1039	-1.85797
20.1139	-1.86002
20.1239	-1.86206
20.1339	-1.86411
20.1438	-1.86616
20.1538	-1.86821
20.1638	-1.87026
20.1738	-1.87231
20.1838	-1.87437
20.1938	-1.87642
20.2037	-1.87848
20.2137	-1.88054
20.2237	-1.8826
20.2337	-1.88466
20.2437	-1.88672
20.2537	-1.88878
20.2636	-1.89085
20.2736	-1.89291
20.2836	-1.89498
20.2936	-1.89705
20.3036	-1.89912
20.3135	-1.90119
20.3235	-1.90326
20.3335	-1.90534
20.3435	-1.90741
20.3535	-1.90949
20.3635	-1.91157
20.3734	-1.91365
20.3834	-1.91573
20.3934	-1.91781
20.4034	-1.9199
20.4134	-1.92198
20.4233	-1.92407
20.4333	-1.92615
20.4433	-1.92824
20.4533	-1.93033
20.4633	-1.93243
20.4733	-1.93452
20.4832	-1.93661
20.4932	-1.93871
20.5032	-1.94081
20.5132	-1.94291
20.5232	-1.94501
20.5331	-1.94711
20.5431	-1.94921
20.5531	-1.95131
20.5631	-1.95342
20.5731	-1.95552
20.5831	-1.95763
20.593	-1.95974
20.603	-1.96185
20.613	-1.96397
20.623	-1.96608
20.633	-1.96819
20.6429	-1.97031
20.6529	-1.97243
20.6629	-1.97455
20.6729	-1.97667
20.6829	-1.97879
20.6929	-1.98091
20.7028	-1.98304
20.7128	-1.98516
20.7228	-1.98729
20.7328	-1.98942
20.7428	-1.99155
20.7528	-1.99368
20.7627	-1.99581
20.7727	-1.99794
20.7827	-2.00008
20.7927	-2.00222
20.8027	-2.00435
20.8126	-2.00649
20.8226	-2.00863
20.8326	-2.01078
20.8426	-2.01292
20.8526	-2.01506
20.8626	-2.01721
20.8725	-2.01936
20.8825	-2.02151
20.8925	-2.02366
20.9025	-2.02581
20.9125	-2.02796
20.9224	-2.03012
20.9324	-2.03227
20.9424	-2.03443
20.9524	-2.03659
20.9624	-2.03875
20.9724	-2.04091
20.9823	-2.04307
20.9923	-2.04524
21.0023	-2.0474
21.0123	-2.04957
21.0223	-2.05174
21.0322	-2.0539
21.0422	-2.05608
21.0522	-2.05825
21.0622	-2.06042
21.0722	-2.0626
21.0822	-2.06477
21.0921	-2.06695
21.1021	-2.06913
21.1121	-2.07131
21.1221	-2.07349
21.1321	-2.07567
21.142	-2.07786
21.152	-2.08004
21.162	-2.08223
21.172	-2.08442
21.182	-2.08661
21.192	-2.0888
21.2019	-2.09099
21.2119	-2.09319
21.2219	-2.09538
21.2319	-2.09758
21.2419	-2.09978
21.2519	-2.10198
21.2618	-2.10418
21.2718	-2.10638
21.2818	-2.10859
21.2918	-2.11079
21.3018	-2.113
21.3117	-2.1152
21.3217	-2.11741
21.3317	-2.11962
21.3417	-2.12184
21.3517	-2.12405
21.3617	-2.12626
21.3716	-2.12848
21.3816	-2.1307
21.3916	-2.13292
21.4016	-2.13514
21.4116	-2.13736
21.4215	-2.13958
21.4315	-2.14181
21.4415	-2.14403
21.4515	-2.14626
21.4615	-2.14849
21.4715	-2.15072
21.4814	-2.15295
21.4914	-2.15518
21.5014	-2.15741
21.5114	-2.15965
21.5214	-2.16189
21.5313	-2.16413
21.5413	-2.16636
21.5513	-2.16861
21.5613	-2.17085
21.5713	-2.17309
21.5813	-2.17534
21.5912	-2.17758
21.6012	-2.17983
21.6112	-2.18208
21.6212	-2.18433
21.6312	-2.18658
21.6411	-2.18884
21.6511	-2.19109
21.6611	-2.19335
21.6711	-2.1956
21.6811	-2.19786
21.6911	-2.20012
21.701	-2.20238
21.711	-2.20465
21.721	-2.20691
21.731	-2.20918
21.741	-2.21144
21.751	-2.21371
21.7609	-2.21598
21.7709	-2.21825
21.7809	-2.22053
21.7909	-2.2228
21.8009	-2.22508
21.8108	-2.22735
21.8208	-2.22963
21.8308	-2.23191
21.8408	-2.23419
21.8508	-2.23647
21.8608	-2.23876
21.8707	-2.24104
21.8807	-2.24333
21.8907	-2.24562
21.9007	-2.24791
21.9107	-2.2502
21.9206	-2.25249
21.9306	-2.25478
21.9406	-2.25708
21.9506	-2.25937
21.9606	-2.26167
21.9706	-2.26397
21.9805	-2.26627
21.9905	-2.26857
22.0005	-2.27088
22.0105	-2.27318
22.0205	-2.27549
22.0304	-2.27779
22.0404	-2.2801
22.0504	-2.28241
22.0604	-2.28472
22.0704	-2.28704
22.0804	-2.28935
22.0903	-2.29167
22.1003	-2.29398
22.1103	-2.2963
22.1203	-2.29862
22.1303	-2.30094
22.1402	-2.30327
22.1502	-2.30559
22.1602	-2.30792
22.1702	-2.31024
22.1802	-2.31257
22.1902	-2.3149
22.2001	-2.31723
22.2101	-2.31956
22.2201	-2.3219
22.2301	-2.32423
22.2401	-2.32657
22.2501	-2.32891
22.26	-2.33125
22.27	-2.33359
22.28	-2.33593
22.29	-2.33827
22.3	-2.34062
22.3099	-2.34296
22.3199	-2.34531
22.3299	-2.34766
22.3399	-2.35001
22.3499	-2.35236
22.3599	-2.35472
22.3698	-2.35707
22.3798	-2.35943
22.3898	-2.36178
22.3998	-2.36414
22.4098	-2.3665
22.4197	-2.36887
22.4297	-2.37123
22.4397	-2.37359
22.4497	-2.37596
22.4597	-2.37833
22.4697	-2.38069
22.4796	-2.38306
22.4896	-2.38544
22.4996	-2.38781
22.5096	-2.39018
22.5196	-2.39256
22.5295	-2.39494
22.5395	-2.39731
22.5495	-2.39969
22.5595	-2.40208
22.5695	-2.40446
22.5795	-2.40684
22.5894	-2.40923
22.5994	-2.41161
22.6094	-2.414
22.6194	-2.41639
22.6294	-2.41878
22.6393	-2.42117
22.6493	-2.42357
22.6593	-2.42596
22.6693	-2.42836
22.6793	-2.43076
22.6893	-2.43316
22.6992	-2.43556
22.7092	-2.43796
22.7192	-2.44036
22.7292	-2.44277
22.7392	-2.44518
22.7491	-2.44758
22.7591	-2.44999
22.7691	-2.4524
22.7791	-2.45481
22.7891	-2.45723
22.7991	-2.45964
22.809	-2.46206
22.819	-2.46448
22.829	-2.4669
22.839	-2.46932
22.849	-2.47174
22.859	-2.47416
22.8689	-2.47659
22.8789	-2.47901
22.8889	-2.48144
22.8989	-2.48387
22.9089	-2.4863
22.9188	-2.48873
22.9288	-2.49116
22.9388	-2.4936
22.9488	-2.49603
22.9588	-2.49847
22.9688	-2.50091
22.9787	-2.50335
22.9887	-2.50579
22.9987	-2.50823
23.0087	-2.51068
23.0187	-2.51312
23.0286	-2.51557
23.0386	-2.51802
23.0486	-2.52047
23.0586	-2.52292
23.0686	-2.52537
23.0786	-2.52783
23.0885	-2.53028
23.0985	-2.53274
23.1085	-2.5352
23.1185	-2.53766
23.1285	-2.54012
23.1384	-2.54258
23.1484	-2.54504
23.1584	-2.54751
23.1684	-2.54997
23.1784	-2.55244
23.1884	-2.55491
23.1983	-2.55738
23.2083	-2.55985
23.2183	-2.56233
23.2283	-2.5648
23.2383	-2.56728
23.2482	-2.56976
23.2582	-2.57224
23.2682	-2.57472
23.2782	-2.5772
23.2882	-2.57968
23.2982	-2.58217
23.3081	-2.58465
23.3181	-2.58714
23.3281	-2.58963
23.3381	-2.59212
23.3481	-2.59461
23.3581	-2.59711
23.368	-2.5996
23.378	-2.6021
23.388	-2.6046
23.398	-2.6071
23.408	-2.6096
23.4179	-2.6121
23.4279	-2.6146
23.4379	-2.61711
23.4479	-2.61961
23.4579	-2.62212
23.4679	-2.62463
23.4778	-2.62714
23.4878	-2.62965
23.4978	-2.63216
23.5078	-2.63468
23.5178	-2.63719
23.5277	-2.63971
23.5377	-2.64223
23.5477	-2.64475
23.5577	-2.64727
23.5677	-2.64979
23.5777	-2.65232
23.5876	-2.65484
23.5976	-2.65737
23.6076	-2.6599
23.6176	-2.66243
23.6276	-2.66496
23.6375	-2.66749
23.6475	-2.67003
23.6575	-2.67256
23.6675	-2.6751
23.6775	-2.67764
23.6875	-2.68018
23.6974	-2.68272
23.7074	-2.68526
23.7174	-2.68781
23.7274	-2.69035
23.7374	-2.6929
23.7473	-2.69545
23.7573	-2.698
23.7673	-2.70055
23.7773	-2.7031
23.7873	-2.70565
23.7973	-2.70821
23.8072	-2.71077
23.8172	-2.71332
23.8272	-2.71588
23.8372	-2.71844
23.8472	-2.72101
23.8572	-2.72357
23.8671	-2.72614
23.8771	-2.7287
23.8871	-2.73127
23.8971	-2.73384
23.9071	-2.73641
23.917	-2.73898
23.927	-2.74156
23.937	-2.74413
23.947	-2.74671
23.957	-2.74929
23.967	-2.75186
23.9769	-2.75445
23.9869	-2.75703
23.9969	-2.75961
24.0069	-2.7622
24.0169	-2.76478
24.0268	-2.76737
24.0368	-2.76996
24.0468	-2.77255
24.0568	-2.77514
24.0668	-2.77774
24.0768	-2.78033
24.0867	-2.78293
24.0967	-2.78552
24.1067	-2.78812
24.1167	-2.79072
24.1267	-2.79333
24.1366	-2.79593
24.1466	-2.79853
24.1566	-2.80114
24.1666	-2.80375
24.1766	-2.80636
24.1866	-2.80897
24.1965	-2.81158
24.2065	-2.81419
24.2165	-2.81681
24.2265	-2.81942
24.2365	-2.82204
24.2464	-2.82466
24.2564	-2.82728
24.2664	-2.8299
24.2764	-2.83252
24.2864	-2.83515
24.2964	-2.83777
24.3063	-2.8404
24.3163	-2.84303
24.3263	-2.84566
24.3363	-2.84829
24.3463	-2.85092
24.3563	-2.85356
24.3662	-2.85619
24.3762	-2.85883
24.3862	-2.86147
24.3962	-2.86411
24.4062	-2.86675
24.4161	-2.86939
24.4261	-2.87204
24.4361	-2.87468
24.4461	-2.87733
24.4561	-2.87998
24.4661	-2.88263
24.476	-2.88528
24.486	-2.88793
24.496	-2.89059
24.506	-2.89324
24.516	-2.8959
24.5259	-2.89856
24.5359	-2.90122
24.5459	-2.90388
24.5559	-2.90654
24.5659	-2.9092
24.5759	-2.91187
24.5858	-2.91454
24.5958	-2.9172
24.6058	-2.91987
24.6158	-2.92255
24.6258	-2.92522
24.6357	-2.92789
24.6457	-2.93057
24.6557	-2.93324
24.6657	-2.93592
24.6757	-2.9386
24.6857	-2.94128
24.6956	-2.94396
24.7056	-2.94665
24.7156	-2.94933
24.7256	-2.95202
24.7356	-2.95471
24.7455	-2.9574
24.7555	-2.96009
24.7655	-2.96278
24.7755	-2.96547
24.7855	-2.96817
24.7955	-2.97087
24.8054	-2.97356
24.8154	-2.97626
24.8254	-2.97896
24.8354	-2.98167
24.8454	-2.98437
24.8554	-2.98707
24.8653	-2.98978
24.8753	-2.99249
24.8853	-2.9952
24.8953	-2.99791
24.9053	-3.00062
24.9152	-3.00333
24.9252	-3.00605
24.9352	-3.00876
24.9452	-3.01148
24.9552	-3.0142
24.9652	-3.01692
24.9751	-3.01964
24.9851	-3.02237
24.9951	-3.02509
25.0051	-3.02782
25.0151	-3.03055
25.025	-3.03327
25.035	-3.036
25.045	-3.03874
25.055	-3.04147
25.065	-3.0442
25.075	-3.04694
25.0849	-3.04968
25.0949	-3.05242
25.1049	-3.05516
25.1149	-3.0579
25.1249	-3.06064
25.1348	-3.06339
25.1448	-3.06613
25.1548	-3.06888
25.1648	-3.07163
25.1748	-3.07438
25.1848	-3.07713
25.1947	-3.07988
25.2047	-3.08264
25.2147	-3.08539
25.2247	-3.08815
25.2347	-3.09091
25.2446	-3.09367
25.2546	-3.09643
25.2646	-3.09919
25.2746	-3.10196
25.2846	-3.10472
25.2946	-3.10749
25.3045	-3.11026
25.3145	-3.11303
25.3245	-3.1158
25.3345	-3.11857
25.3445	-3.12134
25.3545	-3.12412
25.3644	-3.1269
25.3744	-3.12968
25.3844	-3.13246
25.3944	-3.13524
25.4044	-3.13802
25.4143	-3.1408
25.4243	-3.14359
25.4343	-3.14638
25.4443	-3.14916
25.4543	-3.15195
25.4643	-3.15474
25.4742	-3.15754
25.4842	-3.16033
25.4942	-3.16313
25.5042	-3.16592
25.5142	-3.16872
25.5241	-3.17152
25.5341	-3.17432
25.5441	-3.17712
25.5541	-3.17993
25.5641	-3.18273
25.5741	-3.18554
25.584	-3.18835
25.594	-3.19116
25.604	-3.19397
25.614	-3.19678
25.624	-3.19959
25.6339	-3.20241
25.6439	-3.20522
25.6539	-3.20804
25.6639	-3.21086
25.6739	-3.21368
25.6839	-3.2165
25.6938	-3.21933
25.7038	-3.22215
25.7138	-3.22498
25.7238	-3.2278
25.7338	-3.23063
25.7437	-3.23346
25.7537	-3.2363
25.7637	-3.23913
25.7737	-3.24196
25.7837	-3.2448
25.7937	-3.24764
25.8036	-3.25048
25.8136	-3.25332
25.8236	-3.25616
25.8336	-3.259
25.8436	-3.26185
25.8536	-3.26469
25.8635	-3.26754
25.8735	-3.27039
25.8835	-3.27324
25.8935	-3.27609
25.9035	-3.27894
25.9134	-3.2818
25.9234	-3.28465
25.9334	-3.28751
25.9434	-3.29037
25.9534	-3.29323
25.9634	-3.29609
25.9733	-3.29895
25.9833	-3.30182
25.9933	-3.30468
26.0033	-3.30755
26.0133	-3.31042
26.0232	-3.31329
26.0332	-3.31616
26.0432	-3.31903
26.0532	-3.32191
26.0632	-3.32478
26.0732	-3.32766
26.0831	-3.33054
26.0931	-3.33342
26.1031	-3.3363
26.1131	-3.33918
26.1231	-3.34206
26.133	-3.34495
26.143	-3.34784
26.153	-3.35072
26.163	-3.35361
26.173	-3.3565
26.183	-3.3594
26.1929	-3.36229
26.2029	-3.36519
26.2129	-3.36808
26.2229	-3.37098
26.2329	-3.37388
26.2428	-3.37678
26.2528	-3.37968
26.2628	-3.38259
26.2728	-3.38549
26.2828	-3.3884
26.2928	-3.3913
26.3027	-3.39421
26.3127	-3.39712
26.3227	-3.40004
26.3327	-3.40295
26.3427	-3.40586
26.3527	-3.40878
26.3626	-3.4117
26.3726	-3.41462
26.3826	-3.41754
26.3926	-3.42046
26.4026	-3.42338
26.4125	-3.42631
26.4225	-3.42923
26.4325	-3.43216
26.4425	-3.43509
26.4525	-3.43802
26.4625	-3.44095
26.4724	-3.44388
26.4824	-3.44682
26.4924	-3.44975
26.5024	-3.45269
26.5124	-3.45563
26.5223	-3.45857
26.5323	-3.46151
26.5423	-3.46445
26.5523	-3.4674
26.5623	-3.47034
26.5723	-3.47329
26.5822	-3.47624
26.5922	-3.47919
26.6022	-3.48214
26.6122	-3.48509
26.6222	-3.48805
26.6321	-3.491
26.6421	-3.49396
26.6521	-3.49692
26.6621	-3.49988
26.6721	-3.50284
26.6821	-3.5058
26.692	-3.50876
26.702	-3.51173
26.712	-3.51469
26.722	-3.51766
26.732	-3.52063
26.7419	-3.5236
26.7519	-3.52657
26.7619	-3.52955
26.7719	-3.53252
26.7819	-3.5355
26.7919	-3.53848
26.8018	-3.54146
26.8118	-3.54444
26.8218	-3.54742
26.8318	-3.5504
26.8418	-3.55339
26.8518	-3.55637
26.8617	-3.55936
26.8717	-3.56235
26.8817	-3.56534
26.8917	-3.56833
26.9017	-3.57132
26.9116	-3.57432
26.9216	-3.57731
26.9316	-3.58031
26.9416	-3.58331
26.9516	-3.58631
26.9616	-3.58931
26.9715	-3.59231
26.9815	-3.59532
26.9915	-3.59832
27.0015	-3.60133
27.0115	-3.60434
27.0214	-3.60735
27.0314	-3.61036
27.0414	-3.61337
27.0514	-3.61639
27.0614	-3.6194
27.0714	-3.62242
27.0813	-3.62544
27.0913	-3.62846
27.1013	-3.63148
27.1113	-3.6345
27.1213	-3.63752
27.1312	-3.64055
27.1412	-3.64357
27.1512	-3.6466
27.1612	-3.64963
27.1712	-3.65266
27.1812	-3.65569
27.1911	-3.65873
27.2011	-3.66176
27.2111	-3.6648
27.2211	-3.66784
27.2311	-3.67087
27.241	-3.67391
27.251	-3.67696
27.261	-3.68
27.271	-3.68304
27.281	-3.68609
27.291	-3.68914
27.3009	-3.69219
27.3109	-3.69524
27.3209	-3.69829
27.3309	-3.70134
27.3409	-3.70439
27.3509	-3.70745
27.3608	-3.71051
27.3708	-3.71357
27.3808	-3.71662
27.3908	-3.71969
27.4008	-3.72275
27.4107	-3.72581
27.4207	-3.72888
27.4307	-3.73194
27.4407	-3.73501
27.4507	-3.73808
27.4607	-3.74115
27.4706	-3.74422
27.4806	-3.7473
27.4906	-3.75037
27.5006	-3.75345
27.5106	-3.75653
27.5205	-3.75961
27.5305	-3.76269
27.5405	-3.76577
27.5505	-3.76885
27.5605	-3.77194
27.5705	-3.77502
27.5804	-3.77811
27.5904	-3.7812
27.6004	-3.78429
27.6104	-3.78738
27.6204	-3.79047
27.6303	-3.79357
27.6403	-3.79666
27.6503	-3.79976
27.6603	-3.80286
27.6703	-3.80596
27.6803	-3.80906
27.6902	-3.81216
27.7002	-3.81527
27.7102	-3.81837
27.7202	-3.82148
27.7302	-3.82459
27.7401	-3.8277
27.7501	-3.83081
27.7601	-3.83392
27.7701	-3.83703
27.7801	-3.84015
27.7901	-3.84326
27.8	-3.84638
27.81	-3.8495
27.82	-3.85262
27.83	-3.85574
27.84	-3.85887
27.8499	-3.86199
27.8599	-3.86512
27.8699	-3.86824
27.8799	-3.87137
27.8899	-3.8745
27.8999	-3.87764
27.9098	-3.88077
27.9198	-3.8839
27.9298	-3.88704
27.9398	-3.89017
27.9498	-3.89331
27.9598	-3.89645
27.9697	-3.89959
27.9797	-3.90274
27.9897	-3.90588
27.9997	-3.90903
28.0097	-3.91217
28.0196	-3.91532
28.0296	-3.91847
28.0396	-3.92162
28.0496	-3.92477
28.0596	-3.92793
28.0696	-3.93108
28.0795	-3.93424
28.0895	-3.93739
28.0995	-3.94055
28.1095	-3.94371
28.1195	-3.94687
28.1294	-3.95004
28.1394	-3.9532
28.1494	-3.95637
28.1594	-3.95954
28.1694	-3.9627
28.1794	-3.96587
28.1893	-3.96904
28.1993	-3.97222
28.2093	-3.97539
28.2193	-3.97857
28.2293	-3.98174
28.2392	-3.98492
28.2492	-3.9881
28.2592	-3.99128
28.2692	-3.99446
28.2792	-3.99765
28.2892	-4.00083
28.2991	-4.00402
28.3091	-4.00721
28.3191	-4.0104
28.3291	-4.01359
28.3391	-4.01678
28.349	-4.01997
28.359	-4.02316
28.369	-4.02636
28.379	-4.02956
28.389	-4.03276
28.399	-4.03596
28.4089	-4.03916
28.4189	-4.04236
28.4289	-4.04556
28.4389	-4.04877
28.4489	-4.05198
28.4589	-4.05518
28.4688	-4.05839
28.4788	-4.0616
28.4888	-4.06482
28.4988	-4.06803
28.5088	-4.07124
28.5187	-4.07446
28.5287	-4.07768
28.5387	-4.0809
28.5487	-4.08412
28.5587	-4.08734
28.5687	-4.09056
28.5786	-4.09379
28.5886	-4.09701
28.5986	-4.10024
28.6086	-4.10347
28.6186	-4.1067
28.6285	-4.10993
28.6385	-4.11316
28.6485	-4.11639
28.6585	-4.11963
28.6685	-4.12287
28.6785	-4.1261
28.6884	-4.12934
28.6984	-4.13258
28.7084	-4.13583
28.7184	-4.13907
28.7284	-4.14231
28.7383	-4.14556
28.7483	-4.14881
28.7583	-4.15206
28.7683	-4.15531
28.7783	-4.15856
28.7883	-4.16181
28.7982	-4.16506
28.8082	-4.16832
28.8182	-4.17158
28.8282	-4.17484
28.8382	-4.17809
28.8481	-4.18136
28.8581	-4.18462
28.8681	-4.18788
28.8781	-4.19115
28.8881	-4.19441
28.8981	-4.19768
28.908	-4.20095
28.918	-4.20422
28.928	-4.20749
28.938	-4.21076
28.948	-4.21404
28.958	-4.21731
28.9679	-4.22059
28.9779	-4.22387
28.9879	-4.22715
28.9979	-4.23043
29.0079	-4.23371
29.0178	-4.237
29.0278	-4.24028
29.0378	-4.24357
29.0478	-4.24686
29.0578	-4.25015
29.0678	-4.25344
29.0777	-4.25673
29.0877	-4.26002
29.0977	-4.26332
29.1077	-4.26661
29.1177	-4.26991
29.1276	-4.27321
29.1376	-4.27651
29.1476	-4.27981
29.1576	-4.28311
29.1676	-4.28641
29.1776	-4.28972
29.1875	-4.29303
29.1975	-4.29633
29.2075	-4.29964
29.2175	-4.30295
29.2275	-4.30627
29.2374	-4.30958
29.2474	-4.31289
29.2574	-4.31621
29.2674	-4.31953
29.2774	-4.32285
29.2874	-4.32617
29.2973	-4.32949
29.3073	-4.33281
29.3173	-4.33613
29.3273	-4.33946
29.3373	-4.34279
29.3472	-4.34611
29.3572	-4.34944
29.3672	-4.35277
29.3772	-4.35611
29.3872	-4.35944
29.3972	-4.36277
29.4071	-4.36611
29.4171	-4.36945
29.4271	-4.37278
29.4371	-4.37612
29.4471	-4.37947
29.4571	-4.38281
29.467	-4.38615
29.477	-4.3895
29.487	-4.39284
29.497	-4.39619
29.507	-4.39954
29.5169	-4.40289
29.5269	-4.40624
29.5369	-4.4096
29.5469	-4.41295
29.5569	-4.41631
29.5669	-4.41967
29.5768	-4.42302
29.5868	-4.42638
29.5968	-4.42974
29.6068	-4.43311
29.6168	-4.43647
29.6267	-4.43984
29.6367	-4.4432
29.6467	-4.44657
29.6567	-4.44994
29.6667	-4.45331
29.6767	-4.45668
29.6866	-4.46006
29.6966	-4.46343
29.7066	-4.46681
29.7166	-4.47018
29.7266	-4.47356
29.7365	-4.47694
29.7465	-4.48032
29.7565	-4.4837
29.7665	-4.48709
29.7765	-4.49047
29.7865	-4.49386
29.7964	-4.49725
29.8064	-4.50064
29.8164	-4.50403
29.8264	-4.50742
29.8364	-4.51081
29.8463	-4.5142
29.8563	-4.5176
29.8663	-4.521
29.8763	-4.52439
29.8863	-4.52779
29.8963	-4.5312
29.9062	-4.5346
29.9162	-4.538
29.9262	-4.54141
29.9362	-4.54481
29.9462	-4.54822
29.9562	-4.55163
29.9661	-4.55504
29.9761	-4.55845
29.9861	-4.56186
29.9961	-4.56528
30.0061	-4.56869
30.016	-4.57211
30.026	-4.57553
30.036	-4.57894
30.046	-4.58236
30.056	-4.58579
30.066	-4.58921
30.0759	-4.59263
30.0859	-4.59606
30.0959	-4.59949
30.1059	-4.60292
30.1159	-4.60634
30.1258	-4.60978
30.1358	-4.61321
30.1458	-4.61664
30.1558	-4.62008
30.1658	-4.62351
30.1758	-4.62695
30.1857	-4.63039
30.1957	-4.63383
30.2057	-4.63727
30.2157	-4.64071
30.2257	-4.64416
30.2356	-4.6476
30.2456	-4.65105
30.2556	-4.6545
30.2656	-4.65795
30.2756	-4.6614
30.2856	-4.66485
30.2955	-4.6683
30.3055	-4.67176
30.3155	-4.67521
30.3255	-4.67867
30.3355	-4.68213
30.3454	-4.68559
30.3554	-4.68905
30.3654	-4.69251
30.3754	-4.69597
30.3854	-4.69944
30.3954	-4.7029
30.4053	-4.70637
30.4153	-4.70984
30.4253	-4.71331
30.4353	-4.71678
30.4453	-4.72025
30.4553	-4.72373
30.4652	-4.7272
30.4752	-4.73068
30.4852	-4.73416
30.4952	-4.73764
30.5052	-4.74112
30.5151	-4.7446
30.5251	-4.74808
30.5351	-4.75157
30.5451	-4.75505
30.5551	-4.75854
30.5651	-4.76203
30.575	-4.76552
30.585	-4.76901
30.595	-4.7725
30.605	-4.77599
30.615	-4.77949
30.6249	-4.78298
30.6349	-4.78648
30.6449	-4.78998
30.6549	-4.79348
30.6649	-4.79698
30.6749	-4.80048
30.6848	-4.80398
30.6948	-4.80749
30.7048	-4.81099
30.7148	-4.8145
30.7248	-4.81801
30.7347	-4.82152
30.7447	-4.82503
30.7547	-4.82854
30.7647	-4.83206
30.7747	-4.83557
30.7847	-4.83909
30.7946	-4.84261
30.8046	-4.84613
30.8146	-4.84965
30.8246	-4.85317
30.8346	-4.85669
30.8445	-4.86021
30.8545	-4.86374
30.8645	-4.86727
30.8745	-4.87079
30.8845	-4.87432
30.8945	-4.87785
30.9044	-4.88139
30.9144	-4.88492
30.9244	-4.88845
30.9344	-4.89199
30.9444	-4.89552
30.9544	-4.89906
30.9643	-4.9026
30.9743	-4.90614
30.9843	-4.90968
30.9943	-4.91323
31.0043	-4.91677
31.0142	-4.92032
31.0242	-4.92387
31.0342	-4.92741
31.0442	-4.93096
31.0542	-4.93451
31.0642	-4.93807
31.0741	-4.94162
31.0841	-4.94517
31.0941	-4.94873
31.1041	-4.95229
31.1141	-4.95585
31.124	-4.9594
31.134	-4.96297
31.144	-4.96653
31.154	-4.97009
31.164	-4.97366
31.174	-4.97722
31.1839	-4.98079
31.1939	-4.98436
31.2039	-4.98793
31.2139	-4.9915
31.2239	-4.99507
31.2338	-4.99864
31.2438	-5.00222
31.2538	-5.0058
31.2638	-5.00937
31.2738	-5.01295
31.2838	-5.01653
31.2937	-5.02011
31.3037	-5.0237
31.3137	-5.02728
31.3237	-5.03086
31.3337	-5.03445
31.3436	-5.03804
31.3536	-5.04163
31.3636	-5.04522
31.3736	-5.04881
31.3836	-5.0524
31.3936	-5.05599
31.4035	-5.05959
31.4135	-5.06319
31.4235	-5.06678
31.4335	-5.07038
31.4435	-5.07398
31.4535	-5.07758
31.4634	-5.08119
31.4734	-5.08479
31.4834	-5.08839
31.4934	-5.092
31.5034	-5.09561
31.5133	-5.09922
31.5233	-5.10283
31.5333	-5.10644
31.5433	-5.11005
31.5533	-5.11366
31.5633	-5.11728
31.5732	-5.1209
31.5832	-5.12451
31.5932	-5.12813
31.6032	-5.13175
31.6132	-5.13537
31.6231	-5.139
31.6331	-5.14262
31.6431	-5.14624
31.6531	-5.14987
31.6631	-5.1535
31.6731	-5.15713
31.683	-5.16076
31.693	-5.16439
31.703	-5.16802
31.713	-5.17165
31.723	-5.17529
31.7329	-5.17893
31.7429	-5.18256
31.7529	-5.1862
31.7629	-5.18984
31.7729	-5.19348
31.7829	-5.19713
31.7928	-5.20077
31.8028	-5.20441
31.8128	-5.20806
31.8228	-5.21171
31.8328	-5.21536
31.8427	-5.21901
31.8527	-5.22266
31.8627	-5.22631
31.8727	-5.22996
31.8827	-5.23362
31.8927	-5.23727
31.9026	-5.24093
31.9126	-5.24459
31.9226	-5.24825
31.9326	-5.25191
31.9426	-5.25557
31.9526	-5.25923
31.9625	-5.2629
31.9725	-5.26657
31.9825	-5.27023
31.9925	-5.2739
32.0025	-5.27757
32.0124	-5.28124
32.0224	-5.28491
32.0324	-5.28859
32.0424	-5.29226
32.0524	-5.29594
32.0624	-5.29961
32.0723	-5.30329
32.0823	-5.30697
32.0923	-5.31065
32.1023	-5.31433
32.1123	-5.31802
32.1222	-5.3217
32.1322	-5.32539
32.1422	-5.32907
32.1522	-5.33276
32.1622	-5.33645
32.1722	-5.34014
32.1821	-5.34383
32.1921	-5.34752
32.2021	-5.35122
32.2121	-5.35491
32.2221	-5.35861
32.232	-5.36231
32.242	-5.36601
32.252	-5.36971
32.262	-5.37341
32.272	-5.37711
32.282	-5.38081
32.2919	-5.38452
32.3019	-5.38823
32.3119	-5.39193
32.3219	-5.39564
32.3319	-5.39935
32.3418	-5.40306
32.3518	-5.40677
32.3618	-5.41049
32.3718	-5.4142
32.3818	-5.41792
32.3918	-5.42164
32.4017	-5.42535
32.4117	-5.42907
32.4217	-5.43279
32.4317	-5.43652
32.4417	-5.44024
32.4517	-5.44396
32.4616	-5.44769
32.4716	-5.45142
32.4816	-5.45514
32.4916	-5.45887
32.5016	-5.4626
32.5115	-5.46633
32.5215	-5.47007
32.5315	-5.4738
32.5415	-5.47754
32.5515	-5.48127
32.5615	-5.48501
32.5714	-5.48875
32.5814	-5.49249
32.5914	-5.49623
32.6014	-5.49997
32.6114	-5.50372
32.6213	-5.50746
32.6313	-5.51121
32.6413	-5.51496
32.6513	-5.5187
32.6613	-5.52245
32.6713	-5.5262
32.6812	-5.52996
32.6912	-5.53371
32.7012	-5.53746
32.7112	-5.54122
32.7212	-5.54498
32.7311	-5.54873
32.7411	-5.55249
32.7511	-5.55625
32.7611	-5.56001
32.7711	-5.56378
32.7811	-5.56754
32.791	-5.57131
32.801	-5.57507
32.811	-5.57884
32.821	-5.58261
32.831	-5.58638
32.8409	-5.59015
32.8509	-5.59392
32.8609	-5.5977
32.8709	-5.60147
32.8809	-5.60525
32.8909	-5.60902
32.9008	-5.6128
32.9108	-5.61658
32.9208	-5.62036
32.9308	-5.62414
32.9408	-5.62793
32.9508	-5.63171
32.9607	-5.6355
32.9707	-5.63928
32.9807	-5.64307
32.9907	-5.64686
33.0007	-5.65065
33.0106	-5.65444
33.0206	-5.65823
33.0306	-5.66203
33.0406	-5.66582
33.0506	-5.66962
33.0606	-5.67341
33.0705	-5.67721
33.0805	-5.68101
33.0905	-5.68481
33.1005	-5.68861
33.1105	-5.69242
33.1204	-5.69622
33.1304	-5.70003
33.1404	-5.70383
33.1504	-5.70764
33.1604	-5.71145
33.1704	-5.71526
33.1803	-5.71907
33.1903	-5.72288
33.2003	-5.7267
33.2103	-5.73051
33.2203	-5.73433
33.2302	-5.73815
33.2402	-5.74196
33.2502	-5.74578
33.2602	-5.7496
33.2702	-5.75343
33.2802	-5.75725
33.2901	-5.76107
33.3001	-5.7649
33.3101	-5.76872
33.3201	-5.77255
33.3301	-5.77638
33.34	-5.78021
33.35	-5.78404
33.36	-5.78787
33.37	-5.79171
33.38	-5.79554
33.39	-5.79938
33.3999	-5.80321
33.4099	-5.80705
33.4199	-5.81089
33.4299	-5.81473
33.4399	-5.81857
33.4498	-5.82242
33.4598	-5.82626
33.4698	-5.83011
33.4798	-5.83395
33.4898	-5.8378
33.4998	-5.84165
33.5097	-5.8455
33.5197	-5.84935
33.5297	-5.8532
33.5397	-5.85705
33.5497	-5.86091
33.5597	-5.86476
33.5696	-5.86862
33.5796	-5.87248
33.5896	-5.87634
33.5996	-5.8802
33.6096	-5.88406
33.6195	-5.88792
33.6295	-5.89178
33.6395	-5.89565
33.6495	-5.89951
33.6595	-5.90338
33.6695	-5.90725
33.6794	-5.91112
33.6894	-5.91499
33.6994	-5.91886
33.7094	-5.92273
33.7194	-5.92661
33.7293	-5.93048
33.7393	-5.93436
33.7493	-5.93823
33.7593	-5.94211
33.7693	-5.94599
33.7793	-5.94987
33.7892	-5.95375
33.7992	-5.95764
33.8092	-5.96152
33.8192	-5.96541
33.8292	-5.96929
33.8391	-5.97318
33.8491	-5.97707
33.8591	-5.98096
33.8691	-5.98485
33.8791	-5.98874
33.8891	-5.99264
33.899	-5.99653
33.909	-6.00043
33.919	-6.00432
33.929	-6.00822
33.939	-6.01212
33.9489	-6.01602
33.9589	-6.01992
33.9689	-6.02382
33.9789	-6.02773
33.9889	-6.03163
33.9989	-6.03554
34.0088	-6.03944
34.0188	-6.04335
34.0288	-6.04726
34.0388	-6.05117
34.0488	-6.05508
34.0588	-6.05899
34.0687	-6.06291
34.0787	-6.06682
34.0887	-6.07074
34.0987	-6.07465
34.1087	-6.07857
34.1186	-6.08249
34.1286	-6.08641
34.1386	-6.09033
34.1486	-6.09426
34.1586	-6.09818
34.1686	-6.1021
34.1785	-6.10603
34.1885	-6.10996
34.1985	-6.11389
34.2085	-6.11782
34.2185	-6.12175
34.2284	-6.12568
34.2384	-6.12961
34.2484	-6.13354
34.2584	-6.13748
34.2684	-6.14141
34.2784	-6.14535
34.2883	-6.14929
34.2983	-6.15323
34.3083	-6.15717
34.3183	-6.16111
34.3283	-6.16505
34.3382	-6.169
34.3482	-6.17294
34.3582	-6.17689
34.3682	-6.18084
34.3782	-6.18478
34.3882	-6.18873
34.3981	-6.19268
34.4081	-6.19664
34.4181	-6.20059
34.4281	-6.20454
34.4381	-6.2085
34.448	-6.21245
34.458	-6.21641
34.468	-6.22037
34.478	-6.22433
34.488	-6.22829
34.498	-6.23225
34.5079	-6.23621
34.5179	-6.24018
34.5279	-6.24414
34.5379	-6.24811
34.5479	-6.25207
34.5579	-6.25604
34.5678	-6.26001
34.5778	-6.26398
34.5878	-6.26795
34.5978	-6.27193
34.6078	-6.2759
34.6177	-6.27988
34.6277	-6.28385
34.6377	-6.28783
34.6477	-6.29181
34.6577	-6.29579
34.6677	-6.29977
34.6776	-6.30375
34.6876	-6.30773
34.6976	-6.31171
34.7076	-6.3157
34.7176	-6.31968
34.7275	-6.32367
34.7375	-6.32766
34.7475	-6.33165
34.7575	-6.33564
34.7675	-6.33963
34.7775	-6.34362
34.7874	-6.34761
34.7974	-6.35161
34.8074	-6.3556
34.8174	-6.3596
34.8274	-6.3636
34.8373	-6.3676
34.8473	-6.3716
34.8573	-6.3756
34.8673	-6.3796
34.8773	-6.3836
34.8873	-6.38761
34.8972	-6.39161
34.9072	-6.39562
34.9172	-6.39963
34.9272	-6.40364
34.9372	-6.40765
34.9471	-6.41166
34.9571	-6.41567
34.9671	-6.41968
34.9771	-6.42369
34.9871	-6.42771
34.9971	-6.43173
35.007	-6.43574
35.017	-6.43976
35.027	-6.44378
35.037	-6.4478
35.047	-6.45182
35.057	-6.45585
35.0669	-6.45987
35.0769	-6.46389
35.0869	-6.46792
35.0969	-6.47195
35.1069	-6.47597
35.1168	-6.48
35.1268	-6.48403
35.1368	-6.48807
35.1468	-6.4921
35.1568	-6.49613
35.1668	-6.50017
35.1767	-6.5042
35.1867	-6.50824
35.1967	-6.51227
35.2067	-6.51631
35.2167	-6.52035
35.2266	-6.52439
35.2366	-6.52844
35.2466	-6.53248
35.2566	-6.53652
35.2666	-6.54057
35.2766	-6.54461
35.2865	-6.54866
35.2965	-6.55271
35.3065	-6.55676
35.3165	-6.56081
35.3265	-6.56486
35.3364	-6.56891
35.3464	-6.57297
35.3564	-6.57702
35.3664	-6.58108
35.3764	-6.58513
35.3864	-6.58919
35.3963	-6.59325
35.4063	-6.59731
35.4163	-6.60137
35.4263	-6.60543
35.4363	-6.6095
35.4462	-6.61356
35.4562	-6.61763
35.4662	-6.62169
35.4762	-6.62576
35.4862	-6.62983
35.4962	-6.6339
35.5061	-6.63797
35.5161	-6.64204
35.5261	-6.64611
35.5361	-6.65019
35.5461	-6.65426
35.5561	-6.65834
35.566	-6.66241
35.576	-6.66649
35.586	-6.67057
35.596	-6.67465
35.606	-6.67873
35.6159	-6.68281
35.6259	-6.68689
35.6359	-6.69098
35.6459	-6.69506
35.6559	-6.69915
35.6659	-6.70324
35.6758	-6.70733
35.6858	-6.71141
35.6958	-6.71551
35.7058	-6.7196
35.7158	-6.72369
35.7257	-6.72778
35.7357	-6.73188
35.7457	-6.73597
35.7557	-6.74007
35.7657	-6.74417
35.7757	-6.74827
35.7856	-6.75237
35.7956	-6.75647
35.8056	-6.76057
35.8156	-6.76467
35.8256	-6.76877
35.8355	-6.77288
35.8455	-6.77698
35.8555	-6.78109
35.8655	-6.7852
35.8755	-6.78931
35.8855	-6.79342
35.8954	-6.79753
35.9054	-6.80164
35.9154	-6.80575
35.9254	-6.80987
35.9354	-6.81398
35.9453	-6.8181
35.9553	-6.82222
35.9653	-6.82634
35.9753	-6.83045
35.9853	-6.83458
35.9953	-6.8387
36.0052	-6.84282
36.0152	-6.84694
36.0252	-6.85107
36.0352	-6.85519
36.0452	-6.85932
36.0552	-6.86345
36.0651	-6.86757
36.0751	-6.8717
36.0851	-6.87583
36.0951	-6.87997
36.1051	-6.8841
36.115	-6.88823
36.125	-6.89237
36.135	-6.8965
36.145	-6.90064
36.155	-6.90478
36.165	-6.90892
36.1749	-6.91305
36.1849	-6.9172
36.1949	-6.92134
36.2049	-6.92548
36.2149	-6.92962
36.2248	-6.93377
36.2348	-6.93791
36.2448	-6.94206
36.2548	-6.94621
36.2648	-6.95036
36.2748	-6.95451
36.2847	-6.95866
36.2947	-6.96281
36.3047	-6.96696
36.3147	-6.97112
36.3247	-6.97527
36.3346	-6.97943
36.3446	-6.98358
36.3546	-6.98774
36.3646	-6.9919
36.3746	-6.99606
36.3846	-7.00022
36.3945	-7.00438
36.4045	-7.00855
36.4145	-7.01271
36.4245	-7.01687
36.4345	-7.02104
36.4444	-7.02521
36.4544	-7.02938
36.4644	-7.03354
36.4744	-7.03771
36.4844	-7.04188
36.4944	-7.04606
36.5043	-7.05023
36.5143	-7.0544
36.5243	-7.05858
36.5343	-7.06275
36.5443	-7.06693
36.5543	-7.07111
36.5642	-7.07529
36.5742	-7.07947
36.5842	-7.08365
36.5942	-7.08783
36.6042	-7.09201
36.6141	-7.0962
36.6241	-7.10038
36.6341	-7.10457
36.6441	-7.10875
36.6541	-7.11294
36.6641	-7.11713
36.674	-7.12132
36.684	-7.12551
36.694	-7.1297
36.704	-7.1339
36.714	-7.13809
36.7239	-7.14228
36.7339	-7.14648
36.7439	-7.15068
36.7539	-7.15487
36.7639	-7.15907
36.7739	-7.16327
36.7838	-7.16747
36.7938	-7.17167
36.8038	-7.17588
36.8138	-7.18008
36.8238	-7.18428
36.8337	-7.18849
36.8437	-7.1927
36.8537	-7.1969
36.8637	-7.20111
36.8737	-7.20532
36.8837	-7.20953
36.8936	-7.21374
36.9036	-7.21796
36.9136	-7.22217
36.9236	-7.22638
36.9336	-7.2306
36.9435	-7.23481
36.9535	-7.23903
36.9635	-7.24325
36.9735	-7.24747
36.9835	-7.25169
36.9935	-7.25591
37.0034	-7.26013
37.0134	-7.26436
37.0234	-7.26858
37.0334	-7.2728
37.0434	-7.27703
37.0534	-7.28126
37.0633	-7.28549
37.0733	-7.28971
37.0833	-7.29394
37.0933	-7.29817
37.1033	-7.30241
37.1132	-7.30664
37.1232	-7.31087
37.1332	-7.31511
37.1432	-7.31934
37.1532	-7.32358
37.1632	-7.32782
37.1731	-7.33206
37.1831	-7.33629
37.1931	-7.34054
37.2031	-7.34478
37.2131	-7.34902
37.223	-7.35326
37.233	-7.35751
37.243	-7.36175
37.253	-7.366
37.263	-7.37024
37.273	-7.37449
37.2829	-7.37874
37.2929	-7.38299
37.3029	-7.38724
37.3129	-7.39149
37.3229	-7.39575
37.3328	-7.4
37.3428	-7.40426
37.3528	-7.40851
37.3628	-7.41277
37.3728	-7.41703
37.3828	-7.42128
37.3927	-7.42554
37.4027	-7.4298
37.4127	-7.43407
37.4227	-7.43833
37.4327	-7.44259
37.4426	-7.44686
37.4526	-7.45112
37.4626	-7.45539
37.4726	-7.45965
37.4826	-7.46392
37.4926	-7.46819
37.5025	-7.47246
37.5125	-7.47673
37.5225	-7.481
37.5325	-7.48528
37.5425	-7.48955
37.5525	-7.49382
37.5624	-7.4981
37.5724	-7.50238
37.5824	-7.50665
37.5924	-7.51093
37.6024	-7.51521
37.6123	-7.51949
37.6223	-7.52377
37.6323	-7.52805
37.6423	-7.53234
37.6523	-7.53662
37.6623	-7.54091
37.6722	-7.54519
37.6822	-7.54948
37.6922	-7.55377
37.7022	-7.55806
37.7122	-7.56234
37.7221	-7.56664
37.7321	-7.57093
37.7421	-7.57522
37.7521	-7.57951
37.7621	-7.58381
37.7721	-7.5881
37.782	-7.5924
37.792	-7.59669
37.802	-7.60099
37.812	-7.60529
37.822	-7.60959
37.8319	-7.61389
37.8419	-7.61819
37.8519	-7.6225
37.8619	-7.6268
37.8719	-7.6311
37.8819	-7.63541
37.8918	-7.63972
37.9018	-7.64402
37.9118	-7.64833
37.9218	-7.65264
37.9318	-7.65695
37.9417	-7.66126
37.9517	-7.66557
37.9617	-7.66989
37.9717	-7.6742
37.9817	-7.67851
37.9917	-7.68283
38.0016	-7.68715
38.0116	-7.69146
38.0216	-7.69578
38.0316	-7.7001
38.0416	-7.70442
38.0516	-7.70874
38.0615	-7.71306
38.0715	-7.71739
38.0815	-7.72171
38.0915	-7.72603
38.1015	-7.73036
38.1114	-7.73469
38.1214	-7.73901
38.1314	-7.74334
38.1414	-7.74767
38.1514	-7.752
38.1614	-7.75633
38.1713	-7.76066
38.1813	-7.765
38.1913	-7.76933
38.2013	-7.77366
38.2113	-7.778
38.2212	-7.78234
38.2312	-7.78667
38.2412	-7.79101
38.2512	-7.79535
38.2612	-7.79969
38.2712	-7.80403
38.2811	-7.80837
38.2911	-7.81272
38.3011	-7.81706
38.3111	-7.82141
38.3211	-7.82575
38.331	-7.8301
38.341	-7.83444
38.351	-7.83879
38.361	-7.84314
38.371	-7.84749
38.381	-7.85184
38.3909	-7.85619
38.4009	-7.86055
38.4109	-7.8649
38.4209	-7.86925
38.4309	-7.87361
38.4408	-7.87797
38.4508	-7.88232
38.4608	-7.88668
38.4708	-7.89104
38.4808	-7.8954
38.4908	-7.89976
38.5007	-7.90412
38.5107	-7.90848
38.5207	-7.91285
38.5307	-7.91721
38.5407	-7.92158
38.5507	-7.92594
38.5606	-7.93031
38.5706	-7.93468
38.5806	-7.93905
38.5906	-7.94342
38.6006	-7.94779
38.6105	-7.95216
38.6205	-7.95653
38.6305	-7.9609
38.6405	-7.96528
38.6505	-7.96965
38.6605	-7.97403
38.6704	-7.9784
38.6804	-7.98278
38.6904	-7.98716
38.7004	-7.99154
38.7104	-7.99592
38.7203	-8.0003
38.7303	-8.00468
38.7403	-8.00906
38.7503	-8.01345
38.7603	-8.01783
38.7703	-8.02222
38.7802	-8.0266
38.7902	-8.03099
38.8002	-8.03538
38.8102	-8.03977
38.8202	-8.04416
38.8301	-8.04855
38.8401	-8.05294
38.8501	-8.05733
38.8601	-8.06173
38.8701	-8.06612
38.8801	-8.07052
38.89	-8.07491
38.9	-8.07931
38.91	-8.08371
38.92	-8.0881
38.93	-8.0925
38.9399	-8.0969
38.9499	-8.1013
38.9599	-8.10571
38.9699	-8.11011
38.9799	-8.11451
38.9899	-8.11892
38.9998	-8.12332
39.0098	-8.12773
39.0198	-8.13214
39.0298	-8.13654
39.0398	-8.14095
39.0497	-8.14536
39.0597	-8.14977
39.0697	-8.15418
39.0797	-8.1586
39.0897	-8.16301
39.0997	-8.16742
39.1096	-8.17184
39.1196	-8.17625
39.1296	-8.18067
39.1396	-8.18509
39.1496	-8.18951
39.1596	-8.19393
39.1695	-8.19835
39.1795	-8.20277
39.1895	-8.20719
39.1995	-8.21161
39.2095	-8.21604
39.2194	-8.22046
39.2294	-8.22488
39.2394	-8.22931
39.2494	-8.23374
39.2594	-8.23817
39.2694	-8.24259
39.2793	-8.24702
39.2893	-8.25145
39.2993	-8.25588
39.3093	-8.26032
39.3193	-8.26475
39.3292	-8.26918
39.3392	-8.27362
39.3492	-8.27805
39.3592	-8.28249
39.3692	-8.28693
39.3792	-8.29136
39.3891	-8.2958
39.3991	-8.30024
39.4091	-8.30468
39.4191	-8.30912
39.4291	-8.31357
39.439	-8.31801
39.449	-8.32245
39.459	-8.3269
39.469	-8.33134
39.479	-8.33579
39.489	-8.34024
39.4989	-8.34468
39.5089	-8.34913
39.5189	-8.35358
39.5289	-8.35803
39.5389	-8.36248
39.5488	-8.36694
39.5588	-8.37139
39.5688	-8.37584
39.5788	-8.3803
39.5888	-8.38475
39.5988	-8.38921
39.6087	-8.39367
39.6187	-8.39812
39.6287	-8.40258
39.6387	-8.40704
39.6487	-8.4115
39.6587	-8.41597
39.6686	-8.42043
39.6786	-8.42489
39.6886	-8.42935
39.6986	-8.43382
39.7086	-8.43828
39.7185	-8.44275
39.7285	-8.44722
39.7385	-8.45169
39.7485	-8.45615
39.7585	-8.46062
39.7685	-8.46509
39.7784	-8.46957
39.7884	-8.47404
39.7984	-8.47851
39.8084	-8.48298
39.8184	-8.48746
39.8283	-8.49193
39.8383	-8.49641
39.8483	-8.50089
39.8583	-8.50537
39.8683	-8.50984
39.8783	-8.51432
39.8882	-8.5188
39.8982	-8.52329
39.9082	-8.52777
39.9182	-8.53225
39.9282	-8.53673
39.9381	-8.54122
39.9481	-8.5457
39.9581	-8.55019
39.9681	-8.55468
39.9781	-8.55916
39.9881	-8.56365
39.998	-8.56814
