Freq_GHz	r_meas	x_meas	r_model	x_model	R_meas_ohm	X_meas_ohm	R_model_ohm	X_model_ohm
0.01	0.71364	-0.0040973	0.76	-0.000126077	35.682	-0.204865	38	-0.00630383
0.20995	0.711661	-0.00246345	0.759938	-0.00264648	35.583	-0.123172	37.9969	-0.132324
0.4099	0.710519	-0.00561843	0.759763	-0.00516413	35.526	-0.280922	37.9882	-0.258207
0.60985	0.710599	-0.00753921	0.759476	-0.00767643	35.5299	-0.376961	37.9738	-0.383821
0.8098	0.710404	-0.0107374	0.759077	-0.0101808	35.5202	-0.536871	37.9539	-0.509038
1.00975	0.709958	-0.0124181	0.758566	-0.0126745	35.4979	-0.620904	37.9283	-0.633727
1.2097	0.709802	-0.0158323	0.757943	-0.0151552	35.4901	-0.791616	37.8972	-0.757758
1.40965	0.708931	-0.0174224	0.757209	-0.0176201	35.4466	-0.871118	37.8604	-0.881003
1.6096	0.708543	-0.0201114	0.756364	-0.0200667	35.4271	-1.00557	37.8182	-1.00333
1.80955	0.707265	-0.0230128	0.755409	-0.0224925	35.3633	-1.15064	37.7705	-1.12462
2.0095	0.706311	-0.0253741	0.754344	-0.0248949	35.3156	-1.26871	37.7172	-1.24475
2.20945	0.706059	-0.027714	0.753171	-0.0272716	35.3029	-1.3857	37.6585	-1.36358
2.4094	0.704365	-0.0299893	0.751889	-0.0296199	35.2183	-1.49947	37.5945	-1.48099
2.60935	0.703886	-0.033174	0.750501	-0.0319374	35.1943	-1.6587	37.525	-1.59687
2.8093	0.701598	-0.0348841	0.749005	-0.0342218	35.0799	-1.74421	37.4503	-1.71109
3.00925	0.701685	-0.0370415	0.747405	-0.0364706	35.0842	-1.85208	37.3702	-1.82353
3.2092	0.698703	-0.0391784	0.7457	-0.0386815	34.9352	-1.95892	37.285	-1.93408
3.40915	0.697865	-0.0418536	0.743892	-0.0408523	34.8932	-2.09268	37.1946	-2.04261
3.6091	0.696487	-0.0442457	0.741982	-0.0429805	34.8244	-2.21228	37.0991	-2.14903
3.80905	0.694479	-0.0460641	0.739971	-0.045064	34.7239	-2.3032	36.9986	-2.2532
4.009	0.692938	-0.0488291	0.737861	-0.0471007	34.6469	-2.44146	36.893	-2.35503
4.20895	0.690646	-0.0501992	0.735652	-0.0490883	34.5323	-2.50996	36.7826	-2.45441
4.4089	0.689376	-0.0531946	0.733347	-0.0510247	34.4688	-2.65973	36.6673	-2.55124
4.60885	0.686465	-0.0544912	0.730946	-0.052908	34.3233	-2.72456	36.5473	-2.6454
4.8088	0.685348	-0.0576319	0.728452	-0.054736	34.2674	-2.8816	36.4226	-2.7368
5.00875	0.682639	-0.0590521	0.725865	-0.056507	34.1319	-2.9526	36.2932	-2.82535
5.2087	0.680856	-0.0607552	0.723187	-0.0582189	34.0428	-3.03776	36.1594	-2.91094
5.40865	0.678619	-0.0633061	0.720421	-0.0598699	33.931	-3.1653	36.0211	-2.99349
5.6086	0.675803	-0.064424	0.717567	-0.0614582	33.7901	-3.2212	35.8784	-3.07291
5.80855	0.674334	-0.0668847	0.714628	-0.0629821	33.7167	-3.34423	35.7314	-3.14911
6.0085	0.670284	-0.0680289	0.711605	-0.06444	33.5142	-3.40145	35.5802	-3.222
6.20845	0.66876	-0.0700882	0.7085	-0.0658302	33.438	-3.50441	35.425	-3.29151
6.4084	0.665324	-0.0718595	0.705314	-0.0671511	33.2662	-3.59298	35.2657	-3.35755
6.60835	0.664296	-0.0728591	0.702051	-0.0684012	33.2148	-3.64296	35.1025	-3.42006
6.8083	0.65951	-0.0743128	0.698711	-0.0695792	32.9755	-3.71564	34.9355	-3.47896
7.00825	0.657318	-0.0759812	0.695297	-0.0706836	32.8659	-3.79906	34.7648	-3.53418
7.2082	0.654627	-0.0780347	0.69181	-0.0717131	32.7313	-3.90173	34.5905	-3.58565
7.40815	0.651033	-0.0784881	0.688252	-0.0726664	32.5516	-3.92441	34.4126	-3.63332
7.6081	0.648479	-0.0799208	0.684627	-0.0735425	32.424	-3.99604	34.2313	-3.67712
7.80805	0.644038	-0.0811471	0.680935	-0.07434	32.2019	-4.05736	34.0467	-3.717
8.008	0.642402	-0.0824249	0.677178	-0.0750581	32.1201	-4.12125	33.8589	-3.7529
8.20795	0.63791	-0.0837311	0.673359	-0.0756956	31.8955	-4.18655	33.668	-3.78478
8.4079	0.635546	-0.084311	0.66948	-0.0762516	31.7773	-4.21555	33.474	-3.81258
8.60785	0.63123	-0.0858871	0.665543	-0.0767253	31.5615	-4.29435	33.2771	-3.83627
8.8078	0.628018	-0.085911	0.66155	-0.0771158	31.4009	-4.29555	33.0775	-3.85579
9.00775	0.624478	-0.0883357	0.657502	-0.0774224	31.2239	-4.41679	32.8751	-3.87112
9.2077	0.621163	-0.0877584	0.653403	-0.0776444	31.0581	-4.38792	32.6702	-3.88222
9.40765	0.617021	-0.0882879	0.649254	-0.0777812	30.851	-4.41439	32.4627	-3.88906
9.6076	0.613431	-0.0893946	0.645058	-0.0778321	30.6715	-4.46973	32.2529	-3.89161
9.80755	0.60943	-0.0886989	0.640816	-0.0777967	30.4715	-4.43495	32.0408	-3.88984
10.0075	0.606413	-0.0907873	0.636531	-0.0776745	30.3207	-4.53937	31.8265	-3.88373
10.2074	0.601953	-0.0885907	0.632204	-0.0774652	30.0976	-4.42954	31.6102	-3.87326
10.4074	0.598501	-0.0906883	0.627838	-0.0771684	29.925	-4.53441	31.3919	-3.85842
10.6074	0.59369	-0.0894191	0.623435	-0.0767838	29.6845	-4.47095	31.1717	-3.83919
10.8073	0.590969	-0.0914049	0.618997	-0.0763112	29.5484	-4.57024	30.9498	-3.81556
11.0073	0.586281	-0.0902704	0.614526	-0.0757504	29.314	-4.51352	30.7263	-3.78752
11.2072	0.582663	-0.0895757	0.610023	-0.0751014	29.1332	-4.47878	30.5012	-3.75507
11.4071	0.577785	-0.0896467	0.605492	-0.0743641	28.8893	-4.48234	30.2746	-3.7182
11.6071	0.572346	-0.0892857	0.600934	-0.0735384	28.6173	-4.46429	30.0467	-3.67692
11.8071	0.570595	-0.0903317	0.596352	-0.0726245	28.5297	-4.51659	29.8176	-3.63122
12.007	0.563205	-0.088577	0.591746	-0.0716224	28.1602	-4.42885	29.5873	-3.58112
12.207	0.562471	-0.0893153	0.587119	-0.0705322	28.1235	-4.46577	29.356	-3.52661
12.4069	0.554405	-0.0879947	0.582473	-0.0693543	27.7202	-4.39973	29.1237	-3.46771
12.6068	0.555096	-0.0880705	0.57781	-0.0680888	27.7548	-4.40353	28.8905	-3.40444
12.8068	0.546616	-0.0848791	0.573132	-0.0667359	27.3308	-4.24396	28.6566	-3.3368
13.0068	0.544004	-0.0850135	0.568441	-0.0652962	27.2002	-4.25067	28.422	-3.26481
13.2067	0.538486	-0.0831597	0.563738	-0.0637698	26.9243	-4.15798	28.1869	-3.18849
13.4067	0.534527	-0.0822858	0.559025	-0.0621573	26.7264	-4.11429	27.9512	-3.10786
13.6066	0.531554	-0.0804839	0.554304	-0.060459	26.5777	-4.0242	27.7152	-3.02295
13.8065	0.525516	-0.0793173	0.549577	-0.0586756	26.2758	-3.96587	27.4788	-2.93378
14.0065	0.523027	-0.076575	0.544845	-0.0568075	26.1514	-3.82875	27.2423	-2.84038
14.2065	0.515901	-0.0766159	0.540111	-0.0548553	25.795	-3.83079	27.0056	-2.74277
14.4064	0.514283	-0.0739831	0.535376	-0.0528196	25.7141	-3.69915	26.7688	-2.64098
14.6064	0.508562	-0.0729067	0.530641	-0.0507011	25.4281	-3.64534	26.532	-2.53505
14.8063	0.505045	-0.0691825	0.525908	-0.0485004	25.2522	-3.45913	26.2954	-2.42502
15.0062	0.499329	-0.0687233	0.521178	-0.0462182	24.9665	-3.43616	26.0589	-2.31091
15.2062	0.494504	-0.0658286	0.516454	-0.0438552	24.7252	-3.29143	25.8227	-2.19276
15.4062	0.49087	-0.064246	0.511737	-0.0414123	24.5435	-3.2123	25.5868	-2.07062
15.6061	0.48634	-0.0612291	0.507027	-0.0388902	24.317	-3.06146	25.3514	-1.94451
15.8061	0.482496	-0.058538	0.502327	-0.0362897	24.1248	-2.9269	25.1164	-1.81448
16.006	0.477233	-0.0568133	0.497638	-0.0336117	23.8616	-2.84067	24.8819	-1.68058
16.206	0.474007	-0.0531511	0.492962	-0.0308569	23.7003	-2.65755	24.6481	-1.54285
16.4059	0.467714	-0.0514566	0.488298	-0.0280264	23.3857	-2.57283	24.4149	-1.40132
16.6059	0.46497	-0.0485381	0.48365	-0.025121	23.2485	-2.42691	24.1825	-1.25605
16.8058	0.460254	-0.0455192	0.479018	-0.0221416	23.0127	-2.27596	23.9509	-1.10708
17.0057	0.455116	-0.0417139	0.474403	-0.0190892	22.7558	-2.08569	23.7201	-0.954458
17.2057	0.451091	-0.039638	0.469806	-0.0159646	22.5545	-1.9819	23.4903	-0.798232
17.4057	0.446814	-0.0375742	0.465229	-0.012769	22.3407	-1.87871	23.2615	-0.63845
17.6056	0.443592	-0.0324831	0.460673	-0.00950321	22.1796	-1.62416	23.0337	-0.475161
17.8056	0.438414	-0.0303704	0.456139	-0.0061683	21.9207	-1.51852	22.8069	-0.308415
18.0055	0.434233	-0.0265301	0.451627	-0.00276526	21.7117	-1.3265	22.5813	-0.138263
18.2054	0.430509	-0.0242824	0.447139	0.000704896	21.5255	-1.21412	22.357	0.0352448
18.4054	0.4259	-0.01935	0.442676	0.00424113	21.295	-0.967501	22.1338	0.212056
18.6054	0.421318	-0.0168452	0.438239	0.0078424	21.0659	-0.842259	21.9119	0.39212
18.8053	0.416383	-0.0132144	0.433828	0.0115077	20.8192	-0.66072	21.6914	0.575384
19.0053	0.413701	-0.00912908	0.429444	0.0152359	20.6851	-0.456454	21.4722	0.761795
19.2052	0.408593	-0.0058275	0.425089	0.019026	20.4296	-0.291375	21.2545	0.9513
19.4051	0.404127	-0.000789357	0.420763	0.0228769	20.2064	-0.0394679	21.0382	1.14385
19.6051	0.400656	0.00122817	0.416467	0.0267877	20.0328	0.0614086	20.8233	1.33938
19.8051	0.395102	0.00785664	0.412201	0.0307571	19.7551	0.392832	20.6101	1.53785
20.005	0.392463	0.00829648	0.407967	0.0347841	19.6232	0.414824	20.3983	1.7392
20.205	0.387764	0.0157813	0.403764	0.0388677	19.3882	0.789064	20.1882	1.94338
20.4049	0.384029	0.0185601	0.399594	0.0430068	19.2014	0.928007	19.9797	2.15034
20.6048	0.37992	0.0238796	0.395457	0.0472003	18.996	1.19398	19.7729	2.36001
20.8048	0.375838	0.0272854	0.391354	0.0514471	18.7919	1.36427	19.5677	2.57236
21.0048	0.374409	0.0327151	0.387285	0.0557463	18.7204	1.63575	19.3643	2.78731
21.2047	0.367702	0.0388699	0.383251	0.0600966	18.3851	1.9435	19.1625	3.00483
21.4047	0.365399	0.0428298	0.379252	0.0644972	18.27	2.14149	18.9626	3.22486
21.6046	0.358701	0.045706	0.375289	0.0689468	17.935	2.2853	18.7644	3.44734
21.8045	0.360499	0.053772	0.371362	0.0734445	18.025	2.6886	18.5681	3.67223
22.0045	0.352246	0.0568739	0.367471	0.0779892	17.6123	2.8437	18.3736	3.89946
22.2045	0.351986	0.0642927	0.363617	0.0825799	17.5993	3.21464	18.1809	4.129
22.4044	0.345151	0.0655919	0.359801	0.0872155	17.2575	3.27959	17.9901	4.36078
22.6044	0.344394	0.0747589	0.356022	0.0918951	17.2197	3.73794	17.8011	4.59475
22.8043	0.339323	0.0763304	0.352282	0.0966175	16.9661	3.81652	17.6141	4.83088
23.0042	0.334811	0.0845043	0.348579	0.101382	16.7406	4.22521	17.4289	5.06909
23.2042	0.332704	0.0892325	0.344915	0.106187	16.6352	4.46162	17.2457	5.30935
23.4042	0.328311	0.0926977	0.341289	0.111032	16.4155	4.63489	17.0644	5.55161
23.6041	0.327613	0.100194	0.337702	0.115916	16.3807	5.00972	16.8851	5.79581
23.8041	0.322833	0.104618	0.334155	0.120838	16.1416	5.23089	16.7077	6.04191
24.004	0.319939	0.11182	0.330646	0.125797	15.997	5.59101	16.5323	6.28985
24.2039	0.317076	0.115879	0.327177	0.130792	15.8538	5.79396	16.3588	6.5396
24.4039	0.312988	0.122591	0.323747	0.135822	15.6494	6.12956	16.1874	6.7911
24.6039	0.311483	0.128756	0.320357	0.140886	15.5741	6.43778	16.0179	7.04431
24.8038	0.305496	0.134391	0.317007	0.145984	15.2748	6.71953	15.8503	7.29918
25.0038	0.304679	0.140518	0.313696	0.151113	15.234	7.0259	15.6848	7.55566
25.2037	0.302217	0.145988	0.310425	0.156274	15.1109	7.29939	15.5213	7.81372
25.4036	0.298624	0.154952	0.307194	0.161466	14.9312	7.7476	15.3597	8.0733
25.6036	0.296285	0.158698	0.304003	0.166687	14.8143	7.9349	15.2002	8.33436
25.8036	0.291082	0.168057	0.300852	0.171937	14.5541	8.40286	15.0426	8.59687
26.0035	0.291006	0.17029	0.297741	0.177215	14.5503	8.51451	14.887	8.86077
26.2035	0.286505	0.180246	0.294669	0.18252	14.3253	9.01231	14.7334	9.12602
26.4034	0.285795	0.185525	0.291637	0.187852	14.2898	9.27623	14.5818	9.39259
26.6033	0.281093	0.193622	0.288645	0.193209	14.0547	9.6811	14.4322	9.66043
26.8033	0.279864	0.199658	0.285692	0.19859	13.9932	9.98289	14.2846	9.92951
27.0033	0.277069	0.203338	0.282779	0.203995	13.8535	10.1669	14.139	10.1998
27.2032	0.276161	0.21459	0.279905	0.209424	13.808	10.7295	13.9953	10.4712
27.4032	0.272257	0.218813	0.277071	0.214875	13.6129	10.9407	13.8536	10.7437
27.6031	0.269658	0.224991	0.274276	0.220347	13.4829	11.2496	13.7138	11.0174
27.803	0.270019	0.231815	0.27152	0.22584	13.5009	11.5907	13.576	11.292
28.003	0.265833	0.237167	0.268803	0.231354	13.2917	11.8584	13.4402	11.5677
28.203	0.265039	0.247496	0.266125	0.236886	13.2519	12.3748	13.3062	11.8443
28.4029	0.262885	0.250502	0.263485	0.242438	13.1442	12.5251	13.1743	12.1219
28.6029	0.259747	0.262877	0.260884	0.248007	12.9874	13.1439	13.0442	12.4004
28.8028	0.260668	0.267745	0.258321	0.253594	13.0334	13.3873	12.9161	12.6797
29.0027	0.253222	0.275694	0.255796	0.259198	12.6611	13.7847	12.7898	12.9599
29.2027	0.259023	0.283222	0.253309	0.264817	12.9512	14.1611	12.6655	13.2409
29.4027	0.250115	0.289149	0.25086	0.270452	12.5058	14.4574	12.543	13.5226
29.6026	0.256749	0.299992	0.248448	0.276102	12.8375	14.9996	12.4224	13.8051
29.8026	0.25063	0.304858	0.246074	0.281766	12.5315	15.2429	12.3037	14.0883
30.0025	0.250142	0.314724	0.243736	0.287444	12.5071	15.7362	12.1868	14.3722
30.2024	0.244686	0.317686	0.241435	0.293135	12.2343	15.8843	12.0718	14.6567
30.4024	0.244936	0.323561	0.239171	0.298838	12.2468	16.178	11.9586	14.9419
30.6024	0.24801	0.337046	0.236943	0.304553	12.4005	16.8523	11.8472	15.2276
30.8023	0.237875	0.33882	0.234751	0.310279	11.8938	16.941	11.7376	15.514
31.0023	0.23863	0.347051	0.232595	0.316016	11.9315	17.3526	11.6298	15.8008
31.2022	0.239226	0.345487	0.230475	0.321764	11.9613	17.2743	11.5237	16.0882
31.4021	0.242815	0.365462	0.22839	0.327521	12.1408	18.2731	11.4195	16.3761
31.6021	0.241307	0.366308	0.226339	0.333288	12.0654	18.3154	11.317	16.6644
31.8021	0.232469	0.382213	0.224324	0.339063	11.6235	19.1106	11.2162	16.9531
32.002	0.239677	0.375248	0.222343	0.344846	11.9838	18.7624	11.1171	17.2423
32.2019	0.237392	0.397683	0.220396	0.350638	11.8696	19.8841	11.0198	17.5319
32.4019	0.233106	0.401652	0.218483	0.356437	11.6553	20.0826	10.9242	17.8218
32.6018	0.233278	0.408028	0.216604	0.362242	11.6639	20.4014	10.8302	18.1121
32.8018	0.230911	0.418516	0.214758	0.368055	11.5455	20.9258	10.7379	18.4027
33.0018	0.238017	0.424178	0.212945	0.373873	11.9009	21.2089	10.6472	18.6937
33.2017	0.226798	0.43808	0.211165	0.379697	11.3399	21.904	10.5582	18.9849
33.4016	0.233768	0.443049	0.209417	0.385527	11.6884	22.1524	10.4709	19.2763
33.6016	0.22395	0.450136	0.207702	0.391361	11.1975	22.5068	10.3851	19.568
33.8015	0.232222	0.460178	0.206018	0.3972	11.6111	23.0089	10.3009	19.86
34.0015	0.221164	0.462652	0.204366	0.403043	11.0582	23.1326	10.2183	20.1521
34.2015	0.225265	0.481268	0.202745	0.408889	11.2633	24.0634	10.1373	20.4445
34.4014	0.217341	0.476358	0.201156	0.41474	10.867	23.8179	10.0578	20.737
34.6013	0.22258	0.490129	0.199597	0.420593	11.129	24.5065	9.97984	21.0296
34.8013	0.226744	0.496165	0.198068	0.426449	11.3372	24.8083	9.90342	21.3224
35.0012	0.21826	0.512899	0.19657	0.432307	10.913	25.6449	9.82849	21.6154
35.2012	0.219811	0.521334	0.195101	0.438168	10.9906	26.0667	9.75506	21.9084
35.4012	0.20352	0.511468	0.193662	0.44403	10.176	25.5734	9.68311	22.2015
35.6011	0.23215	0.530401	0.192252	0.449894	11.6075	26.5201	9.61262	22.4947
35.801	0.214286	0.538847	0.190871	0.45576	10.7143	26.9424	9.54357	22.788
36.001	0.220642	0.562344	0.189519	0.461626	11.0321	28.1172	9.47596	23.0813
36.2009	0.216702	0.561809	0.188195	0.467493	10.8351	28.0904	9.40976	23.3746
36.4009	0.218563	0.576928	0.186899	0.47336	10.9281	28.8464	9.34496	23.668
36.6009	0.227027	0.585926	0.185631	0.479228	11.3514	29.2963	9.28155	23.9614
36.8008	0.217026	0.59839	0.18439	0.485095	10.8513	29.9195	9.21952	24.2548
37.0007	0.224519	0.610079	0.183177	0.490962	11.226	30.5039	9.15884	24.5481
37.2007	0.219222	0.614731	0.18199	0.496829	10.9611	30.7365	9.09951	24.8414
37.4006	0.219868	0.627059	0.18083	0.502695	10.9934	31.3529	9.04151	25.1347
37.6006	0.228991	0.633458	0.179696	0.50856	11.4495	31.6729	8.98482	25.428
37.8006	0.213831	0.649781	0.178589	0.514423	10.6916	32.489	8.92943	25.7212
38.0005	0.225623	0.654904	0.177507	0.520286	11.2811	32.7452	8.87533	26.0143
38.2004	0.21351	0.665009	0.17645	0.526146	10.6755	33.2505	8.8225	26.3073
38.4004	0.220919	0.673749	0.175419	0.532005	11.046	33.6874	8.77093	26.6003
38.6003	0.220109	0.67574	0.174412	0.537862	11.0054	33.787	8.72061	26.8931
38.8003	0.219398	0.705731	0.17343	0.543717	10.9699	35.2866	8.67151	27.1859
39.0003	0.22415	0.692884	0.172473	0.54957	11.2075	34.6442	8.62363	27.4785
39.2002	0.22595	0.731879	0.171539	0.55542	11.2975	36.594	8.57696	27.771
39.4001	0.227562	0.724511	0.17063	0.561268	11.3781	36.2255	8.53148	28.0634
39.6001	0.230771	0.743048	0.169743	0.567112	11.5386	37.1524	8.48717	28.3556
39.8	0.231653	0.75155	0.168881	0.572954	11.5827	37.5775	8.44403	28.6477
40	0.235837	0.759722	0.168041	0.578793	11.7918	37.9861	8.40203	28.9397
