Freq_GHz	Re_S11_meas	Im_S11_meas	Re_S11_model	Im_S11_model
0.01	-0.167099	-0.00279053	-0.136364	-8.14028e-05
0.20995	-0.168453	-0.00168166	-0.136401	-0.00170884
0.4099	-0.169223	-0.00384047	-0.136507	-0.00333515
0.60985	-0.169159	-0.0051529	-0.13668	-0.00495923
0.8098	-0.169268	-0.00734032	-0.136922	-0.00658
1.00975	-0.169558	-0.00849358	-0.137231	-0.00819638
1.2097	-0.169626	-0.0108304	-0.137609	-0.00980729
1.40965	-0.1702	-0.0119301	-0.138054	-0.0114116
1.6096	-0.170426	-0.0137772	-0.138567	-0.0130083
1.80955	-0.171251	-0.0157877	-0.139149	-0.0145962
2.0095	-0.17186	-0.0174264	-0.139797	-0.0161742
2.20945	-0.171983	-0.0190383	-0.140514	-0.0177413
2.4094	-0.173094	-0.0206413	-0.141298	-0.0192964
2.60935	-0.173343	-0.0228445	-0.14215	-0.0208382
2.8093	-0.174872	-0.0240858	-0.143069	-0.0223658
3.00925	-0.174749	-0.0255714	-0.144056	-0.0238779
3.2092	-0.176743	-0.0271401	-0.14511	-0.0253736
3.40915	-0.177235	-0.0290197	-0.146231	-0.0268515
3.6091	-0.178105	-0.0307259	-0.147419	-0.0283107
3.80905	-0.179432	-0.0320626	-0.148674	-0.0297499
4.009	-0.180396	-0.034046	-0.149995	-0.031168
4.20895	-0.181937	-0.0350944	-0.151384	-0.0325638
4.4089	-0.182697	-0.0372404	-0.152838	-0.0339362
4.60885	-0.184676	-0.038278	-0.154359	-0.0352841
4.8088	-0.185313	-0.0405328	-0.155946	-0.0366061
5.00875	-0.187147	-0.0416628	-0.157598	-0.0379012
5.2087	-0.188317	-0.0429522	-0.159317	-0.0391682
5.40865	-0.189763	-0.0448698	-0.1611	-0.0404058
5.6086	-0.191697	-0.0458132	-0.162949	-0.0416128
5.80855	-0.192602	-0.0476409	-0.164862	-0.042788
6.0085	-0.195418	-0.0486881	-0.16684	-0.0439302
6.20845	-0.196385	-0.0502483	-0.168882	-0.0450382
6.4084	-0.198735	-0.051726	-0.170989	-0.0461106
6.60835	-0.199411	-0.0525075	-0.173158	-0.0471463
6.8083	-0.202763	-0.0538597	-0.175391	-0.048144
7.00825	-0.204238	-0.0552093	-0.177687	-0.0491024
7.2082	-0.206049	-0.0568791	-0.180046	-0.0500202
7.40815	-0.208632	-0.0574569	-0.182466	-0.0508962
7.6081	-0.210395	-0.0586818	-0.184948	-0.051729
7.80805	-0.21356	-0.0598994	-0.187492	-0.0525173
8.008	-0.214669	-0.0609589	-0.190096	-0.0532599
8.20795	-0.217885	-0.0622591	-0.19276	-0.0539553
8.4079	-0.219592	-0.0628689	-0.195484	-0.0546024
8.60785	-0.222679	-0.0643762	-0.198267	-0.0551997
8.8078	-0.225076	-0.0646477	-0.201108	-0.0557458
9.00775	-0.227535	-0.0667508	-0.204008	-0.0562396
9.2077	-0.230078	-0.0665878	-0.206965	-0.0566795
9.40765	-0.233166	-0.0673298	-0.209978	-0.0570643
9.6076	-0.235801	-0.0684714	-0.213047	-0.0573925
9.80755	-0.238913	-0.068279	-0.216172	-0.0576629
10.0075	-0.241046	-0.0701384	-0.219351	-0.057874
10.2074	-0.24467	-0.0688324	-0.222583	-0.0580244
10.4074	-0.247158	-0.0707554	-0.225869	-0.0581129
10.6074	-0.251011	-0.070192	-0.229206	-0.0581379
10.8073	-0.25296	-0.0719855	-0.232595	-0.0580982
11.0073	-0.256741	-0.0715173	-0.236033	-0.0579923
11.2072	-0.259657	-0.0712942	-0.239521	-0.0578189
11.4071	-0.263521	-0.0717909	-0.243057	-0.0575766
11.6071	-0.267896	-0.0719975	-0.24664	-0.057264
11.8071	-0.269205	-0.0729975	-0.250269	-0.0568798
12.007	-0.275328	-0.0722648	-0.253943	-0.0564226
12.207	-0.275855	-0.0729316	-0.257661	-0.055891
12.4069	-0.282556	-0.0726053	-0.261422	-0.0552837
12.6068	-0.281982	-0.0726031	-0.265223	-0.0545994
12.8068	-0.289263	-0.0707555	-0.269065	-0.0538367
13.0068	-0.291418	-0.071106	-0.272946	-0.0529943
13.2067	-0.296192	-0.070063	-0.276864	-0.052071
13.4067	-0.299596	-0.0696881	-0.280817	-0.0510653
13.6066	-0.302266	-0.0684347	-0.284806	-0.0499761
13.8065	-0.307498	-0.0679817	-0.288827	-0.0488022
14.0065	-0.309863	-0.0658575	-0.29288	-0.0475421
14.2065	-0.315986	-0.0665119	-0.296962	-0.0461949
14.4064	-0.317612	-0.0643743	-0.301073	-0.0447592
14.6064	-0.322676	-0.0639231	-0.30521	-0.0432339
14.8063	-0.326062	-0.0609552	-0.309372	-0.0416179
15.0062	-0.331133	-0.0610138	-0.313558	-0.03991
15.2062	-0.335646	-0.0588314	-0.317764	-0.0381092
15.4062	-0.339012	-0.057702	-0.32199	-0.0362144
15.6061	-0.343307	-0.0553369	-0.326233	-0.0342246
15.8061	-0.346976	-0.0531868	-0.330491	-0.0321389
16.006	-0.351883	-0.0519925	-0.334763	-0.0299562
16.206	-0.355084	-0.0488628	-0.339047	-0.0276758
16.4059	-0.360991	-0.047715	-0.34334	-0.0252967
16.6059	-0.363719	-0.0451834	-0.34764	-0.0228181
16.8058	-0.368295	-0.0426527	-0.351946	-0.0202393
17.0057	-0.373332	-0.0393693	-0.356254	-0.0175595
17.2057	-0.377246	-0.0376208	-0.360563	-0.0147781
17.4057	-0.381416	-0.0358758	-0.36487	-0.0118944
17.6056	-0.384732	-0.0311587	-0.369174	-0.00890791
17.8056	-0.389801	-0.029344	-0.373471	-0.00581811
18.0055	-0.393996	-0.0257858	-0.377759	-0.00262454
18.2054	-0.397701	-0.0237255	-0.382037	0.000673185
18.4054	-0.402364	-0.0190306	-0.386301	0.0040754
18.6054	-0.406947	-0.0166749	-0.390549	0.00758236
18.8053	-0.411924	-0.0131728	-0.394778	0.0111943
19.0053	-0.414667	-0.00913532	-0.398986	0.0149113
19.2052	-0.419833	-0.005874	-0.403171	0.0187334
19.4051	-0.424372	-0.000800738	-0.407329	0.0226606
19.6051	-0.427901	0.00125206	-0.411459	0.0266929
19.8051	-0.433541	0.00807311	-0.415557	0.0308302
20.005	-0.436253	0.00855738	-0.419622	0.035072
20.205	-0.440981	0.0163865	-0.423649	0.0394183
20.4049	-0.444797	0.0193751	-0.427638	0.0438685
20.6048	-0.448926	0.0250738	-0.431584	0.0484222
20.8048	-0.453088	0.0288174	-0.435486	0.053079
21.0048	-0.454347	0.0346179	-0.439341	0.0578381
21.2047	-0.461126	0.041525	-0.443145	0.0626988
21.4047	-0.463333	0.0459018	-0.446897	0.0676604
21.6046	-0.47033	0.0494611	-0.450594	0.0727221
21.8045	-0.467756	0.0580111	-0.454233	0.0778828
22.0045	-0.476409	0.0620961	-0.457812	0.0831415
22.2045	-0.475967	0.0701886	-0.461328	0.0884972
22.4044	-0.483295	0.0723281	-0.464778	0.0939486
22.6044	-0.483073	0.0824705	-0.468159	0.0994944
22.8043	-0.488458	0.0848298	-0.47147	0.105133
23.0042	-0.492358	0.0944783	-0.474708	0.110864
23.2042	-0.49401	0.100033	-0.477871	0.116685
23.4042	-0.498374	0.104566	-0.480955	0.122594
23.6041	-0.497931	0.113048	-0.483958	0.12859
23.8041	-0.502509	0.118828	-0.486879	0.134671
24.004	-0.504424	0.127449	-0.489715	0.140835
24.2039	-0.506851	0.132576	-0.492463	0.147081
24.4039	-0.510079	0.140993	-0.495122	0.153406
24.6039	-0.510433	0.148288	-0.49769	0.159808
24.8038	-0.515921	0.156052	-0.500163	0.166286
25.0038	-0.515365	0.163209	-0.502541	0.172836
25.2037	-0.516779	0.170042	-0.504821	0.179457
25.4036	-0.518473	0.181184	-0.507001	0.186146
25.6036	-0.520087	0.186097	-0.50908	0.192902
25.8036	-0.523279	0.198282	-0.511056	0.199721
26.0035	-0.522686	0.20085	-0.512927	0.206601
26.2035	-0.524671	0.213614	-0.514692	0.213539
26.4034	-0.523735	0.219856	-0.516349	0.220533
26.6033	-0.526302	0.230683	-0.517897	0.227581
26.8033	-0.525541	0.237983	-0.519333	0.234679
27.0033	-0.527365	0.24319	-0.520658	0.241825
27.2032	-0.524106	0.256283	-0.52187	0.249015
27.4032	-0.526845	0.262599	-0.522968	0.256248
27.6031	-0.527268	0.270642	-0.523951	0.263521
27.803	-0.524005	0.278175	-0.524817	0.270829
28.003	-0.526404	0.285988	-0.525567	0.278172
28.203	-0.522696	0.297905	-0.526199	0.285545
28.4029	-0.523724	0.302242	-0.526713	0.292946
28.6029	-0.521372	0.317471	-0.527108	0.300372
28.8028	-0.517989	0.322396	-0.527383	0.307819
29.0027	-0.522219	0.33487	-0.52754	0.315286
29.2027	-0.512018	0.340135	-0.527576	0.322768
29.4027	-0.518609	0.35125	-0.527492	0.330264
29.6026	-0.505618	0.359398	-0.527289	0.33777
29.8026	-0.509498	0.367961	-0.526965	0.345283
30.0025	-0.504467	0.37875	-0.526521	0.3528
30.2024	-0.508557	0.385035	-0.525958	0.360318
30.4024	-0.504857	0.391114	-0.525275	0.367835
30.6024	-0.493613	0.403376	-0.524473	0.375347
30.8023	-0.503066	0.411405	-0.523553	0.382852
31.0023	-0.497152	0.419487	-0.522514	0.390347
31.2022	-0.497516	0.417496	-0.521358	0.397829
31.4021	-0.481171	0.435553	-0.520086	0.405295
31.6021	-0.482135	0.437376	-0.518697	0.412743
31.8021	-0.480384	0.459096	-0.517193	0.42017
32.002	-0.477908	0.44736	-0.515576	0.427573
32.2019	-0.464985	0.470828	-0.513845	0.43495
32.4019	-0.466347	0.477625	-0.512002	0.442298
32.6018	-0.461696	0.4836	-0.510048	0.449615
32.8018	-0.456444	0.495198	-0.507985	0.456898
33.0018	-0.445764	0.495357	-0.505813	0.464146
33.2017	-0.445888	0.516315	-0.503534	0.471354
33.4016	-0.435887	0.51563	-0.50115	0.478523
33.6016	-0.439369	0.529361	-0.498662	0.485648
33.8015	-0.424423	0.531956	-0.496071	0.492728
34.0015	-0.432208	0.542609	-0.493379	0.499761
34.2015	-0.414126	0.55545	-0.490587	0.506745
34.4014	-0.424761	0.557524	-0.487698	0.513678
34.6013	-0.409372	0.565013	-0.484713	0.520558
34.8013	-0.401128	0.566696	-0.481633	0.527383
35.0012	-0.39451	0.587102	-0.478461	0.534152
35.2012	-0.386363	0.592516	-0.475199	0.540862
35.4012	-0.407576	0.598187	-0.471847	0.547512
35.6011	-0.369421	0.589492	-0.468408	0.554101
35.801	-0.376081	0.610645	-0.464884	0.560627
36.001	-0.351615	0.622682	-0.461277	0.567089
36.2009	-0.354907	0.625625	-0.457589	0.573485
36.4009	-0.340744	0.634775	-0.453821	0.579814
36.6009	-0.327301	0.633809	-0.449976	0.586075
36.8008	-0.323413	0.650699	-0.446056	0.592266
37.0007	-0.308496	0.651918	-0.442062	0.598387
37.2007	-0.3079	0.659442	-0.437997	0.604437
37.4006	-0.296849	0.666629	-0.433863	0.610414
37.6006	-0.285765	0.662721	-0.429661	0.616318
37.8006	-0.280682	0.685567	-0.425394	0.622147
38.0005	-0.269384	0.678288	-0.421063	0.627902
38.2004	-0.267477	0.694583	-0.416672	0.633581
38.4004	-0.255714	0.69295	-0.412221	0.639184
38.6003	-0.254424	0.694745	-0.407712	0.64471
38.8003	-0.22862	0.711068	-0.403149	0.650159
39.0003	-0.237371	0.700367	-0.398532	0.65553
39.2002	-0.202737	0.718022	-0.393863	0.660823
39.4001	-0.208335	0.713163	-0.389146	0.666037
39.6001	-0.190924	0.718991	-0.38438	0.671172
39.8	-0.18326	0.72202	-0.37957	0.676229
40	-0.174488	0.722008	-0.374715	0.681205
