Freq_GHz	Norm_dB_model_vE
0.1	-3.70668e-05
0.109982	-4.55943e-05
0.119964	-5.49324e-05
0.129946	-6.50814e-05
0.139928	-7.6041e-05
0.14991	-8.78115e-05
0.159892	-0.000100393
0.169874	-0.000113785
0.179856	-0.000127988
0.189838	-0.000143001
0.19982	-0.000158826
0.209802	-0.000175461
0.219784	-0.000192907
0.229766	-0.000211164
0.239748	-0.000230231
0.24973	-0.00025011
0.259712	-0.000270799
0.269694	-0.000292299
0.279676	-0.00031461
0.289658	-0.000337732
0.29964	-0.000361665
0.309622	-0.000386409
0.319604	-0.000411964
0.329586	-0.000438329
0.339568	-0.000465506
0.34955	-0.000493493
0.359532	-0.000522291
0.369514	-0.000551901
0.379496	-0.000582321
0.389478	-0.000613552
0.39946	-0.000645595
0.409442	-0.000678448
0.419424	-0.000712112
0.429406	-0.000746588
0.439388	-0.000781874
0.44937	-0.000817972
0.459352	-0.00085488
0.469334	-0.0008926
0.479316	-0.000931131
0.489298	-0.000970473
0.49928	-0.00101063
0.509262	-0.00105159
0.519244	-0.00109337
0.529226	-0.00113595
0.539208	-0.00117935
0.54919	-0.00122356
0.559172	-0.00126858
0.569154	-0.00131441
0.579136	-0.00136106
0.589118	-0.00140851
0.5991	-0.00145678
0.609082	-0.00150585
0.619064	-0.00155574
0.629046	-0.00160644
0.639028	-0.00165795
0.64901	-0.00171028
0.658992	-0.00176341
0.668974	-0.00181736
0.678956	-0.00187211
0.688938	-0.00192768
0.69892	-0.00198406
0.708902	-0.00204126
0.718884	-0.00209926
0.728866	-0.00215807
0.738848	-0.0022177
0.74883	-0.00227814
0.758812	-0.00233939
0.768794	-0.00240145
0.778776	-0.00246433
0.788758	-0.00252801
0.79874	-0.00259251
0.808722	-0.00265782
0.818704	-0.00272394
0.828686	-0.00279088
0.838668	-0.00285862
0.84865	-0.00292718
0.858632	-0.00299655
0.868614	-0.00306673
0.878596	-0.00313772
0.888578	-0.00320953
0.89856	-0.00328215
0.908542	-0.00335558
0.918524	-0.00342982
0.928506	-0.00350487
0.938488	-0.00358074
0.94847	-0.00365742
0.958452	-0.00373491
0.968434	-0.00381321
0.978416	-0.00389233
0.988398	-0.00397226
0.99838	-0.004053
1.00836	-0.00413455
1.01834	-0.00421692
1.02833	-0.0043001
1.03831	-0.00438409
1.04829	-0.00446889
1.05827	-0.00455451
1.06825	-0.00464094
1.07824	-0.00472818
1.08822	-0.00481624
1.0982	-0.0049051
1.10818	-0.00499478
1.11816	-0.00508528
1.12815	-0.00517658
1.13813	-0.0052687
1.14811	-0.00536164
1.15809	-0.00545538
1.16807	-0.00554994
1.17806	-0.00564531
1.18804	-0.0057415
1.19802	-0.0058385
1.208	-0.00593631
1.21798	-0.00603493
1.22797	-0.00613437
1.23795	-0.00623462
1.24793	-0.00633569
1.25791	-0.00643757
1.26789	-0.00654026
1.27788	-0.00664377
1.28786	-0.00674808
1.29784	-0.00685322
1.30782	-0.00695917
1.3178	-0.00706593
1.32779	-0.0071735
1.33777	-0.00728189
1.34775	-0.00739109
1.35773	-0.00750111
1.36771	-0.00761194
1.3777	-0.00772358
1.38768	-0.00783604
1.39766	-0.00794931
1.40764	-0.0080634
1.41762	-0.0081783
1.42761	-0.00829402
1.43759	-0.00841055
1.44757	-0.00852789
1.45755	-0.00864605
1.46753	-0.00876502
1.47752	-0.00888481
1.4875	-0.00900541
1.49748	-0.00912683
1.50746	-0.00924906
1.51744	-0.00937211
1.52743	-0.00949597
1.53741	-0.00962065
1.54739	-0.00974614
1.55737	-0.00987244
1.56735	-0.00999956
1.57734	-0.0101275
1.58732	-0.0102563
1.5973	-0.0103858
1.60728	-0.0105162
1.61726	-0.0106474
1.62725	-0.0107794
1.63723	-0.0109122
1.64721	-0.0110459
1.65719	-0.0111803
1.66717	-0.0113156
1.67716	-0.0114517
1.68714	-0.0115886
1.69712	-0.0117263
1.7071	-0.0118649
1.71708	-0.0120042
1.72707	-0.0121444
1.73705	-0.0122854
1.74703	-0.0124272
1.75701	-0.0125698
1.76699	-0.0127132
1.77698	-0.0128575
1.78696	-0.0130026
1.79694	-0.0131484
1.80692	-0.0132951
1.8169	-0.0134427
1.82689	-0.013591
1.83687	-0.0137401
1.84685	-0.0138901
1.85683	-0.0140409
1.86681	-0.0141925
1.8768	-0.0143449
1.88678	-0.0144981
1.89676	-0.0146522
1.90674	-0.0148071
1.91672	-0.0149627
1.92671	-0.0151192
1.93669	-0.0152766
1.94667	-0.0154347
1.95665	-0.0155937
1.96663	-0.0157534
1.97662	-0.015914
1.9866	-0.0160754
1.99658	-0.0162377
2.00656	-0.0164007
2.01654	-0.0165646
2.02653	-0.0167292
2.03651	-0.0168947
2.04649	-0.017061
2.05647	-0.0172282
2.06645	-0.0173961
2.07644	-0.0175649
2.08642	-0.0177345
2.0964	-0.0179049
2.10638	-0.0180761
2.11636	-0.0182482
2.12635	-0.018421
2.13633	-0.0185947
2.14631	-0.0187692
2.15629	-0.0189445
2.16627	-0.0191207
2.17626	-0.0192976
2.18624	-0.0194754
2.19622	-0.019654
2.2062	-0.0198334
2.21618	-0.0200137
2.22617	-0.0201947
2.23615	-0.0203766
2.24613	-0.0205593
2.25611	-0.0207428
2.26609	-0.0209271
2.27608	-0.0211123
2.28606	-0.0212982
2.29604	-0.021485
2.30602	-0.0216726
2.316	-0.0218611
2.32599	-0.0220503
2.33597	-0.0222404
2.34595	-0.0224313
2.35593	-0.022623
2.36591	-0.0228156
2.3759	-0.0230089
2.38588	-0.0232031
2.39586	-0.0233981
2.40584	-0.0235939
2.41582	-0.0237905
2.42581	-0.023988
2.43579	-0.0241863
2.44577	-0.0243854
2.45575	-0.0245853
2.46573	-0.0247861
2.47572	-0.0249876
2.4857	-0.02519
2.49568	-0.0253932
2.50566	-0.0255973
2.51564	-0.0258021
2.52563	-0.0260078
2.53561	-0.0262143
2.54559	-0.0264216
2.55557	-0.0266297
2.56555	-0.0268387
2.57554	-0.0270485
2.58552	-0.0272591
2.5955	-0.0274705
2.60548	-0.0276828
2.61546	-0.0278959
2.62545	-0.0281098
2.63543	-0.0283245
2.64541	-0.02854
2.65539	-0.0287564
2.66537	-0.0289736
2.67536	-0.0291916
2.68534	-0.0294105
2.69532	-0.0296301
2.7053	-0.0298506
2.71528	-0.0300719
2.72527	-0.0302941
2.73525	-0.030517
2.74523	-0.0307408
2.75521	-0.0309654
2.76519	-0.0311908
2.77518	-0.0314171
2.78516	-0.0316442
2.79514	-0.0318721
2.80512	-0.0321008
2.8151	-0.0323304
2.82509	-0.0325607
2.83507	-0.032792
2.84505	-0.033024
2.85503	-0.0332568
2.86501	-0.0334905
2.87499	-0.033725
2.88498	-0.0339603
2.89496	-0.0341965
2.90494	-0.0344335
2.91492	-0.0346713
2.9249	-0.0349099
2.93489	-0.0351494
2.94487	-0.0353897
2.95485	-0.0356308
2.96483	-0.0358727
2.97481	-0.0361155
2.9848	-0.0363591
2.99478	-0.0366035
3.00476	-0.0368487
3.01474	-0.0370948
3.02472	-0.0373417
3.03471	-0.0375894
3.04469	-0.037838
3.05467	-0.0380873
3.06465	-0.0383376
3.07463	-0.0385886
3.08462	-0.0388404
3.0946	-0.0390931
3.10458	-0.0393466
3.11456	-0.039601
3.12454	-0.0398562
3.13453	-0.0401122
3.14451	-0.040369
3.15449	-0.0406266
3.16447	-0.0408851
3.17445	-0.0411444
3.18444	-0.0414046
3.19442	-0.0416656
3.2044	-0.0419274
3.21438	-0.04219
3.22436	-0.0424534
3.23435	-0.0427177
3.24433	-0.0429828
3.25431	-0.0432488
3.26429	-0.0435156
3.27427	-0.0437832
3.28426	-0.0440516
3.29424	-0.0443209
3.30422	-0.044591
3.3142	-0.0448619
3.32418	-0.0451336
3.33417	-0.0454062
3.34415	-0.0456796
3.35413	-0.0459539
3.36411	-0.046229
3.37409	-0.0465049
3.38408	-0.0467816
3.39406	-0.0470592
3.40404	-0.0473376
3.41402	-0.0476168
3.424	-0.0478969
3.43399	-0.0481778
3.44397	-0.0484595
3.45395	-0.0487421
3.46393	-0.0490254
3.47391	-0.0493097
3.4839	-0.0495947
3.49388	-0.0498806
3.50386	-0.0501673
3.51384	-0.0504549
3.52382	-0.0507433
3.53381	-0.0510325
3.54379	-0.0513225
3.55377	-0.0516134
3.56375	-0.0519051
3.57373	-0.0521977
3.58372	-0.0524911
3.5937	-0.0527853
3.60368	-0.0530803
3.61366	-0.0533762
3.62364	-0.0536729
3.63363	-0.0539705
3.64361	-0.0542689
3.65359	-0.0545681
3.66357	-0.0548681
3.67355	-0.055169
3.68354	-0.0554708
3.69352	-0.0557733
3.7035	-0.0560767
3.71348	-0.0563809
3.72346	-0.056686
3.73345	-0.0569919
3.74343	-0.0572986
3.75341	-0.0576062
3.76339	-0.0579146
3.77337	-0.0582239
3.78336	-0.0585339
3.79334	-0.0588449
3.80332	-0.0591566
3.8133	-0.0594692
3.82328	-0.0597826
3.83327	-0.0600969
3.84325	-0.060412
3.85323	-0.0607279
3.86321	-0.0610447
3.87319	-0.0613623
3.88318	-0.0616807
3.89316	-0.062
3.90314	-0.0623201
3.91312	-0.0626411
3.9231	-0.0629629
3.93309	-0.0632855
3.94307	-0.063609
3.95305	-0.0639333
3.96303	-0.0642585
3.97301	-0.0645845
3.983	-0.0649113
3.99298	-0.0652389
4.00296	-0.0655675
4.01294	-0.0658968
4.02292	-0.066227
4.03291	-0.066558
4.04289	-0.0668899
4.05287	-0.0672226
4.06285	-0.0675561
4.07283	-0.0678905
4.08282	-0.0682257
4.0928	-0.0685618
4.10278	-0.0688987
4.11276	-0.0692364
4.12274	-0.069575
4.13273	-0.0699144
4.14271	-0.0702547
4.15269	-0.0705958
4.16267	-0.0709378
4.17265	-0.0712806
4.18264	-0.0716242
4.19262	-0.0719687
4.2026	-0.072314
4.21258	-0.0726601
4.22256	-0.0730071
4.23255	-0.073355
4.24253	-0.0737037
4.25251	-0.0740532
4.26249	-0.0744036
4.27247	-0.0747548
4.28246	-0.0751068
4.29244	-0.0754597
4.30242	-0.0758135
4.3124	-0.0761681
4.32238	-0.0765235
4.33237	-0.0768798
4.34235	-0.0772369
4.35233	-0.0775948
4.36231	-0.0779536
4.37229	-0.0783133
4.38228	-0.0786738
4.39226	-0.0790351
4.40224	-0.0793973
4.41222	-0.0797604
4.4222	-0.0801242
4.43219	-0.080489
4.44217	-0.0808545
4.45215	-0.0812209
4.46213	-0.0815882
4.47211	-0.0819563
4.4821	-0.0823252
4.49208	-0.082695
4.50206	-0.0830657
4.51204	-0.0834372
4.52202	-0.0838095
4.53201	-0.0841827
4.54199	-0.0845567
4.55197	-0.0849316
4.56195	-0.0853073
4.57193	-0.0856839
4.58192	-0.0860613
4.5919	-0.0864396
4.60188	-0.0868187
4.61186	-0.0871987
4.62184	-0.0875795
4.63183	-0.0879612
4.64181	-0.0883437
4.65179	-0.088727
4.66177	-0.0891112
4.67175	-0.0894963
4.68174	-0.0898822
4.69172	-0.090269
4.7017	-0.0906566
4.71168	-0.091045
4.72166	-0.0914343
4.73165	-0.0918245
4.74163	-0.0922155
4.75161	-0.0926074
4.76159	-0.0930001
4.77157	-0.0933936
4.78156	-0.0937881
4.79154	-0.0941833
4.80152	-0.0945794
4.8115	-0.0949764
4.82148	-0.0953742
4.83147	-0.0957729
4.84145	-0.0961724
4.85143	-0.0965728
4.86141	-0.096974
4.87139	-0.0973761
4.88138	-0.097779
4.89136	-0.0981828
4.90134	-0.0985874
4.91132	-0.0989929
4.9213	-0.0993993
4.93129	-0.0998065
4.94127	-0.100215
4.95125	-0.100623
4.96123	-0.101033
4.97121	-0.101444
4.9812	-0.101855
4.99118	-0.102268
5.00116	-0.102681
5.01114	-0.103095
5.02112	-0.10351
5.03111	-0.103925
5.04109	-0.104342
5.05107	-0.10476
5.06105	-0.105178
5.07103	-0.105597
5.08102	-0.106017
5.091	-0.106438
5.10098	-0.10686
5.11096	-0.107282
5.12094	-0.107706
5.13093	-0.10813
5.14091	-0.108555
5.15089	-0.108981
5.16087	-0.109408
5.17085	-0.109836
5.18084	-0.110264
5.19082	-0.110694
5.2008	-0.111124
5.21078	-0.111555
5.22076	-0.111987
5.23075	-0.11242
5.24073	-0.112854
5.25071	-0.113289
5.26069	-0.113724
5.27067	-0.11416
5.28066	-0.114598
5.29064	-0.115036
5.30062	-0.115475
5.3106	-0.115914
5.32058	-0.116355
5.33057	-0.116796
5.34055	-0.117239
5.35053	-0.117682
5.36051	-0.118126
5.37049	-0.118571
5.38048	-0.119017
5.39046	-0.119463
5.40044	-0.119911
5.41042	-0.120359
5.4204	-0.120809
5.43039	-0.121259
5.44037	-0.12171
5.45035	-0.122162
5.46033	-0.122614
5.47031	-0.123068
5.4803	-0.123522
5.49028	-0.123977
5.50026	-0.124434
5.51024	-0.124891
5.52022	-0.125349
5.53021	-0.125807
5.54019	-0.126267
5.55017	-0.126727
5.56015	-0.127189
5.57013	-0.127651
5.58012	-0.128114
5.5901	-0.128578
5.60008	-0.129043
5.61006	-0.129508
5.62004	-0.129975
5.63003	-0.130442
5.64001	-0.130911
5.64999	-0.13138
5.65997	-0.13185
5.66995	-0.132321
5.67994	-0.132792
5.68992	-0.133265
5.6999	-0.133738
5.70988	-0.134213
5.71986	-0.134688
5.72985	-0.135164
5.73983	-0.135641
5.74981	-0.136119
5.75979	-0.136598
5.76977	-0.137077
5.77976	-0.137558
5.78974	-0.138039
5.79972	-0.138521
5.8097	-0.139004
5.81968	-0.139488
5.82967	-0.139973
5.83965	-0.140458
5.84963	-0.140945
5.85961	-0.141432
5.86959	-0.141921
5.87958	-0.14241
5.88956	-0.1429
5.89954	-0.143391
5.90952	-0.143882
5.9195	-0.144375
5.92949	-0.144868
5.93947	-0.145363
5.94945	-0.145858
5.95943	-0.146354
5.96941	-0.146851
5.9794	-0.147349
5.98938	-0.147848
5.99936	-0.148347
6.00934	-0.148848
6.01932	-0.149349
6.02931	-0.149851
6.03929	-0.150355
6.04927	-0.150859
6.05925	-0.151363
6.06923	-0.151869
6.07922	-0.152376
6.0892	-0.152883
6.09918	-0.153392
6.10916	-0.153901
6.11914	-0.154411
6.12913	-0.154922
6.13911	-0.155434
6.14909	-0.155947
6.15907	-0.15646
6.16905	-0.156975
6.17904	-0.15749
6.18902	-0.158006
6.199	-0.158523
6.20898	-0.159041
6.21896	-0.15956
6.22895	-0.16008
6.23893	-0.160601
6.24891	-0.161122
6.25889	-0.161645
6.26887	-0.162168
6.27886	-0.162692
6.28884	-0.163217
6.29882	-0.163743
6.3088	-0.16427
6.31878	-0.164798
6.32877	-0.165326
6.33875	-0.165856
6.34873	-0.166386
6.35871	-0.166917
6.36869	-0.167449
6.37868	-0.167982
6.38866	-0.168516
6.39864	-0.169051
6.40862	-0.169587
6.4186	-0.170123
6.42859	-0.17066
6.43857	-0.171199
6.44855	-0.171738
6.45853	-0.172278
6.46851	-0.172819
6.4785	-0.173361
6.48848	-0.173903
6.49846	-0.174447
6.50844	-0.174992
6.51842	-0.175537
6.52841	-0.176083
6.53839	-0.17663
6.54837	-0.177178
6.55835	-0.177727
6.56833	-0.178277
6.57832	-0.178828
6.5883	-0.179379
6.59828	-0.179932
6.60826	-0.180485
6.61824	-0.181039
6.62823	-0.181594
6.63821	-0.18215
6.64819	-0.182707
6.65817	-0.183265
6.66815	-0.183824
6.67814	-0.184383
6.68812	-0.184944
6.6981	-0.185505
6.70808	-0.186067
6.71806	-0.18663
6.72805	-0.187194
6.73803	-0.187759
6.74801	-0.188325
6.75799	-0.188892
6.76797	-0.189459
6.77796	-0.190028
6.78794	-0.190597
6.79792	-0.191167
6.8079	-0.191739
6.81788	-0.192311
6.82787	-0.192883
6.83785	-0.193457
6.84783	-0.194032
6.85781	-0.194608
6.86779	-0.195184
6.87778	-0.195761
6.88776	-0.19634
6.89774	-0.196919
6.90772	-0.197499
6.9177	-0.19808
6.92769	-0.198662
6.93767	-0.199245
6.94765	-0.199828
6.95763	-0.200413
6.96761	-0.200998
6.9776	-0.201585
6.98758	-0.202172
6.99756	-0.20276
7.00754	-0.203349
7.01752	-0.203939
7.02751	-0.20453
7.03749	-0.205121
7.04747	-0.205714
7.05745	-0.206308
7.06743	-0.206902
7.07742	-0.207497
7.0874	-0.208094
7.09738	-0.208691
7.10736	-0.209289
7.11734	-0.209888
7.12733	-0.210487
7.13731	-0.211088
7.14729	-0.21169
7.15727	-0.212292
7.16725	-0.212896
7.17724	-0.2135
7.18722	-0.214105
7.1972	-0.214711
7.20718	-0.215318
7.21716	-0.215926
7.22715	-0.216535
7.23713	-0.217145
7.24711	-0.217755
7.25709	-0.218367
7.26707	-0.218979
7.27706	-0.219593
7.28704	-0.220207
7.29702	-0.220822
7.307	-0.221438
7.31698	-0.222055
7.32697	-0.222673
7.33695	-0.223292
7.34693	-0.223911
7.35691	-0.224532
7.36689	-0.225154
7.37688	-0.225776
7.38686	-0.226399
7.39684	-0.227023
7.40682	-0.227649
7.4168	-0.228275
7.42679	-0.228901
7.43677	-0.229529
7.44675	-0.230158
7.45673	-0.230788
7.46671	-0.231418
7.4767	-0.23205
7.48668	-0.232682
7.49666	-0.233315
7.50664	-0.23395
7.51662	-0.234585
7.52661	-0.235221
7.53659	-0.235858
7.54657	-0.236495
7.55655	-0.237134
7.56653	-0.237774
7.57652	-0.238414
7.5865	-0.239056
7.59648	-0.239698
7.60646	-0.240342
7.61644	-0.240986
7.62643	-0.241631
7.63641	-0.242277
7.64639	-0.242924
7.65637	-0.243572
7.66635	-0.244221
7.67634	-0.24487
7.68632	-0.245521
7.6963	-0.246172
7.70628	-0.246825
7.71626	-0.247478
7.72625	-0.248133
7.73623	-0.248788
7.74621	-0.249444
7.75619	-0.250101
7.76617	-0.250759
7.77616	-0.251418
7.78614	-0.252077
7.79612	-0.252738
7.8061	-0.2534
7.81608	-0.254062
7.82607	-0.254726
7.83605	-0.25539
7.84603	-0.256055
7.85601	-0.256721
7.86599	-0.257389
7.87598	-0.258057
7.88596	-0.258726
7.89594	-0.259395
7.90592	-0.260066
7.9159	-0.260738
7.92589	-0.26141
7.93587	-0.262084
7.94585	-0.262759
7.95583	-0.263434
7.96581	-0.26411
7.9758	-0.264787
7.98578	-0.265466
7.99576	-0.266145
8.00574	-0.266825
8.01572	-0.267506
8.02571	-0.268187
8.03569	-0.26887
8.04567	-0.269554
8.05565	-0.270239
8.06563	-0.270924
8.07562	-0.271611
8.0856	-0.272298
8.09558	-0.272986
8.10556	-0.273676
8.11554	-0.274366
8.12553	-0.275057
8.13551	-0.275749
8.14549	-0.276442
8.15547	-0.277136
8.16545	-0.277831
8.17544	-0.278526
8.18542	-0.279223
8.1954	-0.27992
8.20538	-0.280619
8.21536	-0.281318
8.22535	-0.282019
8.23533	-0.28272
8.24531	-0.283422
8.25529	-0.284126
8.26527	-0.28483
8.27526	-0.285535
8.28524	-0.286241
8.29522	-0.286947
8.3052	-0.287655
8.31518	-0.288364
8.32517	-0.289074
8.33515	-0.289784
8.34513	-0.290496
8.35511	-0.291208
8.36509	-0.291922
8.37508	-0.292636
8.38506	-0.293351
8.39504	-0.294068
8.40502	-0.294785
8.415	-0.295503
8.42498	-0.296222
8.43497	-0.296942
8.44495	-0.297663
8.45493	-0.298384
8.46491	-0.299107
8.47489	-0.299831
8.48488	-0.300556
8.49486	-0.301281
8.50484	-0.302008
8.51482	-0.302735
8.5248	-0.303463
8.53479	-0.304193
8.54477	-0.304923
8.55475	-0.305654
8.56473	-0.306386
8.57471	-0.307119
8.5847	-0.307853
8.59468	-0.308588
8.60466	-0.309324
8.61464	-0.310061
8.62462	-0.310799
8.63461	-0.311537
8.64459	-0.312277
8.65457	-0.313018
8.66455	-0.313759
8.67453	-0.314502
8.68452	-0.315245
8.6945	-0.315989
8.70448	-0.316735
8.71446	-0.317481
8.72444	-0.318228
8.73443	-0.318976
8.74441	-0.319725
8.75439	-0.320475
8.76437	-0.321226
8.77435	-0.321978
8.78434	-0.322731
8.79432	-0.323485
8.8043	-0.32424
8.81428	-0.324995
8.82426	-0.325752
8.83425	-0.32651
8.84423	-0.327268
8.85421	-0.328028
8.86419	-0.328788
8.87417	-0.329549
8.88416	-0.330312
8.89414	-0.331075
8.90412	-0.331839
8.9141	-0.332604
8.92408	-0.33337
8.93407	-0.334137
8.94405	-0.334905
8.95403	-0.335674
8.96401	-0.336444
8.97399	-0.337215
8.98398	-0.337987
8.99396	-0.33876
9.00394	-0.339533
9.01392	-0.340308
9.0239	-0.341084
9.03389	-0.34186
9.04387	-0.342638
9.05385	-0.343416
9.06383	-0.344196
9.07381	-0.344976
9.0838	-0.345757
9.09378	-0.34654
9.10376	-0.347323
9.11374	-0.348107
9.12372	-0.348892
9.13371	-0.349678
9.14369	-0.350466
9.15367	-0.351254
9.16365	-0.352043
9.17363	-0.352833
9.18362	-0.353623
9.1936	-0.354415
9.20358	-0.355208
9.21356	-0.356002
9.22354	-0.356797
9.23353	-0.357592
9.24351	-0.358389
9.25349	-0.359187
9.26347	-0.359985
9.27345	-0.360785
9.28344	-0.361585
9.29342	-0.362387
9.3034	-0.363189
9.31338	-0.363992
9.32336	-0.364797
9.33335	-0.365602
9.34333	-0.366408
9.35331	-0.367215
9.36329	-0.368024
9.37327	-0.368833
9.38326	-0.369643
9.39324	-0.370454
9.40322	-0.371266
9.4132	-0.372079
9.42318	-0.372893
9.43317	-0.373708
9.44315	-0.374524
9.45313	-0.375341
9.46311	-0.376158
9.47309	-0.376977
9.48308	-0.377797
9.49306	-0.378618
9.50304	-0.379439
9.51302	-0.380262
9.523	-0.381086
9.53299	-0.38191
9.54297	-0.382736
9.55295	-0.383562
9.56293	-0.38439
9.57291	-0.385218
9.5829	-0.386048
9.59288	-0.386878
9.60286	-0.387709
9.61284	-0.388542
9.62282	-0.389375
9.63281	-0.390209
9.64279	-0.391045
9.65277	-0.391881
9.66275	-0.392718
9.67273	-0.393556
9.68272	-0.394395
9.6927	-0.395236
9.70268	-0.396077
9.71266	-0.396919
9.72264	-0.397762
9.73263	-0.398606
9.74261	-0.399451
9.75259	-0.400297
9.76257	-0.401144
9.77255	-0.401992
9.78254	-0.402841
9.79252	-0.40369
9.8025	-0.404541
9.81248	-0.405393
9.82246	-0.406246
9.83245	-0.4071
9.84243	-0.407955
9.85241	-0.40881
9.86239	-0.409667
9.87237	-0.410525
9.88236	-0.411383
9.89234	-0.412243
9.90232	-0.413104
9.9123	-0.413965
9.92228	-0.414828
9.93227	-0.415691
9.94225	-0.416556
9.95223	-0.417422
9.96221	-0.418288
9.97219	-0.419156
9.98218	-0.420024
9.99216	-0.420894
10.0021	-0.421764
10.0121	-0.422635
10.0221	-0.423508
10.0321	-0.424381
10.0421	-0.425256
10.0521	-0.426131
10.062	-0.427007
10.072	-0.427885
10.082	-0.428763
10.092	-0.429642
10.102	-0.430523
10.1119	-0.431404
10.1219	-0.432286
10.1319	-0.43317
10.1419	-0.434054
10.1519	-0.434939
10.1619	-0.435825
10.1718	-0.436713
10.1818	-0.437601
10.1918	-0.43849
10.2018	-0.43938
10.2118	-0.440271
10.2217	-0.441163
10.2317	-0.442057
10.2417	-0.442951
10.2517	-0.443846
10.2617	-0.444742
10.2717	-0.445639
10.2816	-0.446537
10.2916	-0.447436
10.3016	-0.448337
10.3116	-0.449238
10.3216	-0.45014
10.3315	-0.451043
10.3415	-0.451947
10.3515	-0.452852
10.3615	-0.453758
10.3715	-0.454665
10.3815	-0.455573
10.3914	-0.456482
10.4014	-0.457392
10.4114	-0.458303
10.4214	-0.459215
10.4314	-0.460129
10.4413	-0.461043
10.4513	-0.461958
10.4613	-0.462874
10.4713	-0.463791
10.4813	-0.464709
10.4913	-0.465628
10.5012	-0.466548
10.5112	-0.467469
10.5212	-0.468391
10.5312	-0.469314
10.5412	-0.470238
10.5512	-0.471163
10.5611	-0.472089
10.5711	-0.473016
10.5811	-0.473944
10.5911	-0.474873
10.6011	-0.475803
10.611	-0.476734
10.621	-0.477667
10.631	-0.4786
10.641	-0.479534
10.651	-0.480469
10.661	-0.481405
10.6709	-0.482342
10.6809	-0.48328
10.6909	-0.484219
10.7009	-0.485159
10.7109	-0.486101
10.7208	-0.487043
10.7308	-0.487986
10.7408	-0.48893
10.7508	-0.489875
10.7608	-0.490821
10.7708	-0.491768
10.7807	-0.492717
10.7907	-0.493666
10.8007	-0.494616
10.8107	-0.495567
10.8207	-0.49652
10.8306	-0.497473
10.8406	-0.498427
10.8506	-0.499382
10.8606	-0.500339
10.8706	-0.501296
10.8806	-0.502254
10.8905	-0.503213
10.9005	-0.504174
10.9105	-0.505135
10.9205	-0.506098
10.9305	-0.507061
10.9404	-0.508025
10.9504	-0.508991
10.9604	-0.509957
10.9704	-0.510925
10.9804	-0.511893
10.9904	-0.512863
11.0003	-0.513833
11.0103	-0.514805
11.0203	-0.515777
11.0303	-0.516751
11.0403	-0.517725
11.0503	-0.518701
11.0602	-0.519677
11.0702	-0.520655
11.0802	-0.521634
11.0902	-0.522613
11.1002	-0.523594
11.1101	-0.524576
11.1201	-0.525558
11.1301	-0.526542
11.1401	-0.527527
11.1501	-0.528513
11.1601	-0.5295
11.17	-0.530487
11.18	-0.531476
11.19	-0.532466
11.2	-0.533457
11.21	-0.534449
11.2199	-0.535442
11.2299	-0.536436
11.2399	-0.537431
11.2499	-0.538427
11.2599	-0.539424
11.2699	-0.540422
11.2798	-0.541421
11.2898	-0.542422
11.2998	-0.543423
11.3098	-0.544425
11.3198	-0.545428
11.3297	-0.546432
11.3397	-0.547438
11.3497	-0.548444
11.3597	-0.549451
11.3697	-0.55046
11.3797	-0.551469
11.3896	-0.55248
11.3996	-0.553491
11.4096	-0.554504
11.4196	-0.555517
11.4296	-0.556532
11.4395	-0.557547
11.4495	-0.558564
11.4595	-0.559582
11.4695	-0.5606
11.4795	-0.56162
11.4895	-0.562641
11.4994	-0.563663
11.5094	-0.564686
11.5194	-0.56571
11.5294	-0.566735
11.5394	-0.56776
11.5493	-0.568787
11.5593	-0.569816
11.5693	-0.570845
11.5793	-0.571875
11.5893	-0.572906
11.5993	-0.573938
11.6092	-0.574971
11.6192	-0.576006
11.6292	-0.577041
11.6392	-0.578077
11.6492	-0.579115
11.6592	-0.580153
11.6691	-0.581193
11.6791	-0.582233
11.6891	-0.583275
11.6991	-0.584317
11.7091	-0.585361
11.719	-0.586406
11.729	-0.587451
11.739	-0.588498
11.749	-0.589546
11.759	-0.590595
11.769	-0.591645
11.7789	-0.592696
11.7889	-0.593748
11.7989	-0.594801
11.8089	-0.595855
11.8189	-0.59691
11.8288	-0.597966
11.8388	-0.599023
11.8488	-0.600082
11.8588	-0.601141
11.8688	-0.602201
11.8788	-0.603263
11.8887	-0.604325
11.8987	-0.605389
11.9087	-0.606454
11.9187	-0.607519
11.9287	-0.608586
11.9386	-0.609654
11.9486	-0.610722
11.9586	-0.611792
11.9686	-0.612863
11.9786	-0.613935
11.9886	-0.615008
11.9985	-0.616082
12.0085	-0.617157
12.0185	-0.618233
12.0285	-0.619311
12.0385	-0.620389
12.0484	-0.621468
12.0584	-0.622549
12.0684	-0.62363
12.0784	-0.624713
12.0884	-0.625796
12.0984	-0.626881
12.1083	-0.627966
12.1183	-0.629053
12.1283	-0.630141
12.1383	-0.63123
12.1483	-0.63232
12.1583	-0.633411
12.1682	-0.634503
12.1782	-0.635596
12.1882	-0.63669
12.1982	-0.637785
12.2082	-0.638882
12.2181	-0.639979
12.2281	-0.641077
12.2381	-0.642177
12.2481	-0.643277
12.2581	-0.644379
12.2681	-0.645481
12.278	-0.646585
12.288	-0.64769
12.298	-0.648796
12.308	-0.649903
12.318	-0.651011
12.3279	-0.65212
12.3379	-0.65323
12.3479	-0.654341
12.3579	-0.655453
12.3679	-0.656567
12.3779	-0.657681
12.3878	-0.658796
12.3978	-0.659913
12.4078	-0.661031
12.4178	-0.662149
12.4278	-0.663269
12.4377	-0.66439
12.4477	-0.665512
12.4577	-0.666635
12.4677	-0.667759
12.4777	-0.668884
12.4877	-0.67001
12.4976	-0.671137
12.5076	-0.672265
12.5176	-0.673395
12.5276	-0.674525
12.5376	-0.675657
12.5475	-0.676789
12.5575	-0.677923
12.5675	-0.679058
12.5775	-0.680193
12.5875	-0.68133
12.5975	-0.682468
12.6074	-0.683607
12.6174	-0.684748
12.6274	-0.685889
12.6374	-0.687031
12.6474	-0.688174
12.6574	-0.689319
12.6673	-0.690464
12.6773	-0.691611
12.6873	-0.692759
12.6973	-0.693907
12.7073	-0.695057
12.7172	-0.696208
12.7272	-0.69736
12.7372	-0.698513
12.7472	-0.699667
12.7572	-0.700823
12.7672	-0.701979
12.7771	-0.703136
12.7871	-0.704295
12.7971	-0.705454
12.8071	-0.706615
12.8171	-0.707777
12.827	-0.70894
12.837	-0.710104
12.847	-0.711269
12.857	-0.712435
12.867	-0.713602
12.877	-0.71477
12.8869	-0.71594
12.8969	-0.71711
12.9069	-0.718282
12.9169	-0.719454
12.9269	-0.720628
12.9368	-0.721803
12.9468	-0.722979
12.9568	-0.724156
12.9668	-0.725334
12.9768	-0.726513
12.9868	-0.727693
12.9967	-0.728874
13.0067	-0.730057
13.0167	-0.73124
13.0267	-0.732425
13.0367	-0.733611
13.0466	-0.734797
13.0566	-0.735985
13.0666	-0.737174
13.0766	-0.738364
13.0866	-0.739556
13.0966	-0.740748
13.1065	-0.741941
13.1165	-0.743136
13.1265	-0.744331
13.1365	-0.745528
13.1465	-0.746726
13.1565	-0.747925
13.1664	-0.749125
13.1764	-0.750326
13.1864	-0.751528
13.1964	-0.752731
13.2064	-0.753936
13.2163	-0.755141
13.2263	-0.756348
13.2363	-0.757555
13.2463	-0.758764
13.2563	-0.759974
13.2663	-0.761185
13.2762	-0.762397
13.2862	-0.76361
13.2962	-0.764824
13.3062	-0.76604
13.3162	-0.767256
13.3261	-0.768474
13.3361	-0.769692
13.3461	-0.770912
13.3561	-0.772133
13.3661	-0.773355
13.3761	-0.774578
13.386	-0.775803
13.396	-0.777028
13.406	-0.778254
13.416	-0.779482
13.426	-0.780711
13.4359	-0.78194
13.4459	-0.783171
13.4559	-0.784403
13.4659	-0.785636
13.4759	-0.78687
13.4859	-0.788106
13.4958	-0.789342
13.5058	-0.79058
13.5158	-0.791818
13.5258	-0.793058
13.5358	-0.794299
13.5457	-0.795541
13.5557	-0.796784
13.5657	-0.798028
13.5757	-0.799274
13.5857	-0.80052
13.5957	-0.801768
13.6056	-0.803016
13.6156	-0.804266
13.6256	-0.805517
13.6356	-0.806769
13.6456	-0.808022
13.6556	-0.809276
13.6655	-0.810532
13.6755	-0.811788
13.6855	-0.813046
13.6955	-0.814305
13.7055	-0.815565
13.7154	-0.816826
13.7254	-0.818088
13.7354	-0.819351
13.7454	-0.820615
13.7554	-0.821881
13.7654	-0.823147
13.7753	-0.824415
13.7853	-0.825684
13.7953	-0.826954
13.8053	-0.828225
13.8153	-0.829497
13.8252	-0.83077
13.8352	-0.832045
13.8452	-0.83332
13.8552	-0.834597
13.8652	-0.835875
13.8752	-0.837154
13.8851	-0.838434
13.8951	-0.839715
13.9051	-0.840997
13.9151	-0.842281
13.9251	-0.843565
13.935	-0.844851
13.945	-0.846138
13.955	-0.847426
13.965	-0.848715
13.975	-0.850005
13.985	-0.851297
13.9949	-0.852589
14.0049	-0.853883
14.0149	-0.855177
14.0249	-0.856473
14.0349	-0.85777
14.0448	-0.859069
14.0548	-0.860368
14.0648	-0.861668
14.0748	-0.86297
14.0848	-0.864272
14.0948	-0.865576
14.1047	-0.866881
14.1147	-0.868187
14.1247	-0.869495
14.1347	-0.870803
14.1447	-0.872112
14.1547	-0.873423
14.1646	-0.874735
14.1746	-0.876048
14.1846	-0.877362
14.1946	-0.878677
14.2046	-0.879993
14.2145	-0.881311
14.2245	-0.882629
14.2345	-0.883949
14.2445	-0.88527
14.2545	-0.886592
14.2645	-0.887915
14.2744	-0.88924
14.2844	-0.890565
14.2944	-0.891892
14.3044	-0.893219
14.3144	-0.894548
14.3243	-0.895878
14.3343	-0.897209
14.3443	-0.898542
14.3543	-0.899875
14.3643	-0.90121
14.3743	-0.902546
14.3842	-0.903882
14.3942	-0.905221
14.4042	-0.90656
14.4142	-0.9079
14.4242	-0.909242
14.4341	-0.910584
14.4441	-0.911928
14.4541	-0.913273
14.4641	-0.914619
14.4741	-0.915966
14.4841	-0.917315
14.494	-0.918664
14.504	-0.920015
14.514	-0.921367
14.524	-0.92272
14.534	-0.924074
14.5439	-0.925429
14.5539	-0.926786
14.5639	-0.928143
14.5739	-0.929502
14.5839	-0.930862
14.5939	-0.932223
14.6038	-0.933585
14.6138	-0.934949
14.6238	-0.936313
14.6338	-0.937679
14.6438	-0.939046
14.6538	-0.940414
14.6637	-0.941783
14.6737	-0.943153
14.6837	-0.944525
14.6937	-0.945897
14.7037	-0.947271
14.7136	-0.948646
14.7236	-0.950022
14.7336	-0.951399
14.7436	-0.952778
14.7536	-0.954157
14.7636	-0.955538
14.7735	-0.95692
14.7835	-0.958303
14.7935	-0.959687
14.8035	-0.961073
14.8135	-0.962459
14.8234	-0.963847
14.8334	-0.965236
14.8434	-0.966626
14.8534	-0.968017
14.8634	-0.96941
14.8734	-0.970803
14.8833	-0.972198
14.8933	-0.973594
14.9033	-0.974991
14.9133	-0.976389
14.9233	-0.977788
14.9332	-0.979189
14.9432	-0.980591
14.9532	-0.981994
14.9632	-0.983398
14.9732	-0.984803
14.9832	-0.986209
14.9931	-0.987617
15.0031	-0.989026
15.0131	-0.990436
15.0231	-0.991847
15.0331	-0.993259
15.043	-0.994672
15.053	-0.996087
15.063	-0.997503
15.073	-0.99892
15.083	-1.00034
15.093	-1.00176
15.1029	-1.00318
15.1129	-1.0046
15.1229	-1.00602
15.1329	-1.00745
15.1429	-1.00887
15.1529	-1.0103
15.1628	-1.01173
15.1728	-1.01315
15.1828	-1.01458
15.1928	-1.01601
15.2028	-1.01745
15.2127	-1.01888
15.2227	-1.02032
15.2327	-1.02175
15.2427	-1.02319
15.2527	-1.02463
15.2627	-1.02607
15.2726	-1.02751
15.2826	-1.02895
15.2926	-1.03039
15.3026	-1.03183
15.3126	-1.03328
15.3225	-1.03473
15.3325	-1.03617
15.3425	-1.03762
15.3525	-1.03907
15.3625	-1.04052
15.3725	-1.04198
15.3824	-1.04343
15.3924	-1.04488
15.4024	-1.04634
15.4124	-1.0478
15.4224	-1.04926
15.4323	-1.05072
15.4423	-1.05218
15.4523	-1.05364
15.4623	-1.0551
15.4723	-1.05656
15.4823	-1.05803
15.4922	-1.0595
15.5022	-1.06096
15.5122	-1.06243
15.5222	-1.0639
15.5322	-1.06538
15.5421	-1.06685
15.5521	-1.06832
15.5621	-1.0698
15.5721	-1.07127
15.5821	-1.07275
15.5921	-1.07423
15.602	-1.07571
15.612	-1.07719
15.622	-1.07867
15.632	-1.08015
15.642	-1.08164
15.652	-1.08312
15.6619	-1.08461
15.6719	-1.0861
15.6819	-1.08759
15.6919	-1.08908
15.7019	-1.09057
15.7118	-1.09206
15.7218	-1.09356
15.7318	-1.09505
15.7418	-1.09655
15.7518	-1.09805
15.7618	-1.09955
15.7717	-1.10105
15.7817	-1.10255
15.7917	-1.10405
15.8017	-1.10555
15.8117	-1.10706
15.8216	-1.10857
15.8316	-1.11007
15.8416	-1.11158
15.8516	-1.11309
15.8616	-1.1146
15.8716	-1.11611
15.8815	-1.11763
15.8915	-1.11914
15.9015	-1.12066
15.9115	-1.12217
15.9215	-1.12369
15.9314	-1.12521
15.9414	-1.12673
15.9514	-1.12825
15.9614	-1.12978
15.9714	-1.1313
15.9814	-1.13283
15.9913	-1.13435
16.0013	-1.13588
16.0113	-1.13741
16.0213	-1.13894
16.0313	-1.14047
16.0412	-1.142
16.0512	-1.14354
16.0612	-1.14507
16.0712	-1.14661
16.0812	-1.14815
16.0912	-1.14969
16.1011	-1.15123
16.1111	-1.15277
16.1211	-1.15431
16.1311	-1.15585
16.1411	-1.1574
16.1511	-1.15894
16.161	-1.16049
16.171	-1.16204
16.181	-1.16359
16.191	-1.16514
16.201	-1.16669
16.2109	-1.16825
16.2209	-1.1698
16.2309	-1.17136
16.2409	-1.17291
16.2509	-1.17447
16.2609	-1.17603
16.2708	-1.17759
16.2808	-1.17915
16.2908	-1.18072
16.3008	-1.18228
16.3108	-1.18385
16.3207	-1.18541
16.3307	-1.18698
16.3407	-1.18855
16.3507	-1.19012
16.3607	-1.19169
16.3707	-1.19327
16.3806	-1.19484
16.3906	-1.19641
16.4006	-1.19799
16.4106	-1.19957
16.4206	-1.20115
16.4305	-1.20273
16.4405	-1.20431
16.4505	-1.20589
16.4605	-1.20748
16.4705	-1.20906
16.4805	-1.21065
16.4904	-1.21224
16.5004	-1.21382
16.5104	-1.21541
16.5204	-1.21701
16.5304	-1.2186
16.5403	-1.22019
16.5503	-1.22179
16.5603	-1.22338
16.5703	-1.22498
16.5803	-1.22658
16.5903	-1.22818
16.6002	-1.22978
16.6102	-1.23138
16.6202	-1.23299
16.6302	-1.23459
16.6402	-1.2362
16.6502	-1.2378
16.6601	-1.23941
16.6701	-1.24102
16.6801	-1.24263
16.6901	-1.24425
16.7001	-1.24586
16.71	-1.24747
16.72	-1.24909
16.73	-1.25071
16.74	-1.25233
16.75	-1.25395
16.76	-1.25557
16.7699	-1.25719
16.7799	-1.25881
16.7899	-1.26044
16.7999	-1.26206
16.8099	-1.26369
16.8198	-1.26532
16.8298	-1.26695
16.8398	-1.26858
16.8498	-1.27021
16.8598	-1.27184
16.8698	-1.27348
16.8797	-1.27511
16.8897	-1.27675
16.8997	-1.27839
16.9097	-1.28003
16.9197	-1.28167
16.9296	-1.28331
16.9396	-1.28496
16.9496	-1.2866
16.9596	-1.28825
16.9696	-1.28989
16.9796	-1.29154
16.9895	-1.29319
16.9995	-1.29484
17.0095	-1.29649
17.0195	-1.29815
17.0295	-1.2998
17.0394	-1.30146
17.0494	-1.30311
17.0594	-1.30477
17.0694	-1.30643
17.0794	-1.30809
17.0894	-1.30976
17.0993	-1.31142
17.1093	-1.31308
17.1193	-1.31475
17.1293	-1.31642
17.1393	-1.31808
17.1492	-1.31975
17.1592	-1.32143
17.1692	-1.3231
17.1792	-1.32477
17.1892	-1.32645
17.1992	-1.32812
17.2091	-1.3298
17.2191	-1.33148
17.2291	-1.33316
17.2391	-1.33484
17.2491	-1.33652
17.2591	-1.3382
17.269	-1.33989
17.279	-1.34157
17.289	-1.34326
17.299	-1.34495
17.309	-1.34664
17.3189	-1.34833
17.3289	-1.35002
17.3389	-1.35171
17.3489	-1.35341
17.3589	-1.35511
17.3689	-1.3568
17.3788	-1.3585
17.3888	-1.3602
17.3988	-1.3619
17.4088	-1.3636
17.4188	-1.36531
17.4287	-1.36701
17.4387	-1.36872
17.4487	-1.37043
17.4587	-1.37214
17.4687	-1.37385
17.4787	-1.37556
17.4886	-1.37727
17.4986	-1.37898
17.5086	-1.3807
17.5186	-1.38241
17.5286	-1.38413
17.5385	-1.38585
17.5485	-1.38757
17.5585	-1.38929
17.5685	-1.39101
17.5785	-1.39274
17.5885	-1.39446
17.5984	-1.39619
17.6084	-1.39792
17.6184	-1.39965
17.6284	-1.40138
17.6384	-1.40311
17.6483	-1.40484
17.6583	-1.40657
17.6683	-1.40831
17.6783	-1.41005
17.6883	-1.41178
17.6983	-1.41352
17.7082	-1.41526
17.7182	-1.41701
17.7282	-1.41875
17.7382	-1.42049
17.7482	-1.42224
17.7582	-1.42398
17.7681	-1.42573
17.7781	-1.42748
17.7881	-1.42923
17.7981	-1.43098
17.8081	-1.43274
17.818	-1.43449
17.828	-1.43625
17.838	-1.43801
17.848	-1.43976
17.858	-1.44152
17.868	-1.44328
17.8779	-1.44505
17.8879	-1.44681
17.8979	-1.44857
17.9079	-1.45034
17.9179	-1.45211
17.9278	-1.45388
17.9378	-1.45565
17.9478	-1.45742
17.9578	-1.45919
17.9678	-1.46096
17.9778	-1.46274
17.9877	-1.46451
17.9977	-1.46629
18.0077	-1.46807
18.0177	-1.46985
18.0277	-1.47163
18.0376	-1.47341
18.0476	-1.4752
18.0576	-1.47698
18.0676	-1.47877
18.0776	-1.48056
18.0876	-1.48235
18.0975	-1.48414
18.1075	-1.48593
18.1175	-1.48772
18.1275	-1.48952
18.1375	-1.49131
18.1474	-1.49311
18.1574	-1.49491
18.1674	-1.49671
18.1774	-1.49851
18.1874	-1.50031
18.1974	-1.50211
18.2073	-1.50392
18.2173	-1.50572
18.2273	-1.50753
18.2373	-1.50934
18.2473	-1.51115
18.2573	-1.51296
18.2672	-1.51477
18.2772	-1.51659
18.2872	-1.5184
18.2972	-1.52022
18.3072	-1.52203
18.3171	-1.52385
18.3271	-1.52567
18.3371	-1.52749
18.3471	-1.52932
18.3571	-1.53114
18.3671	-1.53297
18.377	-1.53479
18.387	-1.53662
18.397	-1.53845
18.407	-1.54028
18.417	-1.54211
18.4269	-1.54395
18.4369	-1.54578
18.4469	-1.54762
18.4569	-1.54945
18.4669	-1.55129
18.4769	-1.55313
18.4868	-1.55497
18.4968	-1.55681
18.5068	-1.55866
18.5168	-1.5605
18.5268	-1.56235
18.5367	-1.5642
18.5467	-1.56604
18.5567	-1.56789
18.5667	-1.56975
18.5767	-1.5716
18.5867	-1.57345
18.5966	-1.57531
18.6066	-1.57716
18.6166	-1.57902
18.6266	-1.58088
18.6366	-1.58274
18.6465	-1.5846
18.6565	-1.58647
18.6665	-1.58833
18.6765	-1.5902
18.6865	-1.59206
18.6965	-1.59393
18.7064	-1.5958
18.7164	-1.59767
18.7264	-1.59955
18.7364	-1.60142
18.7464	-1.60329
18.7564	-1.60517
18.7663	-1.60705
18.7763	-1.60893
18.7863	-1.61081
18.7963	-1.61269
18.8063	-1.61457
18.8162	-1.61646
18.8262	-1.61834
18.8362	-1.62023
18.8462	-1.62212
18.8562	-1.624
18.8662	-1.6259
18.8761	-1.62779
18.8861	-1.62968
18.8961	-1.63158
18.9061	-1.63347
18.9161	-1.63537
18.926	-1.63727
18.936	-1.63917
18.946	-1.64107
18.956	-1.64297
18.966	-1.64487
18.976	-1.64678
18.9859	-1.64869
18.9959	-1.65059
19.0059	-1.6525
19.0159	-1.65441
19.0259	-1.65632
19.0358	-1.65824
19.0458	-1.66015
19.0558	-1.66207
19.0658	-1.66399
19.0758	-1.6659
19.0858	-1.66782
19.0957	-1.66974
19.1057	-1.67167
19.1157	-1.67359
19.1257	-1.67551
19.1357	-1.67744
19.1456	-1.67937
19.1556	-1.6813
19.1656	-1.68323
19.1756	-1.68516
19.1856	-1.68709
19.1956	-1.68903
19.2055	-1.69096
19.2155	-1.6929
19.2255	-1.69484
19.2355	-1.69678
19.2455	-1.69872
19.2555	-1.70066
19.2654	-1.7026
19.2754	-1.70455
19.2854	-1.70649
19.2954	-1.70844
19.3054	-1.71039
19.3153	-1.71234
19.3253	-1.71429
19.3353	-1.71625
19.3453	-1.7182
19.3553	-1.72015
19.3653	-1.72211
19.3752	-1.72407
19.3852	-1.72603
19.3952	-1.72799
19.4052	-1.72995
19.4152	-1.73192
19.4251	-1.73388
19.4351	-1.73585
19.4451	-1.73781
19.4551	-1.73978
19.4651	-1.74175
19.4751	-1.74372
19.485	-1.7457
19.495	-1.74767
19.505	-1.74965
19.515	-1.75162
19.525	-1.7536
19.5349	-1.75558
19.5449	-1.75756
19.5549	-1.75954
19.5649	-1.76153
19.5749	-1.76351
19.5849	-1.7655
19.5948	-1.76749
19.6048	-1.76947
19.6148	-1.77146
19.6248	-1.77346
19.6348	-1.77545
19.6447	-1.77744
19.6547	-1.77944
19.6647	-1.78144
19.6747	-1.78343
19.6847	-1.78543
19.6947	-1.78743
19.7046	-1.78944
19.7146	-1.79144
19.7246	-1.79345
19.7346	-1.79545
19.7446	-1.79746
19.7546	-1.79947
19.7645	-1.80148
19.7745	-1.80349
19.7845	-1.8055
19.7945	-1.80752
19.8045	-1.80953
19.8144	-1.81155
19.8244	-1.81357
19.8344	-1.81559
19.8444	-1.81761
19.8544	-1.81963
19.8644	-1.82165
19.8743	-1.82368
19.8843	-1.82571
19.8943	-1.82773
19.9043	-1.82976
19.9143	-1.83179
19.9242	-1.83383
19.9342	-1.83586
19.9442	-1.83789
19.9542	-1.83993
19.9642	-1.84197
19.9742	-1.844
19.9841	-1.84604
19.9941	-1.84809
20.0041	-1.85013
20.0141	-1.85217
20.0241	-1.85422
20.034	-1.85626
20.044	-1.85831
20.054	-1.86036
20.064	-1.86241
20.074	-1.86446
20.084	-1.86652
20.0939	-1.86857
20.1039	-1.87063
20.1139	-1.87269
20.1239	-1.87474
20.1339	-1.8768
20.1438	-1.87887
20.1538	-1.88093
20.1638	-1.88299
20.1738	-1.88506
20.1838	-1.88713
20.1938	-1.88919
20.2037	-1.89126
20.2137	-1.89333
20.2237	-1.89541
20.2337	-1.89748
20.2437	-1.89956
20.2537	-1.90163
20.2636	-1.90371
20.2736	-1.90579
20.2836	-1.90787
20.2936	-1.90995
20.3036	-1.91203
20.3135	-1.91412
20.3235	-1.9162
20.3335	-1.91829
20.3435	-1.92038
20.3535	-1.92247
20.3635	-1.92456
20.3734	-1.92665
20.3834	-1.92875
20.3934	-1.93084
20.4034	-1.93294
20.4134	-1.93504
20.4233	-1.93714
20.4333	-1.93924
20.4433	-1.94134
20.4533	-1.94345
20.4633	-1.94555
20.4733	-1.94766
20.4832	-1.94976
20.4932	-1.95187
20.5032	-1.95398
20.5132	-1.9561
20.5232	-1.95821
20.5331	-1.96032
20.5431	-1.96244
20.5531	-1.96456
20.5631	-1.96667
20.5731	-1.96879
20.5831	-1.97092
20.593	-1.97304
20.603	-1.97516
20.613	-1.97729
20.623	-1.97941
20.633	-1.98154
20.6429	-1.98367
20.6529	-1.9858
20.6629	-1.98794
20.6729	-1.99007
20.6829	-1.9922
20.6929	-1.99434
20.7028	-1.99648
20.7128	-1.99862
20.7228	-2.00076
20.7328	-2.0029
20.7428	-2.00504
20.7528	-2.00719
20.7627	-2.00933
20.7727	-2.01148
20.7827	-2.01363
20.7927	-2.01578
20.8027	-2.01793
20.8126	-2.02008
20.8226	-2.02224
20.8326	-2.02439
20.8426	-2.02655
20.8526	-2.02871
20.8626	-2.03087
20.8725	-2.03303
20.8825	-2.03519
20.8925	-2.03736
20.9025	-2.03952
20.9125	-2.04169
20.9224	-2.04385
20.9324	-2.04602
20.9424	-2.04819
20.9524	-2.05037
20.9624	-2.05254
20.9724	-2.05471
20.9823	-2.05689
20.9923	-2.05907
21.0023	-2.06125
21.0123	-2.06343
21.0223	-2.06561
21.0322	-2.06779
21.0422	-2.06998
21.0522	-2.07216
21.0622	-2.07435
21.0722	-2.07654
21.0822	-2.07873
21.0921	-2.08092
21.1021	-2.08311
21.1121	-2.08531
21.1221	-2.0875
21.1321	-2.0897
21.142	-2.0919
21.152	-2.0941
21.162	-2.0963
21.172	-2.0985
21.182	-2.1007
21.192	-2.10291
21.2019	-2.10511
21.2119	-2.10732
21.2219	-2.10953
21.2319	-2.11174
21.2419	-2.11395
21.2519	-2.11617
21.2618	-2.11838
21.2718	-2.1206
21.2818	-2.12281
21.2918	-2.12503
21.3018	-2.12725
21.3117	-2.12948
21.3217	-2.1317
21.3317	-2.13392
21.3417	-2.13615
21.3517	-2.13838
21.3617	-2.1406
21.3716	-2.14283
21.3816	-2.14507
21.3916	-2.1473
21.4016	-2.14953
21.4116	-2.15177
21.4215	-2.154
21.4315	-2.15624
21.4415	-2.15848
21.4515	-2.16072
21.4615	-2.16297
21.4715	-2.16521
21.4814	-2.16745
21.4914	-2.1697
21.5014	-2.17195
21.5114	-2.1742
21.5214	-2.17645
21.5313	-2.1787
21.5413	-2.18095
21.5513	-2.18321
21.5613	-2.18547
21.5713	-2.18772
21.5813	-2.18998
21.5912	-2.19224
21.6012	-2.1945
21.6112	-2.19677
21.6212	-2.19903
21.6312	-2.2013
21.6411	-2.20356
21.6511	-2.20583
21.6611	-2.2081
21.6711	-2.21038
21.6811	-2.21265
21.6911	-2.21492
21.701	-2.2172
21.711	-2.21948
21.721	-2.22175
21.731	-2.22403
21.741	-2.22631
21.751	-2.2286
21.7609	-2.23088
21.7709	-2.23317
21.7809	-2.23545
21.7909	-2.23774
21.8009	-2.24003
21.8108	-2.24232
21.8208	-2.24461
21.8308	-2.24691
21.8408	-2.2492
21.8508	-2.2515
21.8608	-2.2538
21.8707	-2.2561
21.8807	-2.2584
21.8907	-2.2607
21.9007	-2.263
21.9107	-2.26531
21.9206	-2.26762
21.9306	-2.26992
21.9406	-2.27223
21.9506	-2.27454
21.9606	-2.27685
21.9706	-2.27917
21.9805	-2.28148
21.9905	-2.2838
22.0005	-2.28612
22.0105	-2.28843
22.0205	-2.29075
22.0304	-2.29308
22.0404	-2.2954
22.0504	-2.29772
22.0604	-2.30005
22.0704	-2.30238
22.0804	-2.30471
22.0903	-2.30704
22.1003	-2.30937
22.1103	-2.3117
22.1203	-2.31403
22.1303	-2.31637
22.1402	-2.31871
22.1502	-2.32105
22.1602	-2.32339
22.1702	-2.32573
22.1802	-2.32807
22.1902	-2.33041
22.2001	-2.33276
22.2101	-2.33511
22.2201	-2.33745
22.2301	-2.3398
22.2401	-2.34215
22.2501	-2.34451
22.26	-2.34686
22.27	-2.34922
22.28	-2.35157
22.29	-2.35393
22.3	-2.35629
22.3099	-2.35865
22.3199	-2.36101
22.3299	-2.36338
22.3399	-2.36574
22.3499	-2.36811
22.3599	-2.37048
22.3698	-2.37284
22.3798	-2.37522
22.3898	-2.37759
22.3998	-2.37996
22.4098	-2.38234
22.4197	-2.38471
22.4297	-2.38709
22.4397	-2.38947
22.4497	-2.39185
22.4597	-2.39423
22.4697	-2.39661
22.4796	-2.399
22.4896	-2.40138
22.4996	-2.40377
22.5096	-2.40616
22.5196	-2.40855
22.5295	-2.41094
22.5395	-2.41334
22.5495	-2.41573
22.5595	-2.41813
22.5695	-2.42052
22.5795	-2.42292
22.5894	-2.42532
22.5994	-2.42772
22.6094	-2.43013
22.6194	-2.43253
22.6294	-2.43494
22.6393	-2.43734
22.6493	-2.43975
22.6593	-2.44216
22.6693	-2.44457
22.6793	-2.44699
22.6893	-2.4494
22.6992	-2.45182
22.7092	-2.45423
22.7192	-2.45665
22.7292	-2.45907
22.7392	-2.46149
22.7491	-2.46392
22.7591	-2.46634
22.7691	-2.46876
22.7791	-2.47119
22.7891	-2.47362
22.7991	-2.47605
22.809	-2.47848
22.819	-2.48091
22.829	-2.48335
22.839	-2.48578
22.849	-2.48822
22.859	-2.49066
22.8689	-2.4931
22.8789	-2.49554
22.8889	-2.49798
22.8989	-2.50042
22.9089	-2.50287
22.9188	-2.50531
22.9288	-2.50776
22.9388	-2.51021
22.9488	-2.51266
22.9588	-2.51512
22.9688	-2.51757
22.9787	-2.52002
22.9887	-2.52248
22.9987	-2.52494
23.0087	-2.5274
23.0187	-2.52986
23.0286	-2.53232
23.0386	-2.53478
23.0486	-2.53725
23.0586	-2.53971
23.0686	-2.54218
23.0786	-2.54465
23.0885	-2.54712
23.0985	-2.54959
23.1085	-2.55207
23.1185	-2.55454
23.1285	-2.55702
23.1384	-2.5595
23.1484	-2.56197
23.1584	-2.56445
23.1684	-2.56694
23.1784	-2.56942
23.1884	-2.5719
23.1983	-2.57439
23.2083	-2.57688
23.2183	-2.57937
23.2283	-2.58186
23.2383	-2.58435
23.2482	-2.58684
23.2582	-2.58934
23.2682	-2.59183
23.2782	-2.59433
23.2882	-2.59683
23.2982	-2.59933
23.3081	-2.60183
23.3181	-2.60433
23.3281	-2.60684
23.3381	-2.60934
23.3481	-2.61185
23.3581	-2.61436
23.368	-2.61687
23.378	-2.61938
23.388	-2.62189
23.398	-2.62441
23.408	-2.62692
23.4179	-2.62944
23.4279	-2.63196
23.4379	-2.63448
23.4479	-2.637
23.4579	-2.63952
23.4679	-2.64205
23.4778	-2.64457
23.4878	-2.6471
23.4978	-2.64963
23.5078	-2.65216
23.5178	-2.65469
23.5277	-2.65722
23.5377	-2.65976
23.5477	-2.66229
23.5577	-2.66483
23.5677	-2.66737
23.5777	-2.66991
23.5876	-2.67245
23.5976	-2.67499
23.6076	-2.67754
23.6176	-2.68008
23.6276	-2.68263
23.6375	-2.68518
23.6475	-2.68773
23.6575	-2.69028
23.6675	-2.69283
23.6775	-2.69538
23.6875	-2.69794
23.6974	-2.7005
23.7074	-2.70305
23.7174	-2.70561
23.7274	-2.70817
23.7374	-2.71074
23.7473	-2.7133
23.7573	-2.71587
23.7673	-2.71843
23.7773	-2.721
23.7873	-2.72357
23.7973	-2.72614
23.8072	-2.72871
23.8172	-2.73129
23.8272	-2.73386
23.8372	-2.73644
23.8472	-2.73902
23.8572	-2.7416
23.8671	-2.74418
23.8771	-2.74676
23.8871	-2.74934
23.8971	-2.75193
23.9071	-2.75452
23.917	-2.7571
23.927	-2.75969
23.937	-2.76228
23.947	-2.76488
23.957	-2.76747
23.967	-2.77006
23.9769	-2.77266
23.9869	-2.77526
23.9969	-2.77786
24.0069	-2.78046
24.0169	-2.78306
24.0268	-2.78566
24.0368	-2.78827
24.0468	-2.79088
24.0568	-2.79348
24.0668	-2.79609
24.0768	-2.7987
24.0867	-2.80132
24.0967	-2.80393
24.1067	-2.80654
24.1167	-2.80916
24.1267	-2.81178
24.1366	-2.8144
24.1466	-2.81702
24.1566	-2.81964
24.1666	-2.82226
24.1766	-2.82489
24.1866	-2.82751
24.1965	-2.83014
24.2065	-2.83277
24.2165	-2.8354
24.2265	-2.83803
24.2365	-2.84067
24.2464	-2.8433
24.2564	-2.84594
24.2664	-2.84858
24.2764	-2.85122
24.2864	-2.85386
24.2964	-2.8565
24.3063	-2.85914
24.3163	-2.86179
24.3263	-2.86443
24.3363	-2.86708
24.3463	-2.86973
24.3563	-2.87238
24.3662	-2.87503
24.3762	-2.87768
24.3862	-2.88034
24.3962	-2.88299
24.4062	-2.88565
24.4161	-2.88831
24.4261	-2.89097
24.4361	-2.89363
24.4461	-2.8963
24.4561	-2.89896
24.4661	-2.90163
24.476	-2.90429
24.486	-2.90696
24.496	-2.90963
24.506	-2.9123
24.516	-2.91498
24.5259	-2.91765
24.5359	-2.92033
24.5459	-2.92301
24.5559	-2.92568
24.5659	-2.92836
24.5759	-2.93105
24.5858	-2.93373
24.5958	-2.93641
24.6058	-2.9391
24.6158	-2.94179
24.6258	-2.94448
24.6357	-2.94717
24.6457	-2.94986
24.6557	-2.95255
24.6657	-2.95524
24.6757	-2.95794
24.6857	-2.96064
24.6956	-2.96334
24.7056	-2.96604
24.7156	-2.96874
24.7256	-2.97144
24.7356	-2.97415
24.7455	-2.97685
24.7555	-2.97956
24.7655	-2.98227
24.7755	-2.98498
24.7855	-2.98769
24.7955	-2.9904
24.8054	-2.99312
24.8154	-2.99583
24.8254	-2.99855
24.8354	-3.00127
24.8454	-3.00399
24.8554	-3.00671
24.8653	-3.00943
24.8753	-3.01216
24.8853	-3.01488
24.8953	-3.01761
24.9053	-3.02034
24.9152	-3.02307
24.9252	-3.0258
24.9352	-3.02853
24.9452	-3.03126
24.9552	-3.034
24.9652	-3.03674
24.9751	-3.03948
24.9851	-3.04222
24.9951	-3.04496
25.0051	-3.0477
25.0151	-3.05044
25.025	-3.05319
25.035	-3.05594
25.045	-3.05868
25.055	-3.06143
25.065	-3.06419
25.075	-3.06694
25.0849	-3.06969
25.0949	-3.07245
25.1049	-3.0752
25.1149	-3.07796
25.1249	-3.08072
25.1348	-3.08348
25.1448	-3.08625
25.1548	-3.08901
25.1648	-3.09178
25.1748	-3.09454
25.1848	-3.09731
25.1947	-3.10008
25.2047	-3.10285
25.2147	-3.10562
25.2247	-3.1084
25.2347	-3.11117
25.2446	-3.11395
25.2546	-3.11673
25.2646	-3.11951
25.2746	-3.12229
25.2846	-3.12507
25.2946	-3.12785
25.3045	-3.13064
25.3145	-3.13343
25.3245	-3.13621
25.3345	-3.139
25.3445	-3.1418
25.3545	-3.14459
25.3644	-3.14738
25.3744	-3.15018
25.3844	-3.15297
25.3944	-3.15577
25.4044	-3.15857
25.4143	-3.16137
25.4243	-3.16417
25.4343	-3.16698
25.4443	-3.16978
25.4543	-3.17259
25.4643	-3.1754
25.4742	-3.17821
25.4842	-3.18102
25.4942	-3.18383
25.5042	-3.18664
25.5142	-3.18946
25.5241	-3.19227
25.5341	-3.19509
25.5441	-3.19791
25.5541	-3.20073
25.5641	-3.20355
25.5741	-3.20638
25.584	-3.2092
25.594	-3.21203
25.604	-3.21486
25.614	-3.21769
25.624	-3.22052
25.6339	-3.22335
25.6439	-3.22618
25.6539	-3.22902
25.6639	-3.23185
25.6739	-3.23469
25.6839	-3.23753
25.6938	-3.24037
25.7038	-3.24321
25.7138	-3.24606
25.7238	-3.2489
25.7338	-3.25175
25.7437	-3.25459
25.7537	-3.25744
25.7637	-3.26029
25.7737	-3.26315
25.7837	-3.266
25.7937	-3.26885
25.8036	-3.27171
25.8136	-3.27457
25.8236	-3.27743
25.8336	-3.28029
25.8436	-3.28315
25.8536	-3.28601
25.8635	-3.28888
25.8735	-3.29174
25.8835	-3.29461
25.8935	-3.29748
25.9035	-3.30035
25.9134	-3.30322
25.9234	-3.30609
25.9334	-3.30897
25.9434	-3.31184
25.9534	-3.31472
25.9634	-3.3176
25.9733	-3.32048
25.9833	-3.32336
25.9933	-3.32624
26.0033	-3.32913
26.0133	-3.33201
26.0232	-3.3349
26.0332	-3.33779
26.0432	-3.34068
26.0532	-3.34357
26.0632	-3.34646
26.0732	-3.34936
26.0831	-3.35225
26.0931	-3.35515
26.1031	-3.35805
26.1131	-3.36095
26.1231	-3.36385
26.133	-3.36675
26.143	-3.36966
26.153	-3.37256
26.163	-3.37547
26.173	-3.37838
26.183	-3.38129
26.1929	-3.3842
26.2029	-3.38711
26.2129	-3.39003
26.2229	-3.39294
26.2329	-3.39586
26.2428	-3.39878
26.2528	-3.4017
26.2628	-3.40462
26.2728	-3.40754
26.2828	-3.41047
26.2928	-3.41339
26.3027	-3.41632
26.3127	-3.41925
26.3227	-3.42218
26.3327	-3.42511
26.3427	-3.42804
26.3527	-3.43097
26.3626	-3.43391
26.3726	-3.43684
26.3826	-3.43978
26.3926	-3.44272
26.4026	-3.44566
26.4125	-3.4486
26.4225	-3.45155
26.4325	-3.45449
26.4425	-3.45744
26.4525	-3.46039
26.4625	-3.46334
26.4724	-3.46629
26.4824	-3.46924
26.4924	-3.47219
26.5024	-3.47515
26.5124	-3.4781
26.5223	-3.48106
26.5323	-3.48402
26.5423	-3.48698
26.5523	-3.48994
26.5623	-3.49291
26.5723	-3.49587
26.5822	-3.49884
26.5922	-3.50181
26.6022	-3.50477
26.6122	-3.50775
26.6222	-3.51072
26.6321	-3.51369
26.6421	-3.51666
26.6521	-3.51964
26.6621	-3.52262
26.6721	-3.5256
26.6821	-3.52858
26.692	-3.53156
26.702	-3.53454
26.712	-3.53753
26.722	-3.54051
26.732	-3.5435
26.7419	-3.54649
26.7519	-3.54948
26.7619	-3.55247
26.7719	-3.55546
26.7819	-3.55846
26.7919	-3.56145
26.8018	-3.56445
26.8118	-3.56745
26.8218	-3.57045
26.8318	-3.57345
26.8418	-3.57645
26.8518	-3.57946
26.8617	-3.58246
26.8717	-3.58547
26.8817	-3.58848
26.8917	-3.59149
26.9017	-3.5945
26.9116	-3.59751
26.9216	-3.60052
26.9316	-3.60354
26.9416	-3.60656
26.9516	-3.60957
26.9616	-3.61259
26.9715	-3.61562
26.9815	-3.61864
26.9915	-3.62166
27.0015	-3.62469
27.0115	-3.62771
27.0214	-3.63074
27.0314	-3.63377
27.0414	-3.6368
27.0514	-3.63983
27.0614	-3.64287
27.0714	-3.6459
27.0813	-3.64894
27.0913	-3.65198
27.1013	-3.65501
27.1113	-3.65806
27.1213	-3.6611
27.1312	-3.66414
27.1412	-3.66719
27.1512	-3.67023
27.1612	-3.67328
27.1712	-3.67633
27.1812	-3.67938
27.1911	-3.68243
27.2011	-3.68548
27.2111	-3.68854
27.2211	-3.69159
27.2311	-3.69465
27.241	-3.69771
27.251	-3.70077
27.261	-3.70383
27.271	-3.70689
27.281	-3.70996
27.291	-3.71302
27.3009	-3.71609
27.3109	-3.71916
27.3209	-3.72223
27.3309	-3.7253
27.3409	-3.72837
27.3509	-3.73145
27.3608	-3.73452
27.3708	-3.7376
27.3808	-3.74068
27.3908	-3.74376
27.4008	-3.74684
27.4107	-3.74992
27.4207	-3.753
27.4307	-3.75609
27.4407	-3.75918
27.4507	-3.76226
27.4607	-3.76535
27.4706	-3.76844
27.4806	-3.77154
27.4906	-3.77463
27.5006	-3.77772
27.5106	-3.78082
27.5205	-3.78392
27.5305	-3.78702
27.5405	-3.79012
27.5505	-3.79322
27.5605	-3.79632
27.5705	-3.79943
27.5804	-3.80253
27.5904	-3.80564
27.6004	-3.80875
27.6104	-3.81186
27.6204	-3.81497
27.6303	-3.81808
27.6403	-3.8212
27.6503	-3.82432
27.6603	-3.82743
27.6703	-3.83055
27.6803	-3.83367
27.6902	-3.83679
27.7002	-3.83991
27.7102	-3.84304
27.7202	-3.84616
27.7302	-3.84929
27.7401	-3.85242
27.7501	-3.85555
27.7601	-3.85868
27.7701	-3.86181
27.7801	-3.86495
27.7901	-3.86808
27.8	-3.87122
27.81	-3.87436
27.82	-3.8775
27.83	-3.88064
27.84	-3.88378
27.8499	-3.88692
27.8599	-3.89007
27.8699	-3.89321
27.8799	-3.89636
27.8899	-3.89951
27.8999	-3.90266
27.9098	-3.90581
27.9198	-3.90896
27.9298	-3.91212
27.9398	-3.91527
27.9498	-3.91843
27.9598	-3.92159
27.9697	-3.92475
27.9797	-3.92791
27.9897	-3.93108
27.9997	-3.93424
28.0097	-3.93741
28.0196	-3.94057
28.0296	-3.94374
28.0396	-3.94691
28.0496	-3.95008
28.0596	-3.95325
28.0696	-3.95643
28.0795	-3.9596
28.0895	-3.96278
28.0995	-3.96596
28.1095	-3.96914
28.1195	-3.97232
28.1294	-3.9755
28.1394	-3.97868
28.1494	-3.98187
28.1594	-3.98505
28.1694	-3.98824
28.1794	-3.99143
28.1893	-3.99462
28.1993	-3.99781
28.2093	-4.00101
28.2193	-4.0042
28.2293	-4.0074
28.2392	-4.01059
28.2492	-4.01379
28.2592	-4.01699
28.2692	-4.02019
28.2792	-4.0234
28.2892	-4.0266
28.2991	-4.02981
28.3091	-4.03301
28.3191	-4.03622
28.3291	-4.03943
28.3391	-4.04264
28.349	-4.04585
28.359	-4.04907
28.369	-4.05228
28.379	-4.0555
28.389	-4.05872
28.399	-4.06194
28.4089	-4.06516
28.4189	-4.06838
28.4289	-4.0716
28.4389	-4.07483
28.4489	-4.07805
28.4589	-4.08128
28.4688	-4.08451
28.4788	-4.08774
28.4888	-4.09097
28.4988	-4.0942
28.5088	-4.09744
28.5187	-4.10067
28.5287	-4.10391
28.5387	-4.10715
28.5487	-4.11039
28.5587	-4.11363
28.5687	-4.11687
28.5786	-4.12012
28.5886	-4.12336
28.5986	-4.12661
28.6086	-4.12986
28.6186	-4.13311
28.6285	-4.13636
28.6385	-4.13961
28.6485	-4.14286
28.6585	-4.14612
28.6685	-4.14937
28.6785	-4.15263
28.6884	-4.15589
28.6984	-4.15915
28.7084	-4.16241
28.7184	-4.16567
28.7284	-4.16894
28.7383	-4.1722
28.7483	-4.17547
28.7583	-4.17874
28.7683	-4.18201
28.7783	-4.18528
28.7883	-4.18855
28.7982	-4.19183
28.8082	-4.1951
28.8182	-4.19838
28.8282	-4.20165
28.8382	-4.20493
28.8481	-4.20821
28.8581	-4.2115
28.8681	-4.21478
28.8781	-4.21806
28.8881	-4.22135
28.8981	-4.22464
28.908	-4.22793
28.918	-4.23122
28.928	-4.23451
28.938	-4.2378
28.948	-4.2411
28.958	-4.24439
28.9679	-4.24769
28.9779	-4.25099
28.9879	-4.25429
28.9979	-4.25759
29.0079	-4.26089
29.0178	-4.26419
29.0278	-4.2675
29.0378	-4.2708
29.0478	-4.27411
29.0578	-4.27742
29.0678	-4.28073
29.0777	-4.28404
29.0877	-4.28736
29.0977	-4.29067
29.1077	-4.29399
29.1177	-4.2973
29.1276	-4.30062
29.1376	-4.30394
29.1476	-4.30726
29.1576	-4.31058
29.1676	-4.31391
29.1776	-4.31723
29.1875	-4.32056
29.1975	-4.32389
29.2075	-4.32722
29.2175	-4.33055
29.2275	-4.33388
29.2374	-4.33721
29.2474	-4.34055
29.2574	-4.34388
29.2674	-4.34722
29.2774	-4.35056
29.2874	-4.3539
29.2973	-4.35724
29.3073	-4.36058
29.3173	-4.36393
29.3273	-4.36727
29.3373	-4.37062
29.3472	-4.37397
29.3572	-4.37732
29.3672	-4.38067
29.3772	-4.38402
29.3872	-4.38737
29.3972	-4.39073
29.4071	-4.39409
29.4171	-4.39744
29.4271	-4.4008
29.4371	-4.40416
29.4471	-4.40752
29.4571	-4.41089
29.467	-4.41425
29.477	-4.41762
29.487	-4.42098
29.497	-4.42435
29.507	-4.42772
29.5169	-4.43109
29.5269	-4.43446
29.5369	-4.43784
29.5469	-4.44121
29.5569	-4.44459
29.5669	-4.44797
29.5768	-4.45134
29.5868	-4.45472
29.5968	-4.45811
29.6068	-4.46149
29.6168	-4.46487
29.6267	-4.46826
29.6367	-4.47165
29.6467	-4.47503
29.6567	-4.47842
29.6667	-4.48181
29.6767	-4.48521
29.6866	-4.4886
29.6966	-4.49199
29.7066	-4.49539
29.7166	-4.49879
29.7266	-4.50219
29.7365	-4.50559
29.7465	-4.50899
29.7565	-4.51239
29.7665	-4.5158
29.7765	-4.5192
29.7865	-4.52261
29.7964	-4.52602
29.8064	-4.52943
29.8164	-4.53284
29.8264	-4.53625
29.8364	-4.53966
29.8463	-4.54308
29.8563	-4.54649
29.8663	-4.54991
29.8763	-4.55333
29.8863	-4.55675
29.8963	-4.56017
29.9062	-4.56359
29.9162	-4.56702
29.9262	-4.57044
29.9362	-4.57387
29.9462	-4.5773
29.9562	-4.58073
29.9661	-4.58416
29.9761	-4.58759
29.9861	-4.59102
29.9961	-4.59446
30.0061	-4.59789
30.016	-4.60133
30.026	-4.60477
30.036	-4.60821
30.046	-4.61165
30.056	-4.61509
30.066	-4.61854
30.0759	-4.62198
30.0859	-4.62543
30.0959	-4.62888
30.1059	-4.63233
30.1159	-4.63578
30.1258	-4.63923
30.1358	-4.64268
30.1458	-4.64614
30.1558	-4.64959
30.1658	-4.65305
30.1758	-4.65651
30.1857	-4.65997
30.1957	-4.66343
30.2057	-4.66689
30.2157	-4.67035
30.2257	-4.67382
30.2356	-4.67728
30.2456	-4.68075
30.2556	-4.68422
30.2656	-4.68769
30.2756	-4.69116
30.2856	-4.69463
30.2955	-4.69811
30.3055	-4.70158
30.3155	-4.70506
30.3255	-4.70854
30.3355	-4.71202
30.3454	-4.7155
30.3554	-4.71898
30.3654	-4.72246
30.3754	-4.72595
30.3854	-4.72943
30.3954	-4.73292
30.4053	-4.73641
30.4153	-4.7399
30.4253	-4.74339
30.4353	-4.74688
30.4453	-4.75038
30.4553	-4.75387
30.4652	-4.75737
30.4752	-4.76087
30.4852	-4.76436
30.4952	-4.76786
30.5052	-4.77137
30.5151	-4.77487
30.5251	-4.77837
30.5351	-4.78188
30.5451	-4.78539
30.5551	-4.78889
30.5651	-4.7924
30.575	-4.79591
30.585	-4.79942
30.595	-4.80294
30.605	-4.80645
30.615	-4.80997
30.6249	-4.81349
30.6349	-4.817
30.6449	-4.82052
30.6549	-4.82404
30.6649	-4.82757
30.6749	-4.83109
30.6848	-4.83461
30.6948	-4.83814
30.7048	-4.84167
30.7148	-4.8452
30.7248	-4.84873
30.7347	-4.85226
30.7447	-4.85579
30.7547	-4.85933
30.7647	-4.86286
30.7747	-4.8664
30.7847	-4.86993
30.7946	-4.87347
30.8046	-4.87701
30.8146	-4.88056
30.8246	-4.8841
30.8346	-4.88764
30.8445	-4.89119
30.8545	-4.89473
30.8645	-4.89828
30.8745	-4.90183
30.8845	-4.90538
30.8945	-4.90893
30.9044	-4.91249
30.9144	-4.91604
30.9244	-4.9196
30.9344	-4.92316
30.9444	-4.92671
30.9544	-4.93027
30.9643	-4.93383
30.9743	-4.9374
30.9843	-4.94096
30.9943	-4.94452
31.0043	-4.94809
31.0142	-4.95166
31.0242	-4.95523
31.0342	-4.9588
31.0442	-4.96237
31.0542	-4.96594
31.0642	-4.96951
31.0741	-4.97309
31.0841	-4.97667
31.0941	-4.98024
31.1041	-4.98382
31.1141	-4.9874
31.124	-4.99098
31.134	-4.99457
31.144	-4.99815
31.154	-5.00173
31.164	-5.00532
31.174	-5.00891
31.1839	-5.0125
31.1939	-5.01609
31.2039	-5.01968
31.2139	-5.02327
31.2239	-5.02687
31.2338	-5.03046
31.2438	-5.03406
31.2538	-5.03766
31.2638	-5.04126
31.2738	-5.04486
31.2838	-5.04846
31.2937	-5.05206
31.3037	-5.05567
31.3137	-5.05927
31.3237	-5.06288
31.3337	-5.06649
31.3436	-5.0701
31.3536	-5.07371
31.3636	-5.07732
31.3736	-5.08093
31.3836	-5.08455
31.3936	-5.08816
31.4035	-5.09178
31.4135	-5.0954
31.4235	-5.09902
31.4335	-5.10264
31.4435	-5.10626
31.4535	-5.10988
31.4634	-5.11351
31.4734	-5.11713
31.4834	-5.12076
31.4934	-5.12439
31.5034	-5.12802
31.5133	-5.13165
31.5233	-5.13528
31.5333	-5.13891
31.5433	-5.14255
31.5533	-5.14618
31.5633	-5.14982
31.5732	-5.15346
31.5832	-5.1571
31.5932	-5.16074
31.6032	-5.16438
31.6132	-5.16803
31.6231	-5.17167
31.6331	-5.17532
31.6431	-5.17896
31.6531	-5.18261
31.6631	-5.18626
31.6731	-5.18991
31.683	-5.19356
31.693	-5.19722
31.703	-5.20087
31.713	-5.20453
31.723	-5.20819
31.7329	-5.21184
31.7429	-5.2155
31.7529	-5.21916
31.7629	-5.22283
31.7729	-5.22649
31.7829	-5.23016
31.7928	-5.23382
31.8028	-5.23749
31.8128	-5.24116
31.8228	-5.24483
31.8328	-5.2485
31.8427	-5.25217
31.8527	-5.25584
31.8627	-5.25952
31.8727	-5.26319
31.8827	-5.26687
31.8927	-5.27055
31.9026	-5.27423
31.9126	-5.27791
31.9226	-5.28159
31.9326	-5.28528
31.9426	-5.28896
31.9526	-5.29265
31.9625	-5.29633
31.9725	-5.30002
31.9825	-5.30371
31.9925	-5.3074
32.0025	-5.31109
32.0124	-5.31479
32.0224	-5.31848
32.0324	-5.32218
32.0424	-5.32587
32.0524	-5.32957
32.0624	-5.33327
32.0723	-5.33697
32.0823	-5.34067
32.0923	-5.34438
32.1023	-5.34808
32.1123	-5.35179
32.1222	-5.35549
32.1322	-5.3592
32.1422	-5.36291
32.1522	-5.36662
32.1622	-5.37033
32.1722	-5.37405
32.1821	-5.37776
32.1921	-5.38148
32.2021	-5.38519
32.2121	-5.38891
32.2221	-5.39263
32.232	-5.39635
32.242	-5.40007
32.252	-5.4038
32.262	-5.40752
32.272	-5.41124
32.282	-5.41497
32.2919	-5.4187
32.3019	-5.42243
32.3119	-5.42616
32.3219	-5.42989
32.3319	-5.43362
32.3418	-5.43736
32.3518	-5.44109
32.3618	-5.44483
32.3718	-5.44856
32.3818	-5.4523
32.3918	-5.45604
32.4017	-5.45978
32.4117	-5.46353
32.4217	-5.46727
32.4317	-5.47102
32.4417	-5.47476
32.4517	-5.47851
32.4616	-5.48226
32.4716	-5.48601
32.4816	-5.48976
32.4916	-5.49351
32.5016	-5.49726
32.5115	-5.50102
32.5215	-5.50477
32.5315	-5.50853
32.5415	-5.51229
32.5515	-5.51605
32.5615	-5.51981
32.5714	-5.52357
32.5814	-5.52733
32.5914	-5.5311
32.6014	-5.53486
32.6114	-5.53863
32.6213	-5.5424
32.6313	-5.54617
32.6413	-5.54994
32.6513	-5.55371
32.6613	-5.55748
32.6713	-5.56126
32.6812	-5.56503
32.6912	-5.56881
32.7012	-5.57258
32.7112	-5.57636
32.7212	-5.58014
32.7311	-5.58392
32.7411	-5.58771
32.7511	-5.59149
32.7611	-5.59528
32.7711	-5.59906
32.7811	-5.60285
32.791	-5.60664
32.801	-5.61043
32.811	-5.61422
32.821	-5.61801
32.831	-5.6218
32.8409	-5.6256
32.8509	-5.62939
32.8609	-5.63319
32.8709	-5.63699
32.8809	-5.64079
32.8909	-5.64459
32.9008	-5.64839
32.9108	-5.65219
32.9208	-5.65599
32.9308	-5.6598
32.9408	-5.66361
32.9508	-5.66741
32.9607	-5.67122
32.9707	-5.67503
32.9807	-5.67884
32.9907	-5.68266
33.0007	-5.68647
33.0106	-5.69028
33.0206	-5.6941
33.0306	-5.69792
33.0406	-5.70173
33.0506	-5.70555
33.0606	-5.70937
33.0705	-5.7132
33.0805	-5.71702
33.0905	-5.72084
33.1005	-5.72467
33.1105	-5.7285
33.1204	-5.73232
33.1304	-5.73615
33.1404	-5.73998
33.1504	-5.74381
33.1604	-5.74765
33.1704	-5.75148
33.1803	-5.75531
33.1903	-5.75915
33.2003	-5.76299
33.2103	-5.76683
33.2203	-5.77067
33.2302	-5.77451
33.2402	-5.77835
33.2502	-5.78219
33.2602	-5.78604
33.2702	-5.78988
33.2802	-5.79373
33.2901	-5.79758
33.3001	-5.80143
33.3101	-5.80528
33.3201	-5.80913
33.3301	-5.81298
33.34	-5.81683
33.35	-5.82069
33.36	-5.82454
33.37	-5.8284
33.38	-5.83226
33.39	-5.83612
33.3999	-5.83998
33.4099	-5.84384
33.4199	-5.8477
33.4299	-5.85157
33.4399	-5.85543
33.4498	-5.8593
33.4598	-5.86317
33.4698	-5.86704
33.4798	-5.87091
33.4898	-5.87478
33.4998	-5.87865
33.5097	-5.88252
33.5197	-5.8864
33.5297	-5.89028
33.5397	-5.89415
33.5497	-5.89803
33.5597	-5.90191
33.5696	-5.90579
33.5796	-5.90967
33.5896	-5.91356
33.5996	-5.91744
33.6096	-5.92132
33.6195	-5.92521
33.6295	-5.9291
33.6395	-5.93299
33.6495	-5.93688
33.6595	-5.94077
33.6695	-5.94466
33.6794	-5.94855
33.6894	-5.95245
33.6994	-5.95634
33.7094	-5.96024
33.7194	-5.96414
33.7293	-5.96804
33.7393	-5.97194
33.7493	-5.97584
33.7593	-5.97974
33.7693	-5.98364
33.7793	-5.98755
33.7892	-5.99146
33.7992	-5.99536
33.8092	-5.99927
33.8192	-6.00318
33.8292	-6.00709
33.8391	-6.011
33.8491	-6.01492
33.8591	-6.01883
33.8691	-6.02275
33.8791	-6.02666
33.8891	-6.03058
33.899	-6.0345
33.909	-6.03842
33.919	-6.04234
33.929	-6.04626
33.939	-6.05018
33.9489	-6.05411
33.9589	-6.05803
33.9689	-6.06196
33.9789	-6.06589
33.9889	-6.06982
33.9989	-6.07375
34.0088	-6.07768
34.0188	-6.08161
34.0288	-6.08554
34.0388	-6.08948
34.0488	-6.09341
34.0588	-6.09735
34.0687	-6.10129
34.0787	-6.10523
34.0887	-6.10917
34.0987	-6.11311
34.1087	-6.11705
34.1186	-6.121
34.1286	-6.12494
34.1386	-6.12889
34.1486	-6.13283
34.1586	-6.13678
34.1686	-6.14073
34.1785	-6.14468
34.1885	-6.14863
34.1985	-6.15259
34.2085	-6.15654
34.2185	-6.1605
34.2284	-6.16445
34.2384	-6.16841
34.2484	-6.17237
34.2584	-6.17633
34.2684	-6.18029
34.2784	-6.18425
34.2883	-6.18821
34.2983	-6.19218
34.3083	-6.19614
34.3183	-6.20011
34.3283	-6.20408
34.3382	-6.20804
34.3482	-6.21201
34.3582	-6.21598
34.3682	-6.21996
34.3782	-6.22393
34.3882	-6.2279
34.3981	-6.23188
34.4081	-6.23586
34.4181	-6.23983
34.4281	-6.24381
34.4381	-6.24779
34.448	-6.25177
34.458	-6.25575
34.468	-6.25974
34.478	-6.26372
34.488	-6.26771
34.498	-6.27169
34.5079	-6.27568
34.5179	-6.27967
34.5279	-6.28366
34.5379	-6.28765
34.5479	-6.29164
34.5579	-6.29564
34.5678	-6.29963
34.5778	-6.30363
34.5878	-6.30762
34.5978	-6.31162
34.6078	-6.31562
34.6177	-6.31962
34.6277	-6.32362
34.6377	-6.32762
34.6477	-6.33162
34.6577	-6.33563
34.6677	-6.33963
34.6776	-6.34364
34.6876	-6.34765
34.6976	-6.35166
34.7076	-6.35567
34.7176	-6.35968
34.7275	-6.36369
34.7375	-6.3677
34.7475	-6.37172
34.7575	-6.37573
34.7675	-6.37975
34.7775	-6.38376
34.7874	-6.38778
34.7974	-6.3918
34.8074	-6.39582
34.8174	-6.39985
34.8274	-6.40387
34.8373	-6.40789
34.8473	-6.41192
34.8573	-6.41594
34.8673	-6.41997
34.8773	-6.424
34.8873	-6.42803
34.8972	-6.43206
34.9072	-6.43609
34.9172	-6.44012
34.9272	-6.44416
34.9372	-6.44819
34.9471	-6.45223
34.9571	-6.45627
34.9671	-6.4603
34.9771	-6.46434
34.9871	-6.46838
34.9971	-6.47243
35.007	-6.47647
35.017	-6.48051
35.027	-6.48456
35.037	-6.4886
35.047	-6.49265
35.057	-6.4967
35.0669	-6.50075
35.0769	-6.5048
35.0869	-6.50885
35.0969	-6.5129
35.1069	-6.51695
35.1168	-6.52101
35.1268	-6.52506
35.1368	-6.52912
35.1468	-6.53318
35.1568	-6.53724
35.1668	-6.5413
35.1767	-6.54536
35.1867	-6.54942
35.1967	-6.55348
35.2067	-6.55755
35.2167	-6.56161
35.2266	-6.56568
35.2366	-6.56975
35.2466	-6.57382
35.2566	-6.57789
35.2666	-6.58196
35.2766	-6.58603
35.2865	-6.5901
35.2965	-6.59418
35.3065	-6.59825
35.3165	-6.60233
35.3265	-6.6064
35.3364	-6.61048
35.3464	-6.61456
35.3564	-6.61864
35.3664	-6.62272
35.3764	-6.62681
35.3864	-6.63089
35.3963	-6.63497
35.4063	-6.63906
35.4163	-6.64315
35.4263	-6.64723
35.4363	-6.65132
35.4462	-6.65541
35.4562	-6.6595
35.4662	-6.6636
35.4762	-6.66769
35.4862	-6.67178
35.4962	-6.67588
35.5061	-6.67998
35.5161	-6.68407
35.5261	-6.68817
35.5361	-6.69227
35.5461	-6.69637
35.5561	-6.70047
35.566	-6.70458
35.576	-6.70868
35.586	-6.71278
35.596	-6.71689
35.606	-6.721
35.6159	-6.7251
35.6259	-6.72921
35.6359	-6.73332
35.6459	-6.73744
35.6559	-6.74155
35.6659	-6.74566
35.6758	-6.74977
35.6858	-6.75389
35.6958	-6.75801
35.7058	-6.76212
35.7158	-6.76624
35.7257	-6.77036
35.7357	-6.77448
35.7457	-6.7786
35.7557	-6.78273
35.7657	-6.78685
35.7757	-6.79098
35.7856	-6.7951
35.7956	-6.79923
35.8056	-6.80336
35.8156	-6.80749
35.8256	-6.81162
35.8355	-6.81575
35.8455	-6.81988
35.8555	-6.82401
35.8655	-6.82815
35.8755	-6.83228
35.8855	-6.83642
35.8954	-6.84055
35.9054	-6.84469
35.9154	-6.84883
35.9254	-6.85297
35.9354	-6.85711
35.9453	-6.86126
35.9553	-6.8654
35.9653	-6.86955
35.9753	-6.87369
35.9853	-6.87784
35.9953	-6.88199
36.0052	-6.88613
36.0152	-6.89028
36.0252	-6.89443
36.0352	-6.89859
36.0452	-6.90274
36.0552	-6.90689
36.0651	-6.91105
36.0751	-6.9152
36.0851	-6.91936
36.0951	-6.92352
36.1051	-6.92768
36.115	-6.93184
36.125	-6.936
36.135	-6.94016
36.145	-6.94432
36.155	-6.94849
36.165	-6.95265
36.1749	-6.95682
36.1849	-6.96099
36.1949	-6.96516
36.2049	-6.96933
36.2149	-6.9735
36.2248	-6.97767
36.2348	-6.98184
36.2448	-6.98601
36.2548	-6.99019
36.2648	-6.99436
36.2748	-6.99854
36.2847	-7.00272
36.2947	-7.00689
36.3047	-7.01107
36.3147	-7.01525
36.3247	-7.01944
36.3346	-7.02362
36.3446	-7.0278
36.3546	-7.03199
36.3646	-7.03617
36.3746	-7.04036
36.3846	-7.04455
36.3945	-7.04874
36.4045	-7.05293
36.4145	-7.05712
36.4245	-7.06131
36.4345	-7.0655
36.4444	-7.06969
36.4544	-7.07389
36.4644	-7.07808
36.4744	-7.08228
36.4844	-7.08648
36.4944	-7.09068
36.5043	-7.09488
36.5143	-7.09908
36.5243	-7.10328
36.5343	-7.10748
36.5443	-7.11169
36.5543	-7.11589
36.5642	-7.1201
36.5742	-7.1243
36.5842	-7.12851
36.5942	-7.13272
36.6042	-7.13693
36.6141	-7.14114
36.6241	-7.14535
36.6341	-7.14957
36.6441	-7.15378
36.6541	-7.158
36.6641	-7.16221
36.674	-7.16643
36.684	-7.17065
36.694	-7.17486
36.704	-7.17908
36.714	-7.18331
36.7239	-7.18753
36.7339	-7.19175
36.7439	-7.19597
36.7539	-7.2002
36.7639	-7.20442
36.7739	-7.20865
36.7838	-7.21288
36.7938	-7.21711
36.8038	-7.22134
36.8138	-7.22557
36.8238	-7.2298
36.8337	-7.23403
36.8437	-7.23827
36.8537	-7.2425
36.8637	-7.24674
36.8737	-7.25097
36.8837	-7.25521
36.8936	-7.25945
36.9036	-7.26369
36.9136	-7.26793
36.9236	-7.27217
36.9336	-7.27641
36.9435	-7.28066
36.9535	-7.2849
36.9635	-7.28915
36.9735	-7.29339
36.9835	-7.29764
36.9935	-7.30189
37.0034	-7.30614
37.0134	-7.31039
37.0234	-7.31464
37.0334	-7.31889
37.0434	-7.32315
37.0534	-7.3274
37.0633	-7.33166
37.0733	-7.33591
37.0833	-7.34017
37.0933	-7.34443
37.1033	-7.34869
37.1132	-7.35295
37.1232	-7.35721
37.1332	-7.36147
37.1432	-7.36574
37.1532	-7.37
37.1632	-7.37427
37.1731	-7.37853
37.1831	-7.3828
37.1931	-7.38707
37.2031	-7.39134
37.2131	-7.39561
37.223	-7.39988
37.233	-7.40415
37.243	-7.40842
37.253	-7.4127
37.263	-7.41697
37.273	-7.42125
37.2829	-7.42552
37.2929	-7.4298
37.3029	-7.43408
37.3129	-7.43836
37.3229	-7.44264
37.3328	-7.44692
37.3428	-7.4512
37.3528	-7.45549
37.3628	-7.45977
37.3728	-7.46406
37.3828	-7.46834
37.3927	-7.47263
37.4027	-7.47692
37.4127	-7.48121
37.4227	-7.4855
37.4327	-7.48979
37.4426	-7.49408
37.4526	-7.49837
37.4626	-7.50267
37.4726	-7.50696
37.4826	-7.51126
37.4926	-7.51556
37.5025	-7.51985
37.5125	-7.52415
37.5225	-7.52845
37.5325	-7.53275
37.5425	-7.53706
37.5525	-7.54136
37.5624	-7.54566
37.5724	-7.54997
37.5824	-7.55427
37.5924	-7.55858
37.6024	-7.56289
37.6123	-7.56719
37.6223	-7.5715
37.6323	-7.57581
37.6423	-7.58012
37.6523	-7.58444
37.6623	-7.58875
37.6722	-7.59306
37.6822	-7.59738
37.6922	-7.60169
37.7022	-7.60601
37.7122	-7.61033
37.7221	-7.61465
37.7321	-7.61897
37.7421	-7.62329
37.7521	-7.62761
37.7621	-7.63193
37.7721	-7.63626
37.782	-7.64058
37.792	-7.6449
37.802	-7.64923
37.812	-7.65356
37.822	-7.65789
37.8319	-7.66222
37.8419	-7.66655
37.8519	-7.67088
37.8619	-7.67521
37.8719	-7.67954
37.8819	-7.68387
37.8918	-7.68821
37.9018	-7.69255
37.9118	-7.69688
37.9218	-7.70122
37.9318	-7.70556
37.9417	-7.7099
37.9517	-7.71424
37.9617	-7.71858
37.9717	-7.72292
37.9817	-7.72726
37.9917	-7.73161
38.0016	-7.73595
38.0116	-7.7403
38.0216	-7.74464
38.0316	-7.74899
38.0416	-7.75334
38.0516	-7.75769
38.0615	-7.76204
38.0715	-7.76639
38.0815	-7.77074
38.0915	-7.7751
38.1015	-7.77945
38.1114	-7.78381
38.1214	-7.78816
38.1314	-7.79252
38.1414	-7.79688
38.1514	-7.80124
38.1614	-7.8056
38.1713	-7.80996
38.1813	-7.81432
38.1913	-7.81868
38.2013	-7.82304
38.2113	-7.82741
38.2212	-7.83177
38.2312	-7.83614
38.2412	-7.84051
38.2512	-7.84487
38.2612	-7.84924
38.2712	-7.85361
38.2811	-7.85798
38.2911	-7.86236
38.3011	-7.86673
38.3111	-7.8711
38.3211	-7.87548
38.331	-7.87985
38.341	-7.88423
38.351	-7.8886
38.361	-7.89298
38.371	-7.89736
38.381	-7.90174
38.3909	-7.90612
38.4009	-7.9105
38.4109	-7.91489
38.4209	-7.91927
38.4309	-7.92365
38.4408	-7.92804
38.4508	-7.93242
38.4608	-7.93681
38.4708	-7.9412
38.4808	-7.94559
38.4908	-7.94998
38.5007	-7.95437
38.5107	-7.95876
38.5207	-7.96315
38.5307	-7.96755
38.5407	-7.97194
38.5507	-7.97634
38.5606	-7.98073
38.5706	-7.98513
38.5806	-7.98953
38.5906	-7.99393
38.6006	-7.99832
38.6105	-8.00273
38.6205	-8.00713
38.6305	-8.01153
38.6405	-8.01593
38.6505	-8.02034
38.6605	-8.02474
38.6704	-8.02915
38.6804	-8.03355
38.6904	-8.03796
38.7004	-8.04237
38.7104	-8.04678
38.7203	-8.05119
38.7303	-8.0556
38.7403	-8.06001
38.7503	-8.06443
38.7603	-8.06884
38.7703	-8.07325
38.7802	-8.07767
38.7902	-8.08209
38.8002	-8.0865
38.8102	-8.09092
38.8202	-8.09534
38.8301	-8.09976
38.8401	-8.10418
38.8501	-8.1086
38.8601	-8.11303
38.8701	-8.11745
38.8801	-8.12188
38.89	-8.1263
38.9	-8.13073
38.91	-8.13515
38.92	-8.13958
38.93	-8.14401
38.9399	-8.14844
38.9499	-8.15287
38.9599	-8.1573
38.9699	-8.16174
38.9799	-8.16617
38.9899	-8.1706
38.9998	-8.17504
39.0098	-8.17947
39.0198	-8.18391
39.0298	-8.18835
39.0398	-8.19279
39.0497	-8.19723
39.0597	-8.20167
39.0697	-8.20611
39.0797	-8.21055
39.0897	-8.21499
39.0997	-8.21944
39.1096	-8.22388
39.1196	-8.22833
39.1296	-8.23277
39.1396	-8.23722
39.1496	-8.24167
39.1596	-8.24612
39.1695	-8.25057
39.1795	-8.25502
39.1895	-8.25947
39.1995	-8.26392
39.2095	-8.26838
39.2194	-8.27283
39.2294	-8.27728
39.2394	-8.28174
39.2494	-8.2862
39.2594	-8.29066
39.2694	-8.29511
39.2793	-8.29957
39.2893	-8.30403
39.2993	-8.30849
39.3093	-8.31296
39.3193	-8.31742
39.3292	-8.32188
39.3392	-8.32635
39.3492	-8.33081
39.3592	-8.33528
39.3692	-8.33975
39.3792	-8.34421
39.3891	-8.34868
39.3991	-8.35315
39.4091	-8.35762
39.4191	-8.36209
39.4291	-8.36657
39.439	-8.37104
39.449	-8.37551
39.459	-8.37999
39.469	-8.38446
39.479	-8.38894
39.489	-8.39342
39.4989	-8.3979
39.5089	-8.40238
39.5189	-8.40686
39.5289	-8.41134
39.5389	-8.41582
39.5488	-8.4203
39.5588	-8.42478
39.5688	-8.42927
39.5788	-8.43375
39.5888	-8.43824
39.5988	-8.44272
39.6087	-8.44721
39.6187	-8.4517
39.6287	-8.45619
39.6387	-8.46068
39.6487	-8.46517
39.6587	-8.46966
39.6686	-8.47415
39.6786	-8.47865
39.6886	-8.48314
39.6986	-8.48764
39.7086	-8.49213
39.7185	-8.49663
39.7285	-8.50113
39.7385	-8.50563
39.7485	-8.51013
39.7585	-8.51463
39.7685	-8.51913
39.7784	-8.52363
39.7884	-8.52813
39.7984	-8.53263
39.8084	-8.53714
39.8184	-8.54164
39.8283	-8.54615
39.8383	-8.55066
39.8483	-8.55516
39.8583	-8.55967
39.8683	-8.56418
39.8783	-8.56869
39.8882	-8.5732
39.8982	-8.57772
39.9082	-8.58223
39.9182	-8.58674
39.9282	-8.59126
39.9381	-8.59577
39.9481	-8.60029
39.9581	-8.6048
39.9681	-8.60932
39.9781	-8.61384
39.9881	-8.61836
39.998	-8.62288
