Freq_GHz	Norm_dB_model_vE
0.1	-3.70668e-05
0.109982	-5.38923e-05
0.119964	-7.23174e-05
0.129946	-9.23423e-05
0.139928	-0.000113967
0.14991	-0.000137191
0.159892	-0.000162016
0.169874	-0.00018844
0.179856	-0.000216464
0.189838	-0.000246087
0.19982	-0.000277311
0.209802	-0.000310135
0.219784	-0.000344558
0.229766	-0.000380582
0.239748	-0.000418205
0.24973	-0.000457429
0.259712	-0.000498252
0.269694	-0.000540676
0.279676	-0.0005847
0.289658	-0.000630324
0.29964	-0.000677548
0.309622	-0.000726373
0.319604	-0.000776797
0.329586	-0.000828822
0.339568	-0.000882448
0.34955	-0.000937674
0.359532	-0.0009945
0.369514	-0.00105293
0.379496	-0.00111295
0.389478	-0.00117458
0.39946	-0.00123781
0.409442	-0.00130264
0.419424	-0.00136907
0.429406	-0.0014371
0.439388	-0.00150673
0.44937	-0.00157797
0.459352	-0.0016508
0.469334	-0.00172524
0.479316	-0.00180127
0.489298	-0.00187891
0.49928	-0.00195815
0.509262	-0.00203899
0.519244	-0.00212143
0.529226	-0.00220547
0.539208	-0.00229112
0.54919	-0.00237836
0.559172	-0.00246721
0.569154	-0.00255766
0.579136	-0.00264971
0.589118	-0.00274336
0.5991	-0.00283862
0.609082	-0.00293547
0.619064	-0.00303393
0.629046	-0.003134
0.639028	-0.00323566
0.64901	-0.00333893
0.658992	-0.00344379
0.668974	-0.00355026
0.678956	-0.00365834
0.688938	-0.00376802
0.69892	-0.00387929
0.708902	-0.00399218
0.718884	-0.00410666
0.728866	-0.00422275
0.738848	-0.00434044
0.74883	-0.00445974
0.758812	-0.00458064
0.768794	-0.00470314
0.778776	-0.00482724
0.788758	-0.00495295
0.79874	-0.00508027
0.808722	-0.00520918
0.818704	-0.0053397
0.828686	-0.00547183
0.838668	-0.00560556
0.84865	-0.00574089
0.858632	-0.00587783
0.868614	-0.00601637
0.878596	-0.00615652
0.888578	-0.00629827
0.89856	-0.00644163
0.908542	-0.00658659
0.918524	-0.00673316
0.928506	-0.00688133
0.938488	-0.00703111
0.94847	-0.00718249
0.958452	-0.00733548
0.968434	-0.00749008
0.978416	-0.00764628
0.988398	-0.00780409
0.99838	-0.0079635
1.00836	-0.00812452
1.01834	-0.00828715
1.02833	-0.00845138
1.03831	-0.00861722
1.04829	-0.00878467
1.05827	-0.00895372
1.06825	-0.00912438
1.07824	-0.00929665
1.08822	-0.00947052
1.0982	-0.00964601
1.10818	-0.0098231
1.11816	-0.0100018
1.12815	-0.0101821
1.13813	-0.010364
1.14811	-0.0105475
1.15809	-0.0107327
1.16807	-0.0109194
1.17806	-0.0111078
1.18804	-0.0112977
1.19802	-0.0114893
1.208	-0.0116825
1.21798	-0.0118772
1.22797	-0.0120736
1.23795	-0.0122716
1.24793	-0.0124713
1.25791	-0.0126725
1.26789	-0.0128753
1.27788	-0.0130798
1.28786	-0.0132858
1.29784	-0.0134935
1.30782	-0.0137028
1.3178	-0.0139137
1.32779	-0.0141262
1.33777	-0.0143403
1.34775	-0.014556
1.35773	-0.0147733
1.36771	-0.0149923
1.3777	-0.0152128
1.38768	-0.015435
1.39766	-0.0156588
1.40764	-0.0158842
1.41762	-0.0161112
1.42761	-0.0163398
1.43759	-0.0165701
1.44757	-0.0168019
1.45755	-0.0170354
1.46753	-0.0172704
1.47752	-0.0175071
1.4875	-0.0177454
1.49748	-0.0179854
1.50746	-0.0182269
1.51744	-0.01847
1.52743	-0.0187148
1.53741	-0.0189612
1.54739	-0.0192092
1.55737	-0.0194588
1.56735	-0.01971
1.57734	-0.0199629
1.58732	-0.0202173
1.5973	-0.0204734
1.60728	-0.0207311
1.61726	-0.0209904
1.62725	-0.0212513
1.63723	-0.0215139
1.64721	-0.021778
1.65719	-0.0220438
1.66717	-0.0223112
1.67716	-0.0225802
1.68714	-0.0228508
1.69712	-0.0231231
1.7071	-0.023397
1.71708	-0.0236725
1.72707	-0.0239496
1.73705	-0.0242283
1.74703	-0.0245086
1.75701	-0.0247906
1.76699	-0.0250742
1.77698	-0.0253594
1.78696	-0.0256462
1.79694	-0.0259347
1.80692	-0.0262248
1.8169	-0.0265164
1.82689	-0.0268098
1.83687	-0.0271047
1.84685	-0.0274013
1.85683	-0.0276994
1.86681	-0.0279992
1.8768	-0.0283007
1.88678	-0.0286037
1.89676	-0.0289084
1.90674	-0.0292147
1.91672	-0.0295226
1.92671	-0.0298321
1.93669	-0.0301433
1.94667	-0.0304561
1.95665	-0.0307705
1.96663	-0.0310866
1.97662	-0.0314042
1.9866	-0.0317235
1.99658	-0.0320444
2.00656	-0.032367
2.01654	-0.0326912
2.02653	-0.033017
2.03651	-0.0333444
2.04649	-0.0336734
2.05647	-0.0340041
2.06645	-0.0343364
2.07644	-0.0346704
2.08642	-0.0350059
2.0964	-0.0353431
2.10638	-0.0356819
2.11636	-0.0360224
2.12635	-0.0363645
2.13633	-0.0367082
2.14631	-0.0370535
2.15629	-0.0374005
2.16627	-0.0377491
2.17626	-0.0380993
2.18624	-0.0384512
2.19622	-0.0388047
2.2062	-0.0391598
2.21618	-0.0395166
2.22617	-0.0398749
2.23615	-0.040235
2.24613	-0.0405966
2.25611	-0.0409599
2.26609	-0.0413248
2.27608	-0.0416914
2.28606	-0.0420596
2.29604	-0.0424294
2.30602	-0.0428008
2.316	-0.0431739
2.32599	-0.0435487
2.33597	-0.043925
2.34595	-0.044303
2.35593	-0.0446827
2.36591	-0.0450639
2.3759	-0.0454468
2.38588	-0.0458314
2.39586	-0.0462176
2.40584	-0.0466054
2.41582	-0.0469948
2.42581	-0.0473859
2.43579	-0.0477787
2.44577	-0.048173
2.45575	-0.0485691
2.46573	-0.0489667
2.47572	-0.049366
2.4857	-0.0497669
2.49568	-0.0501695
2.50566	-0.0505737
2.51564	-0.0509796
2.52563	-0.0513871
2.53561	-0.0517962
2.54559	-0.052207
2.55557	-0.0526194
2.56555	-0.0530335
2.57554	-0.0534492
2.58552	-0.0538665
2.5955	-0.0542855
2.60548	-0.0547061
2.61546	-0.0551284
2.62545	-0.0555524
2.63543	-0.0559779
2.64541	-0.0564051
2.65539	-0.056834
2.66537	-0.0572645
2.67536	-0.0576967
2.68534	-0.0581305
2.69532	-0.0585659
2.7053	-0.059003
2.71528	-0.0594418
2.72527	-0.0598821
2.73525	-0.0603242
2.74523	-0.0607679
2.75521	-0.0612132
2.76519	-0.0616602
2.77518	-0.0621088
2.78516	-0.0625591
2.79514	-0.0630111
2.80512	-0.0634647
2.8151	-0.0639199
2.82509	-0.0643768
2.83507	-0.0648353
2.84505	-0.0652955
2.85503	-0.0657574
2.86501	-0.0662209
2.87499	-0.0666861
2.88498	-0.0671529
2.89496	-0.0676213
2.90494	-0.0680914
2.91492	-0.0685632
2.9249	-0.0690367
2.93489	-0.0695117
2.94487	-0.0699885
2.95485	-0.0704669
2.96483	-0.0709469
2.97481	-0.0714286
2.9848	-0.071912
2.99478	-0.072397
3.00476	-0.0728837
3.01474	-0.0733721
3.02472	-0.0738621
3.03471	-0.0743537
3.04469	-0.0748471
3.05467	-0.075342
3.06465	-0.0758387
3.07463	-0.076337
3.08462	-0.076837
3.0946	-0.0773386
3.10458	-0.0778419
3.11456	-0.0783468
3.12454	-0.0788535
3.13453	-0.0793617
3.14451	-0.0798717
3.15449	-0.0803833
3.16447	-0.0808966
3.17445	-0.0814115
3.18444	-0.0819281
3.19442	-0.0824464
3.2044	-0.0829663
3.21438	-0.0834879
3.22436	-0.0840112
3.23435	-0.0845361
3.24433	-0.0850627
3.25431	-0.085591
3.26429	-0.0861209
3.27427	-0.0866525
3.28426	-0.0871858
3.29424	-0.0877208
3.30422	-0.0882574
3.3142	-0.0887957
3.32418	-0.0893356
3.33417	-0.0898773
3.34415	-0.0904206
3.35413	-0.0909655
3.36411	-0.0915122
3.37409	-0.0920605
3.38408	-0.0926105
3.39406	-0.0931622
3.40404	-0.0937155
3.41402	-0.0942705
3.424	-0.0948272
3.43399	-0.0953856
3.44397	-0.0959456
3.45395	-0.0965074
3.46393	-0.0970708
3.47391	-0.0976358
3.4839	-0.0982026
3.49388	-0.098771
3.50386	-0.0993412
3.51384	-0.0999129
3.52382	-0.100486
3.53381	-0.101062
3.54379	-0.101638
3.55377	-0.102217
3.56375	-0.102797
3.57373	-0.103379
3.58372	-0.103963
3.5937	-0.104548
3.60368	-0.105135
3.61366	-0.105723
3.62364	-0.106314
3.63363	-0.106906
3.64361	-0.107499
3.65359	-0.108095
3.66357	-0.108692
3.67355	-0.10929
3.68354	-0.109891
3.69352	-0.110493
3.7035	-0.111097
3.71348	-0.111702
3.72346	-0.112309
3.73345	-0.112918
3.74343	-0.113529
3.75341	-0.114141
3.76339	-0.114755
3.77337	-0.11537
3.78336	-0.115988
3.79334	-0.116607
3.80332	-0.117227
3.8133	-0.11785
3.82328	-0.118474
3.83327	-0.1191
3.84325	-0.119727
3.85323	-0.120356
3.86321	-0.120987
3.87319	-0.12162
3.88318	-0.122254
3.89316	-0.12289
3.90314	-0.123527
3.91312	-0.124167
3.9231	-0.124808
3.93309	-0.12545
3.94307	-0.126095
3.95305	-0.126741
3.96303	-0.127389
3.97301	-0.128038
3.983	-0.12869
3.99298	-0.129342
4.00296	-0.129997
4.01294	-0.130653
4.02292	-0.131311
4.03291	-0.131971
4.04289	-0.132633
4.05287	-0.133296
4.06285	-0.133961
4.07283	-0.134627
4.08282	-0.135295
4.0928	-0.135965
4.10278	-0.136637
4.11276	-0.13731
4.12274	-0.137986
4.13273	-0.138662
4.14271	-0.139341
4.15269	-0.140021
4.16267	-0.140703
4.17265	-0.141387
4.18264	-0.142072
4.19262	-0.142759
4.2026	-0.143448
4.21258	-0.144138
4.22256	-0.14483
4.23255	-0.145524
4.24253	-0.14622
4.25251	-0.146917
4.26249	-0.147616
4.27247	-0.148317
4.28246	-0.14902
4.29244	-0.149724
4.30242	-0.15043
4.3124	-0.151137
4.32238	-0.151847
4.33237	-0.152558
4.34235	-0.153271
4.35233	-0.153985
4.36231	-0.154701
4.37229	-0.155419
4.38228	-0.156139
4.39226	-0.15686
4.40224	-0.157583
4.41222	-0.158308
4.4222	-0.159035
4.43219	-0.159763
4.44217	-0.160493
4.45215	-0.161225
4.46213	-0.161958
4.47211	-0.162693
4.4821	-0.16343
4.49208	-0.164169
4.50206	-0.164909
4.51204	-0.165651
4.52202	-0.166395
4.53201	-0.167141
4.54199	-0.167888
4.55197	-0.168637
4.56195	-0.169388
4.57193	-0.17014
4.58192	-0.170894
4.5919	-0.17165
4.60188	-0.172408
4.61186	-0.173167
4.62184	-0.173929
4.63183	-0.174691
4.64181	-0.175456
4.65179	-0.176222
4.66177	-0.17699
4.67175	-0.17776
4.68174	-0.178532
4.69172	-0.179305
4.7017	-0.18008
4.71168	-0.180857
4.72166	-0.181635
4.73165	-0.182416
4.74163	-0.183197
4.75161	-0.183981
4.76159	-0.184767
4.77157	-0.185554
4.78156	-0.186343
4.79154	-0.187133
4.80152	-0.187926
4.8115	-0.18872
4.82148	-0.189516
4.83147	-0.190314
4.84145	-0.191113
4.85143	-0.191914
4.86141	-0.192717
4.87139	-0.193522
4.88138	-0.194328
4.89136	-0.195136
4.90134	-0.195946
4.91132	-0.196758
4.9213	-0.197571
4.93129	-0.198386
4.94127	-0.199203
4.95125	-0.200022
4.96123	-0.200842
4.97121	-0.201664
4.9812	-0.202488
4.99118	-0.203314
5.00116	-0.204141
5.01114	-0.204971
5.02112	-0.205802
5.03111	-0.206634
5.04109	-0.207469
5.05107	-0.208305
5.06105	-0.209143
5.07103	-0.209983
5.08102	-0.210824
5.091	-0.211667
5.10098	-0.212512
5.11096	-0.213359
5.12094	-0.214208
5.13093	-0.215058
5.14091	-0.21591
5.15089	-0.216764
5.16087	-0.217619
5.17085	-0.218477
5.18084	-0.219336
5.19082	-0.220197
5.2008	-0.221059
5.21078	-0.221924
5.22076	-0.22279
5.23075	-0.223658
5.24073	-0.224527
5.25071	-0.225399
5.26069	-0.226272
5.27067	-0.227147
5.28066	-0.228024
5.29064	-0.228903
5.30062	-0.229783
5.3106	-0.230665
5.32058	-0.231549
5.33057	-0.232434
5.34055	-0.233322
5.35053	-0.234211
5.36051	-0.235102
5.37049	-0.235995
5.38048	-0.236889
5.39046	-0.237786
5.40044	-0.238684
5.41042	-0.239584
5.4204	-0.240485
5.43039	-0.241389
5.44037	-0.242294
5.45035	-0.243201
5.46033	-0.24411
5.47031	-0.24502
5.4803	-0.245933
5.49028	-0.246847
5.50026	-0.247763
5.51024	-0.24868
5.52022	-0.2496
5.53021	-0.250521
5.54019	-0.251444
5.55017	-0.252369
5.56015	-0.253296
5.57013	-0.254224
5.58012	-0.255154
5.5901	-0.256086
5.60008	-0.25702
5.61006	-0.257955
5.62004	-0.258893
5.63003	-0.259832
5.64001	-0.260773
5.64999	-0.261716
5.65997	-0.26266
5.66995	-0.263607
5.67994	-0.264555
5.68992	-0.265505
5.6999	-0.266456
5.70988	-0.26741
5.71986	-0.268365
5.72985	-0.269322
5.73983	-0.270281
5.74981	-0.271242
5.75979	-0.272204
5.76977	-0.273169
5.77976	-0.274135
5.78974	-0.275103
5.79972	-0.276073
5.8097	-0.277044
5.81968	-0.278017
5.82967	-0.278992
5.83965	-0.279969
5.84963	-0.280948
5.85961	-0.281929
5.86959	-0.282911
5.87958	-0.283895
5.88956	-0.284881
5.89954	-0.285869
5.90952	-0.286859
5.9195	-0.28785
5.92949	-0.288843
5.93947	-0.289838
5.94945	-0.290835
5.95943	-0.291834
5.96941	-0.292834
5.9794	-0.293836
5.98938	-0.294841
5.99936	-0.295846
6.00934	-0.296854
6.01932	-0.297864
6.02931	-0.298875
6.03929	-0.299888
6.04927	-0.300903
6.05925	-0.30192
6.06923	-0.302939
6.07922	-0.303959
6.0892	-0.304981
6.09918	-0.306006
6.10916	-0.307031
6.11914	-0.308059
6.12913	-0.309089
6.13911	-0.31012
6.14909	-0.311153
6.15907	-0.312188
6.16905	-0.313225
6.17904	-0.314264
6.18902	-0.315305
6.199	-0.316347
6.20898	-0.317391
6.21896	-0.318437
6.22895	-0.319485
6.23893	-0.320535
6.24891	-0.321586
6.25889	-0.322639
6.26887	-0.323695
6.27886	-0.324752
6.28884	-0.32581
6.29882	-0.326871
6.3088	-0.327934
6.31878	-0.328998
6.32877	-0.330064
6.33875	-0.331132
6.34873	-0.332202
6.35871	-0.333274
6.36869	-0.334347
6.37868	-0.335423
6.38866	-0.3365
6.39864	-0.337579
6.40862	-0.33866
6.4186	-0.339742
6.42859	-0.340827
6.43857	-0.341913
6.44855	-0.343002
6.45853	-0.344092
6.46851	-0.345184
6.4785	-0.346278
6.48848	-0.347373
6.49846	-0.348471
6.50844	-0.34957
6.51842	-0.350671
6.52841	-0.351774
6.53839	-0.352879
6.54837	-0.353986
6.55835	-0.355095
6.56833	-0.356205
6.57832	-0.357317
6.5883	-0.358432
6.59828	-0.359548
6.60826	-0.360665
6.61824	-0.361785
6.62823	-0.362907
6.63821	-0.36403
6.64819	-0.365155
6.65817	-0.366283
6.66815	-0.367412
6.67814	-0.368542
6.68812	-0.369675
6.6981	-0.37081
6.70808	-0.371946
6.71806	-0.373085
6.72805	-0.374225
6.73803	-0.375367
6.74801	-0.376511
6.75799	-0.377656
6.76797	-0.378804
6.77796	-0.379954
6.78794	-0.381105
6.79792	-0.382258
6.8079	-0.383413
6.81788	-0.38457
6.82787	-0.385729
6.83785	-0.38689
6.84783	-0.388052
6.85781	-0.389217
6.86779	-0.390383
6.87778	-0.391551
6.88776	-0.392722
6.89774	-0.393893
6.90772	-0.395067
6.9177	-0.396243
6.92769	-0.397421
6.93767	-0.3986
6.94765	-0.399781
6.95763	-0.400965
6.96761	-0.40215
6.9776	-0.403337
6.98758	-0.404525
6.99756	-0.405716
7.00754	-0.406909
7.01752	-0.408103
7.02751	-0.4093
7.03749	-0.410498
7.04747	-0.411698
7.05745	-0.4129
7.06743	-0.414104
7.07742	-0.41531
7.0874	-0.416518
7.09738	-0.417727
7.10736	-0.418939
7.11734	-0.420152
7.12733	-0.421367
7.13731	-0.422584
7.14729	-0.423803
7.15727	-0.425024
7.16725	-0.426247
7.17724	-0.427472
7.18722	-0.428698
7.1972	-0.429927
7.20718	-0.431157
7.21716	-0.432389
7.22715	-0.433624
7.23713	-0.43486
7.24711	-0.436098
7.25709	-0.437338
7.26707	-0.438579
7.27706	-0.439823
7.28704	-0.441069
7.29702	-0.442316
7.307	-0.443565
7.31698	-0.444817
7.32697	-0.44607
7.33695	-0.447325
7.34693	-0.448582
7.35691	-0.449841
7.36689	-0.451102
7.37688	-0.452364
7.38686	-0.453629
7.39684	-0.454895
7.40682	-0.456164
7.4168	-0.457434
7.42679	-0.458706
7.43677	-0.459981
7.44675	-0.461257
7.45673	-0.462535
7.46671	-0.463815
7.4767	-0.465096
7.48668	-0.46638
7.49666	-0.467666
7.50664	-0.468953
7.51662	-0.470243
7.52661	-0.471534
7.53659	-0.472827
7.54657	-0.474123
7.55655	-0.47542
7.56653	-0.476719
7.57652	-0.47802
7.5865	-0.479323
7.59648	-0.480628
7.60646	-0.481934
7.61644	-0.483243
7.62643	-0.484554
7.63641	-0.485866
7.64639	-0.48718
7.65637	-0.488497
7.66635	-0.489815
7.67634	-0.491135
7.68632	-0.492457
7.6963	-0.493782
7.70628	-0.495108
7.71626	-0.496435
7.72625	-0.497765
7.73623	-0.499097
7.74621	-0.500431
7.75619	-0.501767
7.76617	-0.503104
7.77616	-0.504444
7.78614	-0.505785
7.79612	-0.507128
7.8061	-0.508474
7.81608	-0.509821
7.82607	-0.51117
7.83605	-0.512521
7.84603	-0.513874
7.85601	-0.515229
7.86599	-0.516586
7.87598	-0.517945
7.88596	-0.519306
7.89594	-0.520669
7.90592	-0.522034
7.9159	-0.5234
7.92589	-0.524769
7.93587	-0.526139
7.94585	-0.527512
7.95583	-0.528886
7.96581	-0.530263
7.9758	-0.531641
7.98578	-0.533021
7.99576	-0.534404
8.00574	-0.535788
8.01572	-0.537174
8.02571	-0.538562
8.03569	-0.539952
8.04567	-0.541344
8.05565	-0.542738
8.06563	-0.544134
8.07562	-0.545532
8.0856	-0.546931
8.09558	-0.548333
8.10556	-0.549737
8.11554	-0.551143
8.12553	-0.55255
8.13551	-0.55396
8.14549	-0.555371
8.15547	-0.556785
8.16545	-0.5582
8.17544	-0.559618
8.18542	-0.561037
8.1954	-0.562458
8.20538	-0.563882
8.21536	-0.565307
8.22535	-0.566734
8.23533	-0.568163
8.24531	-0.569595
8.25529	-0.571028
8.26527	-0.572463
8.27526	-0.5739
8.28524	-0.575339
8.29522	-0.57678
8.3052	-0.578223
8.31518	-0.579668
8.32517	-0.581115
8.33515	-0.582564
8.34513	-0.584014
8.35511	-0.585467
8.36509	-0.586922
8.37508	-0.588379
8.38506	-0.589838
8.39504	-0.591298
8.40502	-0.592761
8.415	-0.594226
8.42498	-0.595692
8.43497	-0.597161
8.44495	-0.598632
8.45493	-0.600104
8.46491	-0.601579
8.47489	-0.603055
8.48488	-0.604534
8.49486	-0.606014
8.50484	-0.607497
8.51482	-0.608981
8.5248	-0.610468
8.53479	-0.611956
8.54477	-0.613447
8.55475	-0.614939
8.56473	-0.616433
8.57471	-0.61793
8.5847	-0.619428
8.59468	-0.620929
8.60466	-0.622431
8.61464	-0.623935
8.62462	-0.625442
8.63461	-0.62695
8.64459	-0.62846
8.65457	-0.629973
8.66455	-0.631487
8.67453	-0.633003
8.68452	-0.634522
8.6945	-0.636042
8.70448	-0.637564
8.71446	-0.639088
8.72444	-0.640615
8.73443	-0.642143
8.74441	-0.643673
8.75439	-0.645205
8.76437	-0.64674
8.77435	-0.648276
8.78434	-0.649814
8.79432	-0.651355
8.8043	-0.652897
8.81428	-0.654441
8.82426	-0.655987
8.83425	-0.657536
8.84423	-0.659086
8.85421	-0.660638
8.86419	-0.662193
8.87417	-0.663749
8.88416	-0.665307
8.89414	-0.666868
8.90412	-0.66843
8.9141	-0.669994
8.92408	-0.671561
8.93407	-0.673129
8.94405	-0.674699
8.95403	-0.676272
8.96401	-0.677846
8.97399	-0.679423
8.98398	-0.681001
8.99396	-0.682582
9.00394	-0.684164
9.01392	-0.685749
9.0239	-0.687335
9.03389	-0.688924
9.04387	-0.690514
9.05385	-0.692107
9.06383	-0.693701
9.07381	-0.695298
9.0838	-0.696896
9.09378	-0.698497
9.10376	-0.7001
9.11374	-0.701704
9.12372	-0.703311
9.13371	-0.70492
9.14369	-0.706531
9.15367	-0.708143
9.16365	-0.709758
9.17363	-0.711375
9.18362	-0.712994
9.1936	-0.714615
9.20358	-0.716238
9.21356	-0.717863
9.22354	-0.71949
9.23353	-0.721119
9.24351	-0.72275
9.25349	-0.724383
9.26347	-0.726018
9.27345	-0.727655
9.28344	-0.729294
9.29342	-0.730935
9.3034	-0.732579
9.31338	-0.734224
9.32336	-0.735871
9.33335	-0.73752
9.34333	-0.739172
9.35331	-0.740825
9.36329	-0.742481
9.37327	-0.744138
9.38326	-0.745798
9.39324	-0.747459
9.40322	-0.749123
9.4132	-0.750789
9.42318	-0.752456
9.43317	-0.754126
9.44315	-0.755798
9.45313	-0.757472
9.46311	-0.759147
9.47309	-0.760825
9.48308	-0.762505
9.49306	-0.764187
9.50304	-0.765871
9.51302	-0.767558
9.523	-0.769246
9.53299	-0.770936
9.54297	-0.772628
9.55295	-0.774322
9.56293	-0.776019
9.57291	-0.777717
9.5829	-0.779418
9.59288	-0.78112
9.60286	-0.782825
9.61284	-0.784531
9.62282	-0.78624
9.63281	-0.787951
9.64279	-0.789664
9.65277	-0.791378
9.66275	-0.793095
9.67273	-0.794814
9.68272	-0.796535
9.6927	-0.798258
9.70268	-0.799983
9.71266	-0.801711
9.72264	-0.80344
9.73263	-0.805171
9.74261	-0.806905
9.75259	-0.80864
9.76257	-0.810377
9.77255	-0.812117
9.78254	-0.813859
9.79252	-0.815602
9.8025	-0.817348
9.81248	-0.819096
9.82246	-0.820846
9.83245	-0.822598
9.84243	-0.824352
9.85241	-0.826108
9.86239	-0.827866
9.87237	-0.829626
9.88236	-0.831389
9.89234	-0.833153
9.90232	-0.834919
9.9123	-0.836688
9.92228	-0.838458
9.93227	-0.840231
9.94225	-0.842006
9.95223	-0.843783
9.96221	-0.845562
9.97219	-0.847343
9.98218	-0.849126
9.99216	-0.850911
10.0021	-0.852698
10.0121	-0.854487
10.0221	-0.856278
10.0321	-0.858072
10.0421	-0.859867
10.0521	-0.861665
10.062	-0.863465
10.072	-0.865266
10.082	-0.86707
10.092	-0.868876
10.102	-0.870684
10.1119	-0.872494
10.1219	-0.874306
10.1319	-0.876121
10.1419	-0.877937
10.1519	-0.879755
10.1619	-0.881576
10.1718	-0.883398
10.1818	-0.885223
10.1918	-0.88705
10.2018	-0.888879
10.2118	-0.89071
10.2217	-0.892543
10.2317	-0.894378
10.2417	-0.896215
10.2517	-0.898054
10.2617	-0.899896
10.2717	-0.901739
10.2816	-0.903585
10.2916	-0.905433
10.3016	-0.907282
10.3116	-0.909134
10.3216	-0.910988
10.3315	-0.912844
10.3415	-0.914702
10.3515	-0.916563
10.3615	-0.918425
10.3715	-0.920289
10.3815	-0.922156
10.3914	-0.924025
10.4014	-0.925895
10.4114	-0.927768
10.4214	-0.929643
10.4314	-0.93152
10.4413	-0.933399
10.4513	-0.935281
10.4613	-0.937164
10.4713	-0.939049
10.4813	-0.940937
10.4913	-0.942827
10.5012	-0.944718
10.5112	-0.946612
10.5212	-0.948508
10.5312	-0.950406
10.5412	-0.952307
10.5512	-0.954209
10.5611	-0.956113
10.5711	-0.95802
10.5811	-0.959928
10.5911	-0.961839
10.6011	-0.963752
10.611	-0.965667
10.621	-0.967584
10.631	-0.969503
10.641	-0.971425
10.651	-0.973348
10.661	-0.975274
10.6709	-0.977201
10.6809	-0.979131
10.6909	-0.981063
10.7009	-0.982997
10.7109	-0.984933
10.7208	-0.986871
10.7308	-0.988812
10.7408	-0.990754
10.7508	-0.992699
10.7608	-0.994645
10.7708	-0.996594
10.7807	-0.998545
10.7907	-1.0005
10.8007	-1.00245
10.8107	-1.00441
10.8207	-1.00637
10.8306	-1.00833
10.8406	-1.0103
10.8506	-1.01226
10.8606	-1.01423
10.8706	-1.0162
10.8806	-1.01817
10.8905	-1.02015
10.9005	-1.02212
10.9105	-1.0241
10.9205	-1.02608
10.9305	-1.02806
10.9404	-1.03005
10.9504	-1.03204
10.9604	-1.03402
10.9704	-1.03602
10.9804	-1.03801
10.9904	-1.04001
11.0003	-1.042
11.0103	-1.044
11.0203	-1.046
11.0303	-1.04801
11.0403	-1.05002
11.0503	-1.05202
11.0602	-1.05403
11.0702	-1.05605
11.0802	-1.05806
11.0902	-1.06008
11.1002	-1.0621
11.1101	-1.06412
11.1201	-1.06614
11.1301	-1.06817
11.1401	-1.07019
11.1501	-1.07222
11.1601	-1.07426
11.17	-1.07629
11.18	-1.07833
11.19	-1.08036
11.2	-1.08241
11.21	-1.08445
11.2199	-1.08649
11.2299	-1.08854
11.2399	-1.09059
11.2499	-1.09264
11.2599	-1.09469
11.2699	-1.09675
11.2798	-1.09881
11.2898	-1.10087
11.2998	-1.10293
11.3098	-1.10499
11.3198	-1.10706
11.3297	-1.10913
11.3397	-1.1112
11.3497	-1.11327
11.3597	-1.11534
11.3697	-1.11742
11.3797	-1.1195
11.3896	-1.12158
11.3996	-1.12366
11.4096	-1.12575
11.4196	-1.12784
11.4296	-1.12993
11.4395	-1.13202
11.4495	-1.13411
11.4595	-1.13621
11.4695	-1.13831
11.4795	-1.14041
11.4895	-1.14251
11.4994	-1.14462
11.5094	-1.14672
11.5194	-1.14883
11.5294	-1.15094
11.5394	-1.15306
11.5493	-1.15517
11.5593	-1.15729
11.5693	-1.15941
11.5793	-1.16153
11.5893	-1.16366
11.5993	-1.16578
11.6092	-1.16791
11.6192	-1.17004
11.6292	-1.17217
11.6392	-1.17431
11.6492	-1.17645
11.6592	-1.17859
11.6691	-1.18073
11.6791	-1.18287
11.6891	-1.18502
11.6991	-1.18717
11.7091	-1.18932
11.719	-1.19147
11.729	-1.19362
11.739	-1.19578
11.749	-1.19794
11.759	-1.2001
11.769	-1.20226
11.7789	-1.20443
11.7889	-1.20659
11.7989	-1.20876
11.8089	-1.21094
11.8189	-1.21311
11.8288	-1.21529
11.8388	-1.21746
11.8488	-1.21965
11.8588	-1.22183
11.8688	-1.22401
11.8788	-1.2262
11.8887	-1.22839
11.8987	-1.23058
11.9087	-1.23277
11.9187	-1.23497
11.9287	-1.23717
11.9386	-1.23937
11.9486	-1.24157
11.9586	-1.24377
11.9686	-1.24598
11.9786	-1.24819
11.9886	-1.2504
11.9985	-1.25261
12.0085	-1.25483
12.0185	-1.25705
12.0285	-1.25927
12.0385	-1.26149
12.0484	-1.26371
12.0584	-1.26594
12.0684	-1.26817
12.0784	-1.2704
12.0884	-1.27263
12.0984	-1.27486
12.1083	-1.2771
12.1183	-1.27934
12.1283	-1.28158
12.1383	-1.28382
12.1483	-1.28607
12.1583	-1.28832
12.1682	-1.29057
12.1782	-1.29282
12.1882	-1.29507
12.1982	-1.29733
12.2082	-1.29959
12.2181	-1.30185
12.2281	-1.30411
12.2381	-1.30638
12.2481	-1.30865
12.2581	-1.31092
12.2681	-1.31319
12.278	-1.31546
12.288	-1.31774
12.298	-1.32002
12.308	-1.3223
12.318	-1.32458
12.3279	-1.32687
12.3379	-1.32915
12.3479	-1.33144
12.3579	-1.33373
12.3679	-1.33603
12.3779	-1.33832
12.3878	-1.34062
12.3978	-1.34292
12.4078	-1.34522
12.4178	-1.34753
12.4278	-1.34984
12.4377	-1.35214
12.4477	-1.35446
12.4577	-1.35677
12.4677	-1.35908
12.4777	-1.3614
12.4877	-1.36372
12.4976	-1.36604
12.5076	-1.36837
12.5176	-1.3707
12.5276	-1.37302
12.5376	-1.37535
12.5475	-1.37769
12.5575	-1.38002
12.5675	-1.38236
12.5775	-1.3847
12.5875	-1.38704
12.5975	-1.38939
12.6074	-1.39173
12.6174	-1.39408
12.6274	-1.39643
12.6374	-1.39878
12.6474	-1.40114
12.6574	-1.4035
12.6673	-1.40586
12.6773	-1.40822
12.6873	-1.41058
12.6973	-1.41295
12.7073	-1.41532
12.7172	-1.41769
12.7272	-1.42006
12.7372	-1.42243
12.7472	-1.42481
12.7572	-1.42719
12.7672	-1.42957
12.7771	-1.43195
12.7871	-1.43434
12.7971	-1.43673
12.8071	-1.43912
12.8171	-1.44151
12.827	-1.44391
12.837	-1.4463
12.847	-1.4487
12.857	-1.4511
12.867	-1.45351
12.877	-1.45591
12.8869	-1.45832
12.8969	-1.46073
12.9069	-1.46314
12.9169	-1.46555
12.9269	-1.46797
12.9368	-1.47039
12.9468	-1.47281
12.9568	-1.47523
12.9668	-1.47766
12.9768	-1.48009
12.9868	-1.48252
12.9967	-1.48495
13.0067	-1.48738
13.0167	-1.48982
13.0267	-1.49226
13.0367	-1.4947
13.0466	-1.49714
13.0566	-1.49959
13.0666	-1.50203
13.0766	-1.50448
13.0866	-1.50694
13.0966	-1.50939
13.1065	-1.51185
13.1165	-1.5143
13.1265	-1.51676
13.1365	-1.51923
13.1465	-1.52169
13.1565	-1.52416
13.1664	-1.52663
13.1764	-1.5291
13.1864	-1.53157
13.1964	-1.53405
13.2064	-1.53653
13.2163	-1.53901
13.2263	-1.54149
13.2363	-1.54398
13.2463	-1.54646
13.2563	-1.54895
13.2663	-1.55144
13.2762	-1.55394
13.2862	-1.55643
13.2962	-1.55893
13.3062	-1.56143
13.3162	-1.56393
13.3261	-1.56644
13.3361	-1.56895
13.3461	-1.57146
13.3561	-1.57397
13.3661	-1.57648
13.3761	-1.579
13.386	-1.58151
13.396	-1.58403
13.406	-1.58656
13.416	-1.58908
13.426	-1.59161
13.4359	-1.59414
13.4459	-1.59667
13.4559	-1.5992
13.4659	-1.60174
13.4759	-1.60428
13.4859	-1.60682
13.4958	-1.60936
13.5058	-1.6119
13.5158	-1.61445
13.5258	-1.617
13.5358	-1.61955
13.5457	-1.6221
13.5557	-1.62466
13.5657	-1.62722
13.5757	-1.62977
13.5857	-1.63234
13.5957	-1.6349
13.6056	-1.63747
13.6156	-1.64004
13.6256	-1.64261
13.6356	-1.64518
13.6456	-1.64776
13.6556	-1.65033
13.6655	-1.65291
13.6755	-1.6555
13.6855	-1.65808
13.6955	-1.66067
13.7055	-1.66326
13.7154	-1.66585
13.7254	-1.66844
13.7354	-1.67103
13.7454	-1.67363
13.7554	-1.67623
13.7654	-1.67883
13.7753	-1.68144
13.7853	-1.68404
13.7953	-1.68665
13.8053	-1.68926
13.8153	-1.69188
13.8252	-1.69449
13.8352	-1.69711
13.8452	-1.69973
13.8552	-1.70235
13.8652	-1.70498
13.8752	-1.7076
13.8851	-1.71023
13.8951	-1.71286
13.9051	-1.71549
13.9151	-1.71813
13.9251	-1.72077
13.935	-1.72341
13.945	-1.72605
13.955	-1.72869
13.965	-1.73134
13.975	-1.73399
13.985	-1.73664
13.9949	-1.73929
14.0049	-1.74194
14.0149	-1.7446
14.0249	-1.74726
14.0349	-1.74992
14.0448	-1.75259
14.0548	-1.75525
14.0648	-1.75792
14.0748	-1.76059
14.0848	-1.76326
14.0948	-1.76594
14.1047	-1.76862
14.1147	-1.7713
14.1247	-1.77398
14.1347	-1.77666
14.1447	-1.77935
14.1547	-1.78204
14.1646	-1.78473
14.1746	-1.78742
14.1846	-1.79011
14.1946	-1.79281
14.2046	-1.79551
14.2145	-1.79821
14.2245	-1.80092
14.2345	-1.80362
14.2445	-1.80633
14.2545	-1.80904
14.2645	-1.81175
14.2744	-1.81447
14.2844	-1.81719
14.2944	-1.8199
14.3044	-1.82263
14.3144	-1.82535
14.3243	-1.82808
14.3343	-1.8308
14.3443	-1.83353
14.3543	-1.83627
14.3643	-1.839
14.3743	-1.84174
14.3842	-1.84448
14.3942	-1.84722
14.4042	-1.84996
14.4142	-1.85271
14.4242	-1.85546
14.4341	-1.85821
14.4441	-1.86096
14.4541	-1.86371
14.4641	-1.86647
14.4741	-1.86923
14.4841	-1.87199
14.494	-1.87475
14.504	-1.87752
14.514	-1.88029
14.524	-1.88306
14.534	-1.88583
14.5439	-1.88861
14.5539	-1.89138
14.5639	-1.89416
14.5739	-1.89694
14.5839	-1.89973
14.5939	-1.90251
14.6038	-1.9053
14.6138	-1.90809
14.6238	-1.91088
14.6338	-1.91368
14.6438	-1.91647
14.6538	-1.91927
14.6637	-1.92207
14.6737	-1.92488
14.6837	-1.92768
14.6937	-1.93049
14.7037	-1.9333
14.7136	-1.93611
14.7236	-1.93893
14.7336	-1.94174
14.7436	-1.94456
14.7536	-1.94738
14.7636	-1.95021
14.7735	-1.95303
14.7835	-1.95586
14.7935	-1.95869
14.8035	-1.96152
14.8135	-1.96436
14.8234	-1.96719
14.8334	-1.97003
14.8434	-1.97287
14.8534	-1.97571
14.8634	-1.97856
14.8734	-1.98141
14.8833	-1.98426
14.8933	-1.98711
14.9033	-1.98996
14.9133	-1.99282
14.9233	-1.99568
14.9332	-1.99854
14.9432	-2.0014
14.9532	-2.00427
14.9632	-2.00713
14.9732	-2.01
14.9832	-2.01288
14.9931	-2.01575
15.0031	-2.01863
15.0131	-2.0215
15.0231	-2.02439
15.0331	-2.02727
15.043	-2.03015
15.053	-2.03304
15.063	-2.03593
15.073	-2.03882
15.083	-2.04172
15.093	-2.04461
15.1029	-2.04751
15.1129	-2.05041
15.1229	-2.05331
15.1329	-2.05622
15.1429	-2.05912
15.1529	-2.06203
15.1628	-2.06495
15.1728	-2.06786
15.1828	-2.07078
15.1928	-2.07369
15.2028	-2.07661
15.2127	-2.07954
15.2227	-2.08246
15.2327	-2.08539
15.2427	-2.08832
15.2527	-2.09125
15.2627	-2.09418
15.2726	-2.09712
15.2826	-2.10006
15.2926	-2.103
15.3026	-2.10594
15.3126	-2.10888
15.3225	-2.11183
15.3325	-2.11478
15.3425	-2.11773
15.3525	-2.12068
15.3625	-2.12364
15.3725	-2.1266
15.3824	-2.12956
15.3924	-2.13252
15.4024	-2.13548
15.4124	-2.13845
15.4224	-2.14142
15.4323	-2.14439
15.4423	-2.14736
15.4523	-2.15034
15.4623	-2.15332
15.4723	-2.15629
15.4823	-2.15928
15.4922	-2.16226
15.5022	-2.16525
15.5122	-2.16824
15.5222	-2.17123
15.5322	-2.17422
15.5421	-2.17721
15.5521	-2.18021
15.5621	-2.18321
15.5721	-2.18621
15.5821	-2.18922
15.5921	-2.19222
15.602	-2.19523
15.612	-2.19824
15.622	-2.20125
15.632	-2.20427
15.642	-2.20729
15.652	-2.21031
15.6619	-2.21333
15.6719	-2.21635
15.6819	-2.21938
15.6919	-2.2224
15.7019	-2.22543
15.7118	-2.22847
15.7218	-2.2315
15.7318	-2.23454
15.7418	-2.23758
15.7518	-2.24062
15.7618	-2.24366
15.7717	-2.24671
15.7817	-2.24976
15.7917	-2.25281
15.8017	-2.25586
15.8117	-2.25891
15.8216	-2.26197
15.8316	-2.26503
15.8416	-2.26809
15.8516	-2.27115
15.8616	-2.27422
15.8716	-2.27728
15.8815	-2.28035
15.8915	-2.28342
15.9015	-2.2865
15.9115	-2.28957
15.9215	-2.29265
15.9314	-2.29573
15.9414	-2.29882
15.9514	-2.3019
15.9614	-2.30499
15.9714	-2.30808
15.9814	-2.31117
15.9913	-2.31426
16.0013	-2.31736
16.0113	-2.32046
16.0213	-2.32356
16.0313	-2.32666
16.0412	-2.32976
16.0512	-2.33287
16.0612	-2.33598
16.0712	-2.33909
16.0812	-2.3422
16.0912	-2.34532
16.1011	-2.34844
16.1111	-2.35156
16.1211	-2.35468
16.1311	-2.3578
16.1411	-2.36093
16.1511	-2.36406
16.161	-2.36719
16.171	-2.37032
16.181	-2.37345
16.191	-2.37659
16.201	-2.37973
16.2109	-2.38287
16.2209	-2.38602
16.2309	-2.38916
16.2409	-2.39231
16.2509	-2.39546
16.2609	-2.39861
16.2708	-2.40177
16.2808	-2.40492
16.2908	-2.40808
16.3008	-2.41124
16.3108	-2.41441
16.3207	-2.41757
16.3307	-2.42074
16.3407	-2.42391
16.3507	-2.42708
16.3607	-2.43026
16.3707	-2.43343
16.3806	-2.43661
16.3906	-2.43979
16.4006	-2.44297
16.4106	-2.44616
16.4206	-2.44935
16.4305	-2.45253
16.4405	-2.45573
16.4505	-2.45892
16.4605	-2.46212
16.4705	-2.46531
16.4805	-2.46851
16.4904	-2.47172
16.5004	-2.47492
16.5104	-2.47813
16.5204	-2.48134
16.5304	-2.48455
16.5403	-2.48776
16.5503	-2.49097
16.5603	-2.49419
16.5703	-2.49741
16.5803	-2.50063
16.5903	-2.50386
16.6002	-2.50708
16.6102	-2.51031
16.6202	-2.51354
16.6302	-2.51677
16.6402	-2.52001
16.6502	-2.52324
16.6601	-2.52648
16.6701	-2.52972
16.6801	-2.53297
16.6901	-2.53621
16.7001	-2.53946
16.71	-2.54271
16.72	-2.54596
16.73	-2.54922
16.74	-2.55247
16.75	-2.55573
16.76	-2.55899
16.7699	-2.56225
16.7799	-2.56552
16.7899	-2.56878
16.7999	-2.57205
16.8099	-2.57532
16.8198	-2.5786
16.8298	-2.58187
16.8398	-2.58515
16.8498	-2.58843
16.8598	-2.59171
16.8698	-2.595
16.8797	-2.59828
16.8897	-2.60157
16.8997	-2.60486
16.9097	-2.60815
16.9197	-2.61145
16.9296	-2.61475
16.9396	-2.61804
16.9496	-2.62135
16.9596	-2.62465
16.9696	-2.62795
16.9796	-2.63126
16.9895	-2.63457
16.9995	-2.63788
17.0095	-2.6412
17.0195	-2.64451
17.0295	-2.64783
17.0394	-2.65115
17.0494	-2.65447
17.0594	-2.6578
17.0694	-2.66113
17.0794	-2.66445
17.0894	-2.66779
17.0993	-2.67112
17.1093	-2.67445
17.1193	-2.67779
17.1293	-2.68113
17.1393	-2.68447
17.1492	-2.68782
17.1592	-2.69116
17.1692	-2.69451
17.1792	-2.69786
17.1892	-2.70121
17.1992	-2.70457
17.2091	-2.70792
17.2191	-2.71128
17.2291	-2.71464
17.2391	-2.71801
17.2491	-2.72137
17.2591	-2.72474
17.269	-2.72811
17.279	-2.73148
17.289	-2.73485
17.299	-2.73823
17.309	-2.74161
17.3189	-2.74499
17.3289	-2.74837
17.3389	-2.75175
17.3489	-2.75514
17.3589	-2.75853
17.3689	-2.76192
17.3788	-2.76531
17.3888	-2.7687
17.3988	-2.7721
17.4088	-2.7755
17.4188	-2.7789
17.4287	-2.7823
17.4387	-2.78571
17.4487	-2.78912
17.4587	-2.79253
17.4687	-2.79594
17.4787	-2.79935
17.4886	-2.80277
17.4986	-2.80618
17.5086	-2.8096
17.5186	-2.81303
17.5286	-2.81645
17.5385	-2.81988
17.5485	-2.82331
17.5585	-2.82674
17.5685	-2.83017
17.5785	-2.8336
17.5885	-2.83704
17.5984	-2.84048
17.6084	-2.84392
17.6184	-2.84736
17.6284	-2.85081
17.6384	-2.85426
17.6483	-2.85771
17.6583	-2.86116
17.6683	-2.86461
17.6783	-2.86807
17.6883	-2.87152
17.6983	-2.87498
17.7082	-2.87845
17.7182	-2.88191
17.7282	-2.88538
17.7382	-2.88884
17.7482	-2.89232
17.7582	-2.89579
17.7681	-2.89926
17.7781	-2.90274
17.7881	-2.90622
17.7981	-2.9097
17.8081	-2.91318
17.818	-2.91667
17.828	-2.92015
17.838	-2.92364
17.848	-2.92713
17.858	-2.93063
17.868	-2.93412
17.8779	-2.93762
17.8879	-2.94112
17.8979	-2.94462
17.9079	-2.94813
17.9179	-2.95163
17.9278	-2.95514
17.9378	-2.95865
17.9478	-2.96216
17.9578	-2.96568
17.9678	-2.96919
17.9778	-2.97271
17.9877	-2.97623
17.9977	-2.97975
18.0077	-2.98328
18.0177	-2.9868
18.0277	-2.99033
18.0376	-2.99386
18.0476	-2.9974
18.0576	-3.00093
18.0676	-3.00447
18.0776	-3.00801
18.0876	-3.01155
18.0975	-3.01509
18.1075	-3.01864
18.1175	-3.02218
18.1275	-3.02573
18.1375	-3.02928
18.1474	-3.03284
18.1574	-3.03639
18.1674	-3.03995
18.1774	-3.04351
18.1874	-3.04707
18.1974	-3.05064
18.2073	-3.0542
18.2173	-3.05777
18.2273	-3.06134
18.2373	-3.06491
18.2473	-3.06849
18.2573	-3.07206
18.2672	-3.07564
18.2772	-3.07922
18.2872	-3.0828
18.2972	-3.08639
18.3072	-3.08997
18.3171	-3.09356
18.3271	-3.09715
18.3371	-3.10074
18.3471	-3.10434
18.3571	-3.10793
18.3671	-3.11153
18.377	-3.11513
18.387	-3.11874
18.397	-3.12234
18.407	-3.12595
18.417	-3.12956
18.4269	-3.13317
18.4369	-3.13678
18.4469	-3.1404
18.4569	-3.14401
18.4669	-3.14763
18.4769	-3.15125
18.4868	-3.15488
18.4968	-3.1585
18.5068	-3.16213
18.5168	-3.16576
18.5268	-3.16939
18.5367	-3.17302
18.5467	-3.17666
18.5567	-3.1803
18.5667	-3.18394
18.5767	-3.18758
18.5867	-3.19122
18.5966	-3.19487
18.6066	-3.19851
18.6166	-3.20216
18.6266	-3.20581
18.6366	-3.20947
18.6465	-3.21312
18.6565	-3.21678
18.6665	-3.22044
18.6765	-3.2241
18.6865	-3.22777
18.6965	-3.23143
18.7064	-3.2351
18.7164	-3.23877
18.7264	-3.24244
18.7364	-3.24611
18.7464	-3.24979
18.7564	-3.25347
18.7663	-3.25715
18.7763	-3.26083
18.7863	-3.26451
18.7963	-3.2682
18.8063	-3.27189
18.8162	-3.27558
18.8262	-3.27927
18.8362	-3.28296
18.8462	-3.28666
18.8562	-3.29036
18.8662	-3.29406
18.8761	-3.29776
18.8861	-3.30146
18.8961	-3.30517
18.9061	-3.30888
18.9161	-3.31259
18.926	-3.3163
18.936	-3.32001
18.946	-3.32373
18.956	-3.32745
18.966	-3.33117
18.976	-3.33489
18.9859	-3.33861
18.9959	-3.34234
19.0059	-3.34607
19.0159	-3.3498
19.0259	-3.35353
19.0358	-3.35726
19.0458	-3.361
19.0558	-3.36474
19.0658	-3.36848
19.0758	-3.37222
19.0858	-3.37596
19.0957	-3.37971
19.1057	-3.38346
19.1157	-3.38721
19.1257	-3.39096
19.1357	-3.39471
19.1456	-3.39847
19.1556	-3.40222
19.1656	-3.40598
19.1756	-3.40975
19.1856	-3.41351
19.1956	-3.41727
19.2055	-3.42104
19.2155	-3.42481
19.2255	-3.42858
19.2355	-3.43236
19.2455	-3.43613
19.2555	-3.43991
19.2654	-3.44369
19.2754	-3.44747
19.2854	-3.45125
19.2954	-3.45504
19.3054	-3.45883
19.3153	-3.46262
19.3253	-3.46641
19.3353	-3.4702
19.3453	-3.474
19.3553	-3.47779
19.3653	-3.48159
19.3752	-3.48539
19.3852	-3.4892
19.3952	-3.493
19.4052	-3.49681
19.4152	-3.50062
19.4251	-3.50443
19.4351	-3.50824
19.4451	-3.51206
19.4551	-3.51587
19.4651	-3.51969
19.4751	-3.52351
19.485	-3.52733
19.495	-3.53116
19.505	-3.53499
19.515	-3.53881
19.525	-3.54264
19.5349	-3.54648
19.5449	-3.55031
19.5549	-3.55415
19.5649	-3.55798
19.5749	-3.56183
19.5849	-3.56567
19.5948	-3.56951
19.6048	-3.57336
19.6148	-3.5772
19.6248	-3.58105
19.6348	-3.58491
19.6447	-3.58876
19.6547	-3.59262
19.6647	-3.59647
19.6747	-3.60033
19.6847	-3.60419
19.6947	-3.60806
19.7046	-3.61192
19.7146	-3.61579
19.7246	-3.61966
19.7346	-3.62353
19.7446	-3.6274
19.7546	-3.63128
19.7645	-3.63515
19.7745	-3.63903
19.7845	-3.64291
19.7945	-3.6468
19.8045	-3.65068
19.8144	-3.65457
19.8244	-3.65846
19.8344	-3.66235
19.8444	-3.66624
19.8544	-3.67013
19.8644	-3.67403
19.8743	-3.67793
19.8843	-3.68183
19.8943	-3.68573
19.9043	-3.68963
19.9143	-3.69354
19.9242	-3.69744
19.9342	-3.70135
19.9442	-3.70526
19.9542	-3.70918
19.9642	-3.71309
19.9742	-3.71701
19.9841	-3.72093
19.9941	-3.72485
20.0041	-3.72877
20.0141	-3.7327
20.0241	-3.73662
20.034	-3.74055
20.044	-3.74448
20.054	-3.74841
20.064	-3.75235
20.074	-3.75628
20.084	-3.76022
20.0939	-3.76416
20.1039	-3.7681
20.1139	-3.77205
20.1239	-3.77599
20.1339	-3.77994
20.1438	-3.78389
20.1538	-3.78784
20.1638	-3.79179
20.1738	-3.79575
20.1838	-3.7997
20.1938	-3.80366
20.2037	-3.80762
20.2137	-3.81159
20.2237	-3.81555
20.2337	-3.81952
20.2437	-3.82348
20.2537	-3.82745
20.2636	-3.83143
20.2736	-3.8354
20.2836	-3.83937
20.2936	-3.84335
20.3036	-3.84733
20.3135	-3.85131
20.3235	-3.85529
20.3335	-3.85928
20.3435	-3.86327
20.3535	-3.86725
20.3635	-3.87125
20.3734	-3.87524
20.3834	-3.87923
20.3934	-3.88323
20.4034	-3.88723
20.4134	-3.89122
20.4233	-3.89523
20.4333	-3.89923
20.4433	-3.90324
20.4533	-3.90724
20.4633	-3.91125
20.4733	-3.91526
20.4832	-3.91927
20.4932	-3.92329
20.5032	-3.92731
20.5132	-3.93132
20.5232	-3.93534
20.5331	-3.93937
20.5431	-3.94339
20.5531	-3.94742
20.5631	-3.95144
20.5731	-3.95547
20.5831	-3.9595
20.593	-3.96354
20.603	-3.96757
20.613	-3.97161
20.623	-3.97565
20.633	-3.97969
20.6429	-3.98373
20.6529	-3.98777
20.6629	-3.99182
20.6729	-3.99587
20.6829	-3.99992
20.6929	-4.00397
20.7028	-4.00802
20.7128	-4.01207
20.7228	-4.01613
20.7328	-4.02019
20.7428	-4.02425
20.7528	-4.02831
20.7627	-4.03238
20.7727	-4.03644
20.7827	-4.04051
20.7927	-4.04458
20.8027	-4.04865
20.8126	-4.05272
20.8226	-4.0568
20.8326	-4.06088
20.8426	-4.06495
20.8526	-4.06904
20.8626	-4.07312
20.8725	-4.0772
20.8825	-4.08129
20.8925	-4.08537
20.9025	-4.08946
20.9125	-4.09356
20.9224	-4.09765
20.9324	-4.10174
20.9424	-4.10584
20.9524	-4.10994
20.9624	-4.11404
20.9724	-4.11814
20.9823	-4.12224
20.9923	-4.12635
21.0023	-4.13046
21.0123	-4.13457
21.0223	-4.13868
21.0322	-4.14279
21.0422	-4.14691
21.0522	-4.15102
21.0622	-4.15514
21.0722	-4.15926
21.0822	-4.16338
21.0921	-4.16751
21.1021	-4.17163
21.1121	-4.17576
21.1221	-4.17989
21.1321	-4.18402
21.142	-4.18815
21.152	-4.19228
21.162	-4.19642
21.172	-4.20056
21.182	-4.2047
21.192	-4.20884
21.2019	-4.21298
21.2119	-4.21713
21.2219	-4.22127
21.2319	-4.22542
21.2419	-4.22957
21.2519	-4.23372
21.2618	-4.23788
21.2718	-4.24203
21.2818	-4.24619
21.2918	-4.25035
21.3018	-4.25451
21.3117	-4.25867
21.3217	-4.26284
21.3317	-4.267
21.3417	-4.27117
21.3517	-4.27534
21.3617	-4.27951
21.3716	-4.28369
21.3816	-4.28786
21.3916	-4.29204
21.4016	-4.29621
21.4116	-4.30039
21.4215	-4.30458
21.4315	-4.30876
21.4415	-4.31295
21.4515	-4.31713
21.4615	-4.32132
21.4715	-4.32551
21.4814	-4.3297
21.4914	-4.3339
21.5014	-4.33809
21.5114	-4.34229
21.5214	-4.34649
21.5313	-4.35069
21.5413	-4.35489
21.5513	-4.3591
21.5613	-4.36331
21.5713	-4.36751
21.5813	-4.37172
21.5912	-4.37593
21.6012	-4.38015
21.6112	-4.38436
21.6212	-4.38858
21.6312	-4.3928
21.6411	-4.39702
21.6511	-4.40124
21.6611	-4.40546
21.6711	-4.40969
21.6811	-4.41391
21.6911	-4.41814
21.701	-4.42237
21.711	-4.4266
21.721	-4.43084
21.731	-4.43507
21.741	-4.43931
21.751	-4.44355
21.7609	-4.44779
21.7709	-4.45203
21.7809	-4.45628
21.7909	-4.46052
21.8009	-4.46477
21.8108	-4.46902
21.8208	-4.47327
21.8308	-4.47752
21.8408	-4.48178
21.8508	-4.48603
21.8608	-4.49029
21.8707	-4.49455
21.8807	-4.49881
21.8907	-4.50307
21.9007	-4.50734
21.9107	-4.5116
21.9206	-4.51587
21.9306	-4.52014
21.9406	-4.52441
21.9506	-4.52868
21.9606	-4.53296
21.9706	-4.53724
21.9805	-4.54151
21.9905	-4.54579
22.0005	-4.55007
22.0105	-4.55436
22.0205	-4.55864
22.0304	-4.56293
22.0404	-4.56722
22.0504	-4.57151
22.0604	-4.5758
22.0704	-4.58009
22.0804	-4.58438
22.0903	-4.58868
22.1003	-4.59298
22.1103	-4.59728
22.1203	-4.60158
22.1303	-4.60588
22.1402	-4.61019
22.1502	-4.61449
22.1602	-4.6188
22.1702	-4.62311
22.1802	-4.62742
22.1902	-4.63174
22.2001	-4.63605
22.2101	-4.64037
22.2201	-4.64468
22.2301	-4.649
22.2401	-4.65333
22.2501	-4.65765
22.26	-4.66197
22.27	-4.6663
22.28	-4.67063
22.29	-4.67496
22.3	-4.67929
22.3099	-4.68362
22.3199	-4.68795
22.3299	-4.69229
22.3399	-4.69663
22.3499	-4.70097
22.3599	-4.70531
22.3698	-4.70965
22.3798	-4.714
22.3898	-4.71834
22.3998	-4.72269
22.4098	-4.72704
22.4197	-4.73139
22.4297	-4.73574
22.4397	-4.7401
22.4497	-4.74445
22.4597	-4.74881
22.4697	-4.75317
22.4796	-4.75753
22.4896	-4.76189
22.4996	-4.76625
22.5096	-4.77062
22.5196	-4.77499
22.5295	-4.77936
22.5395	-4.78373
22.5495	-4.7881
22.5595	-4.79247
22.5695	-4.79685
22.5795	-4.80122
22.5894	-4.8056
22.5994	-4.80998
22.6094	-4.81436
22.6194	-4.81875
22.6294	-4.82313
22.6393	-4.82752
22.6493	-4.83191
22.6593	-4.83629
22.6693	-4.84069
22.6793	-4.84508
22.6893	-4.84947
22.6992	-4.85387
22.7092	-4.85827
22.7192	-4.86267
22.7292	-4.86707
22.7392	-4.87147
22.7491	-4.87587
22.7591	-4.88028
22.7691	-4.88469
22.7791	-4.88909
22.7891	-4.8935
22.7991	-4.89792
22.809	-4.90233
22.819	-4.90675
22.829	-4.91116
22.839	-4.91558
22.849	-4.92
22.859	-4.92442
22.8689	-4.92884
22.8789	-4.93327
22.8889	-4.93769
22.8989	-4.94212
22.9089	-4.94655
22.9188	-4.95098
22.9288	-4.95542
22.9388	-4.95985
22.9488	-4.96428
22.9588	-4.96872
22.9688	-4.97316
22.9787	-4.9776
22.9887	-4.98204
22.9987	-4.98649
23.0087	-4.99093
23.0187	-4.99538
23.0286	-4.99983
23.0386	-5.00428
23.0486	-5.00873
23.0586	-5.01318
23.0686	-5.01763
23.0786	-5.02209
23.0885	-5.02655
23.0985	-5.03101
23.1085	-5.03547
23.1185	-5.03993
23.1285	-5.04439
23.1384	-5.04886
23.1484	-5.05332
23.1584	-5.05779
23.1684	-5.06226
23.1784	-5.06673
23.1884	-5.07121
23.1983	-5.07568
23.2083	-5.08016
23.2183	-5.08463
23.2283	-5.08911
23.2383	-5.09359
23.2482	-5.09807
23.2582	-5.10256
23.2682	-5.10704
23.2782	-5.11153
23.2882	-5.11602
23.2982	-5.12051
23.3081	-5.125
23.3181	-5.12949
23.3281	-5.13399
23.3381	-5.13848
23.3481	-5.14298
23.3581	-5.14748
23.368	-5.15198
23.378	-5.15648
23.388	-5.16098
23.398	-5.16549
23.408	-5.16999
23.4179	-5.1745
23.4279	-5.17901
23.4379	-5.18352
23.4479	-5.18803
23.4579	-5.19255
23.4679	-5.19706
23.4778	-5.20158
23.4878	-5.2061
23.4978	-5.21062
23.5078	-5.21514
23.5178	-5.21966
23.5277	-5.22419
23.5377	-5.22871
23.5477	-5.23324
23.5577	-5.23777
23.5677	-5.2423
23.5777	-5.24683
23.5876	-5.25137
23.5976	-5.2559
23.6076	-5.26044
23.6176	-5.26497
23.6276	-5.26951
23.6375	-5.27405
23.6475	-5.2786
23.6575	-5.28314
23.6675	-5.28769
23.6775	-5.29223
23.6875	-5.29678
23.6974	-5.30133
23.7074	-5.30588
23.7174	-5.31043
23.7274	-5.31499
23.7374	-5.31954
23.7473	-5.3241
23.7573	-5.32866
23.7673	-5.33322
23.7773	-5.33778
23.7873	-5.34234
23.7973	-5.34691
23.8072	-5.35147
23.8172	-5.35604
23.8272	-5.36061
23.8372	-5.36518
23.8472	-5.36975
23.8572	-5.37433
23.8671	-5.3789
23.8771	-5.38348
23.8871	-5.38805
23.8971	-5.39263
23.9071	-5.39721
23.917	-5.40179
23.927	-5.40638
23.937	-5.41096
23.947	-5.41555
23.957	-5.42014
23.967	-5.42473
23.9769	-5.42932
23.9869	-5.43391
23.9969	-5.4385
24.0069	-5.4431
24.0169	-5.44769
24.0268	-5.45229
24.0368	-5.45689
24.0468	-5.46149
24.0568	-5.46609
24.0668	-5.4707
24.0768	-5.4753
24.0867	-5.47991
24.0967	-5.48451
24.1067	-5.48912
24.1167	-5.49373
24.1267	-5.49835
24.1366	-5.50296
24.1466	-5.50757
24.1566	-5.51219
24.1666	-5.51681
24.1766	-5.52143
24.1866	-5.52605
24.1965	-5.53067
24.2065	-5.53529
24.2165	-5.53992
24.2265	-5.54454
24.2365	-5.54917
24.2464	-5.5538
24.2564	-5.55843
24.2664	-5.56306
24.2764	-5.5677
24.2864	-5.57233
24.2964	-5.57697
24.3063	-5.5816
24.3163	-5.58624
24.3263	-5.59088
24.3363	-5.59553
24.3463	-5.60017
24.3563	-5.60481
24.3662	-5.60946
24.3762	-5.61411
24.3862	-5.61875
24.3962	-5.6234
24.4062	-5.62806
24.4161	-5.63271
24.4261	-5.63736
24.4361	-5.64202
24.4461	-5.64668
24.4561	-5.65133
24.4661	-5.65599
24.476	-5.66065
24.486	-5.66532
24.496	-5.66998
24.506	-5.67465
24.516	-5.67931
24.5259	-5.68398
24.5359	-5.68865
24.5459	-5.69332
24.5559	-5.69799
24.5659	-5.70267
24.5759	-5.70734
24.5858	-5.71202
24.5958	-5.71669
24.6058	-5.72137
24.6158	-5.72605
24.6258	-5.73074
24.6357	-5.73542
24.6457	-5.7401
24.6557	-5.74479
24.6657	-5.74948
24.6757	-5.75416
24.6857	-5.75885
24.6956	-5.76355
24.7056	-5.76824
24.7156	-5.77293
24.7256	-5.77763
24.7356	-5.78232
24.7455	-5.78702
24.7555	-5.79172
24.7655	-5.79642
24.7755	-5.80112
24.7855	-5.80583
24.7955	-5.81053
24.8054	-5.81524
24.8154	-5.81994
24.8254	-5.82465
24.8354	-5.82936
24.8454	-5.83407
24.8554	-5.83879
24.8653	-5.8435
24.8753	-5.84822
24.8853	-5.85293
24.8953	-5.85765
24.9053	-5.86237
24.9152	-5.86709
24.9252	-5.87181
24.9352	-5.87654
24.9452	-5.88126
24.9552	-5.88599
24.9652	-5.89071
24.9751	-5.89544
24.9851	-5.90017
24.9951	-5.9049
25.0051	-5.90964
25.0151	-5.91437
25.025	-5.9191
25.035	-5.92384
25.045	-5.92858
25.055	-5.93332
25.065	-5.93806
25.075	-5.9428
25.0849	-5.94754
25.0949	-5.95229
25.1049	-5.95703
25.1149	-5.96178
25.1249	-5.96653
25.1348	-5.97128
25.1448	-5.97603
25.1548	-5.98078
25.1648	-5.98553
25.1748	-5.99029
25.1848	-5.99505
25.1947	-5.9998
25.2047	-6.00456
25.2147	-6.00932
25.2247	-6.01408
25.2347	-6.01884
25.2446	-6.02361
25.2546	-6.02837
25.2646	-6.03314
25.2746	-6.03791
25.2846	-6.04268
25.2946	-6.04745
25.3045	-6.05222
25.3145	-6.05699
25.3245	-6.06176
25.3345	-6.06654
25.3445	-6.07132
25.3545	-6.07609
25.3644	-6.08087
25.3744	-6.08565
25.3844	-6.09044
25.3944	-6.09522
25.4044	-6.1
25.4143	-6.10479
25.4243	-6.10958
25.4343	-6.11436
25.4443	-6.11915
25.4543	-6.12394
25.4643	-6.12873
25.4742	-6.13353
25.4842	-6.13832
25.4942	-6.14312
25.5042	-6.14791
25.5142	-6.15271
25.5241	-6.15751
25.5341	-6.16231
25.5441	-6.16711
25.5541	-6.17192
25.5641	-6.17672
25.5741	-6.18153
25.584	-6.18633
25.594	-6.19114
25.604	-6.19595
25.614	-6.20076
25.624	-6.20557
25.6339	-6.21039
25.6439	-6.2152
25.6539	-6.22002
25.6639	-6.22483
25.6739	-6.22965
25.6839	-6.23447
25.6938	-6.23929
25.7038	-6.24411
25.7138	-6.24894
25.7238	-6.25376
25.7338	-6.25859
25.7437	-6.26341
25.7537	-6.26824
25.7637	-6.27307
25.7737	-6.2779
25.7837	-6.28273
25.7937	-6.28756
25.8036	-6.2924
25.8136	-6.29723
25.8236	-6.30207
25.8336	-6.30691
25.8436	-6.31175
25.8536	-6.31659
25.8635	-6.32143
25.8735	-6.32627
25.8835	-6.33111
25.8935	-6.33596
25.9035	-6.3408
25.9134	-6.34565
25.9234	-6.3505
25.9334	-6.35535
25.9434	-6.3602
25.9534	-6.36505
25.9634	-6.36991
25.9733	-6.37476
25.9833	-6.37962
25.9933	-6.38447
26.0033	-6.38933
26.0133	-6.39419
26.0232	-6.39905
26.0332	-6.40391
26.0432	-6.40878
26.0532	-6.41364
26.0632	-6.4185
26.0732	-6.42337
26.0831	-6.42824
26.0931	-6.43311
26.1031	-6.43798
26.1131	-6.44285
26.1231	-6.44772
26.133	-6.45259
26.143	-6.45747
26.153	-6.46235
26.163	-6.46722
26.173	-6.4721
26.183	-6.47698
26.1929	-6.48186
26.2029	-6.48674
26.2129	-6.49163
26.2229	-6.49651
26.2329	-6.50139
26.2428	-6.50628
26.2528	-6.51117
26.2628	-6.51606
26.2728	-6.52095
26.2828	-6.52584
26.2928	-6.53073
26.3027	-6.53562
26.3127	-6.54052
26.3227	-6.54542
26.3327	-6.55031
26.3427	-6.55521
26.3527	-6.56011
26.3626	-6.56501
26.3726	-6.56991
26.3826	-6.57481
26.3926	-6.57972
26.4026	-6.58462
26.4125	-6.58953
26.4225	-6.59444
26.4325	-6.59934
26.4425	-6.60425
26.4525	-6.60917
26.4625	-6.61408
26.4724	-6.61899
26.4824	-6.6239
26.4924	-6.62882
26.5024	-6.63374
26.5124	-6.63865
26.5223	-6.64357
26.5323	-6.64849
26.5423	-6.65341
26.5523	-6.65834
26.5623	-6.66326
26.5723	-6.66818
26.5822	-6.67311
26.5922	-6.67804
26.6022	-6.68296
26.6122	-6.68789
26.6222	-6.69282
26.6321	-6.69775
26.6421	-6.70269
26.6521	-6.70762
26.6621	-6.71255
26.6721	-6.71749
26.6821	-6.72243
26.692	-6.72736
26.702	-6.7323
26.712	-6.73724
26.722	-6.74218
26.732	-6.74713
26.7419	-6.75207
26.7519	-6.75701
26.7619	-6.76196
26.7719	-6.76691
26.7819	-6.77185
26.7919	-6.7768
26.8018	-6.78175
26.8118	-6.7867
26.8218	-6.79166
26.8318	-6.79661
26.8418	-6.80156
26.8518	-6.80652
26.8617	-6.81148
26.8717	-6.81643
26.8817	-6.82139
26.8917	-6.82635
26.9017	-6.83131
26.9116	-6.83628
26.9216	-6.84124
26.9316	-6.8462
26.9416	-6.85117
26.9516	-6.85614
26.9616	-6.8611
26.9715	-6.86607
26.9815	-6.87104
26.9915	-6.87601
27.0015	-6.88098
27.0115	-6.88596
27.0214	-6.89093
27.0314	-6.89591
27.0414	-6.90088
27.0514	-6.90586
27.0614	-6.91084
27.0714	-6.91582
27.0813	-6.9208
27.0913	-6.92578
27.1013	-6.93076
27.1113	-6.93575
27.1213	-6.94073
27.1312	-6.94572
27.1412	-6.9507
27.1512	-6.95569
27.1612	-6.96068
27.1712	-6.96567
27.1812	-6.97066
27.1911	-6.97565
27.2011	-6.98065
27.2111	-6.98564
27.2211	-6.99064
27.2311	-6.99563
27.241	-7.00063
27.251	-7.00563
27.261	-7.01063
27.271	-7.01563
27.281	-7.02063
27.291	-7.02564
27.3009	-7.03064
27.3109	-7.03564
27.3209	-7.04065
27.3309	-7.04566
27.3409	-7.05066
27.3509	-7.05567
27.3608	-7.06068
27.3708	-7.06569
27.3808	-7.07071
27.3908	-7.07572
27.4008	-7.08073
27.4107	-7.08575
27.4207	-7.09077
27.4307	-7.09578
27.4407	-7.1008
27.4507	-7.10582
27.4607	-7.11084
27.4706	-7.11586
27.4806	-7.12089
27.4906	-7.12591
27.5006	-7.13093
27.5106	-7.13596
27.5205	-7.14099
27.5305	-7.14601
27.5405	-7.15104
27.5505	-7.15607
27.5605	-7.1611
27.5705	-7.16613
27.5804	-7.17117
27.5904	-7.1762
27.6004	-7.18124
27.6104	-7.18627
27.6204	-7.19131
27.6303	-7.19635
27.6403	-7.20138
27.6503	-7.20642
27.6603	-7.21146
27.6703	-7.21651
27.6803	-7.22155
27.6902	-7.22659
27.7002	-7.23164
27.7102	-7.23668
27.7202	-7.24173
27.7302	-7.24678
27.7401	-7.25183
27.7501	-7.25688
27.7601	-7.26193
27.7701	-7.26698
27.7801	-7.27203
27.7901	-7.27709
27.8	-7.28214
27.81	-7.2872
27.82	-7.29225
27.83	-7.29731
27.84	-7.30237
27.8499	-7.30743
27.8599	-7.31249
27.8699	-7.31755
27.8799	-7.32261
27.8899	-7.32768
27.8999	-7.33274
27.9098	-7.33781
27.9198	-7.34288
27.9298	-7.34794
27.9398	-7.35301
27.9498	-7.35808
27.9598	-7.36315
27.9697	-7.36822
27.9797	-7.3733
27.9897	-7.37837
27.9997	-7.38344
28.0097	-7.38852
28.0196	-7.3936
28.0296	-7.39867
28.0396	-7.40375
28.0496	-7.40883
28.0596	-7.41391
28.0696	-7.41899
28.0795	-7.42407
28.0895	-7.42916
28.0995	-7.43424
28.1095	-7.43933
28.1195	-7.44441
28.1294	-7.4495
28.1394	-7.45459
28.1494	-7.45968
28.1594	-7.46477
28.1694	-7.46986
28.1794	-7.47495
28.1893	-7.48004
28.1993	-7.48513
28.2093	-7.49023
28.2193	-7.49532
28.2293	-7.50042
28.2392	-7.50552
28.2492	-7.51062
28.2592	-7.51572
28.2692	-7.52082
28.2792	-7.52592
28.2892	-7.53102
28.2991	-7.53612
28.3091	-7.54123
28.3191	-7.54633
28.3291	-7.55144
28.3391	-7.55654
28.349	-7.56165
28.359	-7.56676
28.369	-7.57187
28.379	-7.57698
28.389	-7.58209
28.399	-7.5872
28.4089	-7.59232
28.4189	-7.59743
28.4289	-7.60255
28.4389	-7.60766
28.4489	-7.61278
28.4589	-7.6179
28.4688	-7.62302
28.4788	-7.62814
28.4888	-7.63326
28.4988	-7.63838
28.5088	-7.6435
28.5187	-7.64863
28.5287	-7.65375
28.5387	-7.65887
28.5487	-7.664
28.5587	-7.66913
28.5687	-7.67426
28.5786	-7.67939
28.5886	-7.68451
28.5986	-7.68965
28.6086	-7.69478
28.6186	-7.69991
28.6285	-7.70504
28.6385	-7.71018
28.6485	-7.71531
28.6585	-7.72045
28.6685	-7.72559
28.6785	-7.73072
28.6884	-7.73586
28.6984	-7.741
28.7084	-7.74614
28.7184	-7.75129
28.7284	-7.75643
28.7383	-7.76157
28.7483	-7.76672
28.7583	-7.77186
28.7683	-7.77701
28.7783	-7.78215
28.7883	-7.7873
28.7982	-7.79245
28.8082	-7.7976
28.8182	-7.80275
28.8282	-7.8079
28.8382	-7.81305
28.8481	-7.81821
28.8581	-7.82336
28.8681	-7.82852
28.8781	-7.83367
28.8881	-7.83883
28.8981	-7.84399
28.908	-7.84914
28.918	-7.8543
28.928	-7.85946
28.938	-7.86462
28.948	-7.86979
28.958	-7.87495
28.9679	-7.88011
28.9779	-7.88528
28.9879	-7.89044
28.9979	-7.89561
29.0079	-7.90078
29.0178	-7.90594
29.0278	-7.91111
29.0378	-7.91628
29.0478	-7.92145
29.0578	-7.92663
29.0678	-7.9318
29.0777	-7.93697
29.0877	-7.94214
29.0977	-7.94732
29.1077	-7.9525
29.1177	-7.95767
29.1276	-7.96285
29.1376	-7.96803
29.1476	-7.97321
29.1576	-7.97839
29.1676	-7.98357
29.1776	-7.98875
29.1875	-7.99393
29.1975	-7.99912
29.2075	-8.0043
29.2175	-8.00948
29.2275	-8.01467
29.2374	-8.01986
29.2474	-8.02505
29.2574	-8.03023
29.2674	-8.03542
29.2774	-8.04061
29.2874	-8.0458
29.2973	-8.051
29.3073	-8.05619
29.3173	-8.06138
29.3273	-8.06658
29.3373	-8.07177
29.3472	-8.07697
29.3572	-8.08216
29.3672	-8.08736
29.3772	-8.09256
29.3872	-8.09776
29.3972	-8.10296
29.4071	-8.10816
29.4171	-8.11336
29.4271	-8.11857
29.4371	-8.12377
29.4471	-8.12897
29.4571	-8.13418
29.467	-8.13938
29.477	-8.14459
29.487	-8.1498
29.497	-8.15501
29.507	-8.16022
29.5169	-8.16543
29.5269	-8.17064
29.5369	-8.17585
29.5469	-8.18106
29.5569	-8.18628
29.5669	-8.19149
29.5768	-8.1967
29.5868	-8.20192
29.5968	-8.20714
29.6068	-8.21235
29.6168	-8.21757
29.6267	-8.22279
29.6367	-8.22801
29.6467	-8.23323
29.6567	-8.23845
29.6667	-8.24368
29.6767	-8.2489
29.6866	-8.25412
29.6966	-8.25935
29.7066	-8.26457
29.7166	-8.2698
29.7266	-8.27503
29.7365	-8.28025
29.7465	-8.28548
29.7565	-8.29071
29.7665	-8.29594
29.7765	-8.30117
29.7865	-8.3064
29.7964	-8.31164
29.8064	-8.31687
29.8164	-8.3221
29.8264	-8.32734
29.8364	-8.33257
29.8463	-8.33781
29.8563	-8.34305
29.8663	-8.34829
29.8763	-8.35353
29.8863	-8.35876
29.8963	-8.36401
29.9062	-8.36925
29.9162	-8.37449
29.9262	-8.37973
29.9362	-8.38497
29.9462	-8.39022
29.9562	-8.39546
29.9661	-8.40071
29.9761	-8.40596
29.9861	-8.4112
29.9961	-8.41645
30.0061	-8.4217
30.016	-8.42695
30.026	-8.4322
30.036	-8.43745
30.046	-8.4427
30.056	-8.44796
30.066	-8.45321
30.0759	-8.45847
30.0859	-8.46372
30.0959	-8.46898
30.1059	-8.47423
30.1159	-8.47949
30.1258	-8.48475
30.1358	-8.49001
30.1458	-8.49527
30.1558	-8.50053
30.1658	-8.50579
30.1758	-8.51105
30.1857	-8.51631
30.1957	-8.52158
30.2057	-8.52684
30.2157	-8.53211
30.2257	-8.53737
30.2356	-8.54264
30.2456	-8.54791
30.2556	-8.55317
30.2656	-8.55844
30.2756	-8.56371
30.2856	-8.56898
30.2955	-8.57425
30.3055	-8.57952
30.3155	-8.5848
30.3255	-8.59007
30.3355	-8.59534
30.3454	-8.60062
30.3554	-8.60589
30.3654	-8.61117
30.3754	-8.61645
30.3854	-8.62172
30.3954	-8.627
30.4053	-8.63228
30.4153	-8.63756
30.4253	-8.64284
30.4353	-8.64812
30.4453	-8.65341
30.4553	-8.65869
30.4652	-8.66397
30.4752	-8.66926
30.4852	-8.67454
30.4952	-8.67983
30.5052	-8.68511
30.5151	-8.6904
30.5251	-8.69569
30.5351	-8.70098
30.5451	-8.70627
30.5551	-8.71156
30.5651	-8.71685
30.575	-8.72214
30.585	-8.72743
30.595	-8.73272
30.605	-8.73802
30.615	-8.74331
30.6249	-8.74861
30.6349	-8.7539
30.6449	-8.7592
30.6549	-8.7645
30.6649	-8.76979
30.6749	-8.77509
30.6848	-8.78039
30.6948	-8.78569
30.7048	-8.79099
30.7148	-8.79629
30.7248	-8.8016
30.7347	-8.8069
30.7447	-8.8122
30.7547	-8.81751
30.7647	-8.82281
30.7747	-8.82812
30.7847	-8.83342
30.7946	-8.83873
30.8046	-8.84404
30.8146	-8.84935
30.8246	-8.85466
30.8346	-8.85997
30.8445	-8.86528
30.8545	-8.87059
30.8645	-8.8759
30.8745	-8.88121
30.8845	-8.88653
30.8945	-8.89184
30.9044	-8.89715
30.9144	-8.90247
30.9244	-8.90779
30.9344	-8.9131
30.9444	-8.91842
30.9544	-8.92374
30.9643	-8.92906
30.9743	-8.93438
30.9843	-8.9397
30.9943	-8.94502
31.0043	-8.95034
31.0142	-8.95566
31.0242	-8.96099
31.0342	-8.96631
31.0442	-8.97163
31.0542	-8.97696
31.0642	-8.98228
31.0741	-8.98761
31.0841	-8.99294
31.0941	-8.99827
31.1041	-9.00359
31.1141	-9.00892
31.124	-9.01425
31.134	-9.01958
31.144	-9.02491
31.154	-9.03025
31.164	-9.03558
31.174	-9.04091
31.1839	-9.04625
31.1939	-9.05158
31.2039	-9.05692
31.2139	-9.06225
31.2239	-9.06759
31.2338	-9.07292
31.2438	-9.07826
31.2538	-9.0836
31.2638	-9.08894
31.2738	-9.09428
31.2838	-9.09962
31.2937	-9.10496
31.3037	-9.1103
31.3137	-9.11565
31.3237	-9.12099
31.3337	-9.12633
31.3436	-9.13168
31.3536	-9.13702
31.3636	-9.14237
31.3736	-9.14771
31.3836	-9.15306
31.3936	-9.15841
31.4035	-9.16376
31.4135	-9.16911
31.4235	-9.17446
31.4335	-9.17981
31.4435	-9.18516
31.4535	-9.19051
31.4634	-9.19586
31.4734	-9.20121
31.4834	-9.20657
31.4934	-9.21192
31.5034	-9.21728
31.5133	-9.22263
31.5233	-9.22799
31.5333	-9.23334
31.5433	-9.2387
31.5533	-9.24406
31.5633	-9.24942
31.5732	-9.25478
31.5832	-9.26014
31.5932	-9.2655
31.6032	-9.27086
31.6132	-9.27622
31.6231	-9.28158
31.6331	-9.28695
31.6431	-9.29231
31.6531	-9.29768
31.6631	-9.30304
31.6731	-9.30841
31.683	-9.31377
31.693	-9.31914
31.703	-9.32451
31.713	-9.32987
31.723	-9.33524
31.7329	-9.34061
31.7429	-9.34598
31.7529	-9.35135
31.7629	-9.35672
31.7729	-9.3621
31.7829	-9.36747
31.7928	-9.37284
31.8028	-9.37822
31.8128	-9.38359
31.8228	-9.38897
31.8328	-9.39434
31.8427	-9.39972
31.8527	-9.40509
31.8627	-9.41047
31.8727	-9.41585
31.8827	-9.42123
31.8927	-9.42661
31.9026	-9.43199
31.9126	-9.43737
31.9226	-9.44275
31.9326	-9.44813
31.9426	-9.45351
31.9526	-9.4589
31.9625	-9.46428
31.9725	-9.46966
31.9825	-9.47505
31.9925	-9.48043
32.0025	-9.48582
32.0124	-9.49121
32.0224	-9.49659
32.0324	-9.50198
32.0424	-9.50737
32.0524	-9.51276
32.0624	-9.51815
32.0723	-9.52354
32.0823	-9.52893
32.0923	-9.53432
32.1023	-9.53971
32.1123	-9.54511
32.1222	-9.5505
32.1322	-9.55589
32.1422	-9.56129
32.1522	-9.56668
32.1622	-9.57208
32.1722	-9.57747
32.1821	-9.58287
32.1921	-9.58827
32.2021	-9.59367
32.2121	-9.59906
32.2221	-9.60446
32.232	-9.60986
32.242	-9.61526
32.252	-9.62066
32.262	-9.62607
32.272	-9.63147
32.282	-9.63687
32.2919	-9.64227
32.3019	-9.64768
32.3119	-9.65308
32.3219	-9.65849
32.3319	-9.66389
32.3418	-9.6693
32.3518	-9.67471
32.3618	-9.68011
32.3718	-9.68552
32.3818	-9.69093
32.3918	-9.69634
32.4017	-9.70175
32.4117	-9.70716
32.4217	-9.71257
32.4317	-9.71798
32.4417	-9.72339
32.4517	-9.7288
32.4616	-9.73422
32.4716	-9.73963
32.4816	-9.74505
32.4916	-9.75046
32.5016	-9.75588
32.5115	-9.76129
32.5215	-9.76671
32.5315	-9.77212
32.5415	-9.77754
32.5515	-9.78296
32.5615	-9.78838
32.5714	-9.7938
32.5814	-9.79922
32.5914	-9.80464
32.6014	-9.81006
32.6114	-9.81548
32.6213	-9.8209
32.6313	-9.82633
32.6413	-9.83175
32.6513	-9.83717
32.6613	-9.8426
32.6713	-9.84802
32.6812	-9.85345
32.6912	-9.85887
32.7012	-9.8643
32.7112	-9.86973
32.7212	-9.87515
32.7311	-9.88058
32.7411	-9.88601
32.7511	-9.89144
32.7611	-9.89687
32.7711	-9.9023
32.7811	-9.90773
32.791	-9.91316
32.801	-9.9186
32.811	-9.92403
32.821	-9.92946
32.831	-9.9349
32.8409	-9.94033
32.8509	-9.94576
32.8609	-9.9512
32.8709	-9.95664
32.8809	-9.96207
32.8909	-9.96751
32.9008	-9.97295
32.9108	-9.97838
32.9208	-9.98382
32.9308	-9.98926
32.9408	-9.9947
32.9508	-10.0001
32.9607	-10.0056
32.9707	-10.011
32.9807	-10.0165
32.9907	-10.0219
33.0007	-10.0274
33.0106	-10.0328
33.0206	-10.0382
33.0306	-10.0437
33.0406	-10.0491
33.0506	-10.0546
33.0606	-10.06
33.0705	-10.0655
33.0805	-10.0709
33.0905	-10.0764
33.1005	-10.0818
33.1105	-10.0873
33.1204	-10.0927
33.1304	-10.0982
33.1404	-10.1036
33.1504	-10.1091
33.1604	-10.1145
33.1704	-10.12
33.1803	-10.1254
33.1903	-10.1309
33.2003	-10.1363
33.2103	-10.1418
33.2203	-10.1472
33.2302	-10.1527
33.2402	-10.1581
33.2502	-10.1636
33.2602	-10.1691
33.2702	-10.1745
33.2802	-10.18
33.2901	-10.1854
33.3001	-10.1909
33.3101	-10.1963
33.3201	-10.2018
33.3301	-10.2073
33.34	-10.2127
33.35	-10.2182
33.36	-10.2236
33.37	-10.2291
33.38	-10.2346
33.39	-10.24
33.3999	-10.2455
33.4099	-10.251
33.4199	-10.2564
33.4299	-10.2619
33.4399	-10.2674
33.4498	-10.2728
33.4598	-10.2783
33.4698	-10.2838
33.4798	-10.2892
33.4898	-10.2947
33.4998	-10.3002
33.5097	-10.3056
33.5197	-10.3111
33.5297	-10.3166
33.5397	-10.322
33.5497	-10.3275
33.5597	-10.333
33.5696	-10.3385
33.5796	-10.3439
33.5896	-10.3494
33.5996	-10.3549
33.6096	-10.3603
33.6195	-10.3658
33.6295	-10.3713
33.6395	-10.3768
33.6495	-10.3823
33.6595	-10.3877
33.6695	-10.3932
33.6794	-10.3987
33.6894	-10.4042
33.6994	-10.4096
33.7094	-10.4151
33.7194	-10.4206
33.7293	-10.4261
33.7393	-10.4316
33.7493	-10.437
33.7593	-10.4425
33.7693	-10.448
33.7793	-10.4535
33.7892	-10.459
33.7992	-10.4645
33.8092	-10.4699
33.8192	-10.4754
33.8292	-10.4809
33.8391	-10.4864
33.8491	-10.4919
33.8591	-10.4974
33.8691	-10.5028
33.8791	-10.5083
33.8891	-10.5138
33.899	-10.5193
33.909	-10.5248
33.919	-10.5303
33.929	-10.5358
33.939	-10.5413
33.9489	-10.5468
33.9589	-10.5523
33.9689	-10.5577
33.9789	-10.5632
33.9889	-10.5687
33.9989	-10.5742
34.0088	-10.5797
34.0188	-10.5852
34.0288	-10.5907
34.0388	-10.5962
34.0488	-10.6017
34.0588	-10.6072
34.0687	-10.6127
34.0787	-10.6182
34.0887	-10.6237
34.0987	-10.6292
34.1087	-10.6347
34.1186	-10.6402
34.1286	-10.6457
34.1386	-10.6512
34.1486	-10.6567
34.1586	-10.6622
34.1686	-10.6677
34.1785	-10.6732
34.1885	-10.6787
34.1985	-10.6842
34.2085	-10.6897
34.2185	-10.6952
34.2284	-10.7007
34.2384	-10.7062
34.2484	-10.7117
34.2584	-10.7172
34.2684	-10.7227
34.2784	-10.7282
34.2883	-10.7337
34.2983	-10.7392
34.3083	-10.7447
34.3183	-10.7502
34.3283	-10.7558
34.3382	-10.7613
34.3482	-10.7668
34.3582	-10.7723
34.3682	-10.7778
34.3782	-10.7833
34.3882	-10.7888
34.3981	-10.7943
34.4081	-10.7998
34.4181	-10.8053
34.4281	-10.8109
34.4381	-10.8164
34.448	-10.8219
34.458	-10.8274
34.468	-10.8329
34.478	-10.8384
34.488	-10.8439
34.498	-10.8495
34.5079	-10.855
34.5179	-10.8605
34.5279	-10.866
34.5379	-10.8715
34.5479	-10.877
34.5579	-10.8826
34.5678	-10.8881
34.5778	-10.8936
34.5878	-10.8991
34.5978	-10.9046
34.6078	-10.9102
34.6177	-10.9157
34.6277	-10.9212
34.6377	-10.9267
34.6477	-10.9323
34.6577	-10.9378
34.6677	-10.9433
34.6776	-10.9488
34.6876	-10.9543
34.6976	-10.9599
34.7076	-10.9654
34.7176	-10.9709
34.7275	-10.9764
34.7375	-10.982
34.7475	-10.9875
34.7575	-10.993
34.7675	-10.9986
34.7775	-11.0041
34.7874	-11.0096
34.7974	-11.0151
34.8074	-11.0207
34.8174	-11.0262
34.8274	-11.0317
34.8373	-11.0373
34.8473	-11.0428
34.8573	-11.0483
34.8673	-11.0539
34.8773	-11.0594
34.8873	-11.0649
34.8972	-11.0705
34.9072	-11.076
34.9172	-11.0815
34.9272	-11.0871
34.9372	-11.0926
34.9471	-11.0981
34.9571	-11.1037
34.9671	-11.1092
34.9771	-11.1147
34.9871	-11.1203
34.9971	-11.1258
35.007	-11.1313
35.017	-11.1369
35.027	-11.1424
35.037	-11.148
35.047	-11.1535
35.057	-11.159
35.0669	-11.1646
35.0769	-11.1701
35.0869	-11.1757
35.0969	-11.1812
35.1069	-11.1867
35.1168	-11.1923
35.1268	-11.1978
35.1368	-11.2034
35.1468	-11.2089
35.1568	-11.2145
35.1668	-11.22
35.1767	-11.2255
35.1867	-11.2311
35.1967	-11.2366
35.2067	-11.2422
35.2167	-11.2477
35.2266	-11.2533
35.2366	-11.2588
35.2466	-11.2644
35.2566	-11.2699
35.2666	-11.2755
35.2766	-11.281
35.2865	-11.2866
35.2965	-11.2921
35.3065	-11.2977
35.3165	-11.3032
35.3265	-11.3088
35.3364	-11.3143
35.3464	-11.3199
35.3564	-11.3254
35.3664	-11.331
35.3764	-11.3365
35.3864	-11.3421
35.3963	-11.3476
35.4063	-11.3532
35.4163	-11.3587
35.4263	-11.3643
35.4363	-11.3699
35.4462	-11.3754
35.4562	-11.381
35.4662	-11.3865
35.4762	-11.3921
35.4862	-11.3976
35.4962	-11.4032
35.5061	-11.4087
35.5161	-11.4143
35.5261	-11.4199
35.5361	-11.4254
35.5461	-11.431
35.5561	-11.4365
35.566	-11.4421
35.576	-11.4477
35.586	-11.4532
35.596	-11.4588
35.606	-11.4643
35.6159	-11.4699
35.6259	-11.4755
35.6359	-11.481
35.6459	-11.4866
35.6559	-11.4922
35.6659	-11.4977
35.6758	-11.5033
35.6858	-11.5089
35.6958	-11.5144
35.7058	-11.52
35.7158	-11.5256
35.7257	-11.5311
35.7357	-11.5367
35.7457	-11.5423
35.7557	-11.5478
35.7657	-11.5534
35.7757	-11.559
35.7856	-11.5645
35.7956	-11.5701
35.8056	-11.5757
35.8156	-11.5812
35.8256	-11.5868
35.8355	-11.5924
35.8455	-11.5979
35.8555	-11.6035
35.8655	-11.6091
35.8755	-11.6147
35.8855	-11.6202
35.8954	-11.6258
35.9054	-11.6314
35.9154	-11.6369
35.9254	-11.6425
35.9354	-11.6481
35.9453	-11.6537
35.9553	-11.6592
35.9653	-11.6648
35.9753	-11.6704
35.9853	-11.676
35.9953	-11.6816
36.0052	-11.6871
36.0152	-11.6927
36.0252	-11.6983
36.0352	-11.7039
36.0452	-11.7094
36.0552	-11.715
36.0651	-11.7206
36.0751	-11.7262
36.0851	-11.7318
36.0951	-11.7373
36.1051	-11.7429
36.115	-11.7485
36.125	-11.7541
36.135	-11.7597
36.145	-11.7652
36.155	-11.7708
36.165	-11.7764
36.1749	-11.782
36.1849	-11.7876
36.1949	-11.7932
36.2049	-11.7987
36.2149	-11.8043
36.2248	-11.8099
36.2348	-11.8155
36.2448	-11.8211
36.2548	-11.8267
36.2648	-11.8323
36.2748	-11.8378
36.2847	-11.8434
36.2947	-11.849
36.3047	-11.8546
36.3147	-11.8602
36.3247	-11.8658
36.3346	-11.8714
36.3446	-11.877
36.3546	-11.8825
36.3646	-11.8881
36.3746	-11.8937
36.3846	-11.8993
36.3945	-11.9049
36.4045	-11.9105
36.4145	-11.9161
36.4245	-11.9217
36.4345	-11.9273
36.4444	-11.9329
36.4544	-11.9385
36.4644	-11.944
36.4744	-11.9496
36.4844	-11.9552
36.4944	-11.9608
36.5043	-11.9664
36.5143	-11.972
36.5243	-11.9776
36.5343	-11.9832
36.5443	-11.9888
36.5543	-11.9944
36.5642	-12
36.5742	-12.0056
36.5842	-12.0112
36.5942	-12.0168
36.6042	-12.0224
36.6141	-12.028
36.6241	-12.0336
36.6341	-12.0392
36.6441	-12.0448
36.6541	-12.0504
36.6641	-12.056
36.674	-12.0616
36.684	-12.0672
36.694	-12.0728
36.704	-12.0784
36.714	-12.084
36.7239	-12.0896
36.7339	-12.0952
36.7439	-12.1008
36.7539	-12.1064
36.7639	-12.112
36.7739	-12.1176
36.7838	-12.1232
36.7938	-12.1288
36.8038	-12.1344
36.8138	-12.14
36.8238	-12.1456
36.8337	-12.1512
36.8437	-12.1568
36.8537	-12.1625
36.8637	-12.1681
36.8737	-12.1737
36.8837	-12.1793
36.8936	-12.1849
36.9036	-12.1905
36.9136	-12.1961
36.9236	-12.2017
36.9336	-12.2073
36.9435	-12.2129
36.9535	-12.2185
36.9635	-12.2241
36.9735	-12.2298
36.9835	-12.2354
36.9935	-12.241
37.0034	-12.2466
37.0134	-12.2522
37.0234	-12.2578
37.0334	-12.2634
37.0434	-12.269
37.0534	-12.2747
37.0633	-12.2803
37.0733	-12.2859
37.0833	-12.2915
37.0933	-12.2971
37.1033	-12.3027
37.1132	-12.3083
37.1232	-12.314
37.1332	-12.3196
37.1432	-12.3252
37.1532	-12.3308
37.1632	-12.3364
37.1731	-12.342
37.1831	-12.3476
37.1931	-12.3533
37.2031	-12.3589
37.2131	-12.3645
37.223	-12.3701
37.233	-12.3757
37.243	-12.3814
37.253	-12.387
37.263	-12.3926
37.273	-12.3982
37.2829	-12.4038
37.2929	-12.4095
37.3029	-12.4151
37.3129	-12.4207
37.3229	-12.4263
37.3328	-12.4319
37.3428	-12.4376
37.3528	-12.4432
37.3628	-12.4488
37.3728	-12.4544
37.3828	-12.4601
37.3927	-12.4657
37.4027	-12.4713
37.4127	-12.4769
37.4227	-12.4826
37.4327	-12.4882
37.4426	-12.4938
37.4526	-12.4994
37.4626	-12.5051
37.4726	-12.5107
37.4826	-12.5163
37.4926	-12.5219
37.5025	-12.5276
37.5125	-12.5332
37.5225	-12.5388
37.5325	-12.5445
37.5425	-12.5501
37.5525	-12.5557
37.5624	-12.5613
37.5724	-12.567
37.5824	-12.5726
37.5924	-12.5782
37.6024	-12.5839
37.6123	-12.5895
37.6223	-12.5951
37.6323	-12.6008
37.6423	-12.6064
37.6523	-12.612
37.6623	-12.6176
37.6722	-12.6233
37.6822	-12.6289
37.6922	-12.6345
37.7022	-12.6402
37.7122	-12.6458
37.7221	-12.6514
37.7321	-12.6571
37.7421	-12.6627
37.7521	-12.6683
37.7621	-12.674
37.7721	-12.6796
37.782	-12.6853
37.792	-12.6909
37.802	-12.6965
37.812	-12.7022
37.822	-12.7078
37.8319	-12.7134
37.8419	-12.7191
37.8519	-12.7247
37.8619	-12.7304
37.8719	-12.736
37.8819	-12.7416
37.8918	-12.7473
37.9018	-12.7529
37.9118	-12.7585
37.9218	-12.7642
37.9318	-12.7698
37.9417	-12.7755
37.9517	-12.7811
37.9617	-12.7868
37.9717	-12.7924
37.9817	-12.798
37.9917	-12.8037
38.0016	-12.8093
38.0116	-12.815
38.0216	-12.8206
38.0316	-12.8262
38.0416	-12.8319
38.0516	-12.8375
38.0615	-12.8432
38.0715	-12.8488
38.0815	-12.8545
38.0915	-12.8601
38.1015	-12.8658
38.1114	-12.8714
38.1214	-12.877
38.1314	-12.8827
38.1414	-12.8883
38.1514	-12.894
38.1614	-12.8996
38.1713	-12.9053
38.1813	-12.9109
38.1913	-12.9166
38.2013	-12.9222
38.2113	-12.9279
38.2212	-12.9335
38.2312	-12.9392
38.2412	-12.9448
38.2512	-12.9505
38.2612	-12.9561
38.2712	-12.9618
38.2811	-12.9674
38.2911	-12.9731
38.3011	-12.9787
38.3111	-12.9844
38.3211	-12.99
38.331	-12.9957
38.341	-13.0013
38.351	-13.007
38.361	-13.0126
38.371	-13.0183
38.381	-13.0239
38.3909	-13.0296
38.4009	-13.0352
38.4109	-13.0409
38.4209	-13.0466
38.4309	-13.0522
38.4408	-13.0579
38.4508	-13.0635
38.4608	-13.0692
38.4708	-13.0748
38.4808	-13.0805
38.4908	-13.0861
38.5007	-13.0918
38.5107	-13.0975
38.5207	-13.1031
38.5307	-13.1088
38.5407	-13.1144
38.5507	-13.1201
38.5606	-13.1257
38.5706	-13.1314
38.5806	-13.1371
38.5906	-13.1427
38.6006	-13.1484
38.6105	-13.154
38.6205	-13.1597
38.6305	-13.1654
38.6405	-13.171
38.6505	-13.1767
38.6605	-13.1823
38.6704	-13.188
38.6804	-13.1937
38.6904	-13.1993
38.7004	-13.205
38.7104	-13.2106
38.7203	-13.2163
38.7303	-13.222
38.7403	-13.2276
38.7503	-13.2333
38.7603	-13.239
38.7703	-13.2446
38.7802	-13.2503
38.7902	-13.256
38.8002	-13.2616
38.8102	-13.2673
38.8202	-13.273
38.8301	-13.2786
38.8401	-13.2843
38.8501	-13.2899
38.8601	-13.2956
38.8701	-13.3013
38.8801	-13.3069
38.89	-13.3126
38.9	-13.3183
38.91	-13.324
38.92	-13.3296
38.93	-13.3353
38.9399	-13.341
38.9499	-13.3466
38.9599	-13.3523
38.9699	-13.358
38.9799	-13.3636
38.9899	-13.3693
38.9998	-13.375
39.0098	-13.3806
39.0198	-13.3863
39.0298	-13.392
39.0398	-13.3977
39.0497	-13.4033
39.0597	-13.409
39.0697	-13.4147
39.0797	-13.4203
39.0897	-13.426
39.0997	-13.4317
39.1096	-13.4374
39.1196	-13.443
39.1296	-13.4487
39.1396	-13.4544
39.1496	-13.4601
39.1596	-13.4657
39.1695	-13.4714
39.1795	-13.4771
39.1895	-13.4828
39.1995	-13.4884
39.2095	-13.4941
39.2194	-13.4998
39.2294	-13.5055
39.2394	-13.5111
39.2494	-13.5168
39.2594	-13.5225
39.2694	-13.5282
39.2793	-13.5338
39.2893	-13.5395
39.2993	-13.5452
39.3093	-13.5509
39.3193	-13.5565
39.3292	-13.5622
39.3392	-13.5679
39.3492	-13.5736
39.3592	-13.5793
39.3692	-13.5849
39.3792	-13.5906
39.3891	-13.5963
39.3991	-13.602
39.4091	-13.6077
39.4191	-13.6133
39.4291	-13.619
39.439	-13.6247
39.449	-13.6304
39.459	-13.6361
39.469	-13.6418
39.479	-13.6474
39.489	-13.6531
39.4989	-13.6588
39.5089	-13.6645
39.5189	-13.6702
39.5289	-13.6759
39.5389	-13.6815
39.5488	-13.6872
39.5588	-13.6929
39.5688	-13.6986
39.5788	-13.7043
39.5888	-13.71
39.5988	-13.7156
39.6087	-13.7213
39.6187	-13.727
39.6287	-13.7327
39.6387	-13.7384
39.6487	-13.7441
39.6587	-13.7498
39.6686	-13.7554
39.6786	-13.7611
39.6886	-13.7668
39.6986	-13.7725
39.7086	-13.7782
39.7185	-13.7839
39.7285	-13.7896
39.7385	-13.7953
39.7485	-13.801
39.7585	-13.8066
39.7685	-13.8123
39.7784	-13.818
39.7884	-13.8237
39.7984	-13.8294
39.8084	-13.8351
39.8184	-13.8408
39.8283	-13.8465
39.8383	-13.8522
39.8483	-13.8579
39.8583	-13.8636
39.8683	-13.8692
39.8783	-13.8749
39.8882	-13.8806
39.8982	-13.8863
39.9082	-13.892
39.9182	-13.8977
39.9282	-13.9034
39.9381	-13.9091
39.9481	-13.9148
39.9581	-13.9205
39.9681	-13.9262
39.9781	-13.9319
39.9881	-13.9376
39.998	-13.9433
