Freq_GHz	Norm_dB_model_vE
0.1	-3.70668e-05
0.109982	-5.1403e-05
0.119964	-6.71023e-05
0.129946	-8.41646e-05
0.139928	-0.00010259
0.14991	-0.000122378
0.159892	-0.00014353
0.169874	-0.000166045
0.179856	-0.000189922
0.189838	-0.000215163
0.19982	-0.000241767
0.209802	-0.000269735
0.219784	-0.000299065
0.229766	-0.000329759
0.239748	-0.000361815
0.24973	-0.000395236
0.259712	-0.000430019
0.269694	-0.000466166
0.279676	-0.000503676
0.289658	-0.000542549
0.29964	-0.000582786
0.309622	-0.000624386
0.319604	-0.000667349
0.329586	-0.000711676
0.339568	-0.000757366
0.34955	-0.00080442
0.359532	-0.000852838
0.369514	-0.000902619
0.379496	-0.000953764
0.389478	-0.00100627
0.39946	-0.00106014
0.409442	-0.00111538
0.419424	-0.00117198
0.429406	-0.00122994
0.439388	-0.00128927
0.44937	-0.00134996
0.459352	-0.00141201
0.469334	-0.00147543
0.479316	-0.00154022
0.489298	-0.00160636
0.49928	-0.00167387
0.509262	-0.00174275
0.519244	-0.00181299
0.529226	-0.00188459
0.539208	-0.00195756
0.54919	-0.00203189
0.559172	-0.00210758
0.569154	-0.00218464
0.579136	-0.00226307
0.589118	-0.00234286
0.5991	-0.00242401
0.609082	-0.00250653
0.619064	-0.00259041
0.629046	-0.00267566
0.639028	-0.00276227
0.64901	-0.00285025
0.658992	-0.00293959
0.668974	-0.0030303
0.678956	-0.00312237
0.688938	-0.00321581
0.69892	-0.00331061
0.708902	-0.00340678
0.718884	-0.00350431
0.728866	-0.00360321
0.738848	-0.00370347
0.74883	-0.0038051
0.758812	-0.00390809
0.768794	-0.00401245
0.778776	-0.00411818
0.788758	-0.00422527
0.79874	-0.00433373
0.808722	-0.00444355
0.818704	-0.00455474
0.828686	-0.00466729
0.838668	-0.00478121
0.84865	-0.0048965
0.858632	-0.00501315
0.868614	-0.00513117
0.878596	-0.00525055
0.888578	-0.0053713
0.89856	-0.00549342
0.908542	-0.00561691
0.918524	-0.00574176
0.928506	-0.00586798
0.938488	-0.00599556
0.94847	-0.00612451
0.958452	-0.00625483
0.968434	-0.00638652
0.978416	-0.00651957
0.988398	-0.00665399
0.99838	-0.00678978
1.00836	-0.00692693
1.01834	-0.00706545
1.02833	-0.00720534
1.03831	-0.0073466
1.04829	-0.00748923
1.05827	-0.00763322
1.06825	-0.00777858
1.07824	-0.00792531
1.08822	-0.00807341
1.0982	-0.00822287
1.10818	-0.00837371
1.11816	-0.00852591
1.12815	-0.00867948
1.13813	-0.00883442
1.14811	-0.00899073
1.15809	-0.0091484
1.16807	-0.00930745
1.17806	-0.00946786
1.18804	-0.00962965
1.19802	-0.0097928
1.208	-0.00995732
1.21798	-0.0101232
1.22797	-0.0102905
1.23795	-0.0104591
1.24793	-0.0106291
1.25791	-0.0108005
1.26789	-0.0109732
1.27788	-0.0111473
1.28786	-0.0113228
1.29784	-0.0114997
1.30782	-0.0116779
1.3178	-0.0118575
1.32779	-0.0120384
1.33777	-0.0122208
1.34775	-0.0124045
1.35773	-0.0125896
1.36771	-0.012776
1.3777	-0.0129638
1.38768	-0.013153
1.39766	-0.0133436
1.40764	-0.0135355
1.41762	-0.0137288
1.42761	-0.0139235
1.43759	-0.0141195
1.44757	-0.0143169
1.45755	-0.0145157
1.46753	-0.0147159
1.47752	-0.0149174
1.4875	-0.0151204
1.49748	-0.0153246
1.50746	-0.0155303
1.51744	-0.0157373
1.52743	-0.0159457
1.53741	-0.0161555
1.54739	-0.0163666
1.55737	-0.0165792
1.56735	-0.0167931
1.57734	-0.0170083
1.58732	-0.017225
1.5973	-0.017443
1.60728	-0.0176624
1.61726	-0.0178831
1.62725	-0.0181053
1.63723	-0.0183288
1.64721	-0.0185537
1.65719	-0.01878
1.66717	-0.0190076
1.67716	-0.0192366
1.68714	-0.019467
1.69712	-0.0196988
1.7071	-0.0199319
1.71708	-0.0201664
1.72707	-0.0204023
1.73705	-0.0206396
1.74703	-0.0208782
1.75701	-0.0211183
1.76699	-0.0213597
1.77698	-0.0216024
1.78696	-0.0218466
1.79694	-0.0220921
1.80692	-0.022339
1.8169	-0.0225873
1.82689	-0.022837
1.83687	-0.023088
1.84685	-0.0233404
1.85683	-0.0235942
1.86681	-0.0238494
1.8768	-0.024106
1.88678	-0.0243639
1.89676	-0.0246232
1.90674	-0.0248839
1.91672	-0.0251459
1.92671	-0.0254094
1.93669	-0.0256742
1.94667	-0.0259404
1.95665	-0.026208
1.96663	-0.026477
1.97662	-0.0267473
1.9866	-0.027019
1.99658	-0.0272921
2.00656	-0.0275666
2.01654	-0.0278425
2.02653	-0.0281197
2.03651	-0.0283984
2.04649	-0.0286784
2.05647	-0.0289598
2.06645	-0.0292425
2.07644	-0.0295267
2.08642	-0.0298122
2.0964	-0.0300991
2.10638	-0.0303874
2.11636	-0.0306771
2.12635	-0.0309682
2.13633	-0.0312606
2.14631	-0.0315545
2.15629	-0.0318497
2.16627	-0.0321463
2.17626	-0.0324443
2.18624	-0.0327436
2.19622	-0.0330444
2.2062	-0.0333465
2.21618	-0.03365
2.22617	-0.0339549
2.23615	-0.0342612
2.24613	-0.0345689
2.25611	-0.0348779
2.26609	-0.0351884
2.27608	-0.0355002
2.28606	-0.0358134
2.29604	-0.036128
2.30602	-0.036444
2.316	-0.0367614
2.32599	-0.0370801
2.33597	-0.0374003
2.34595	-0.0377218
2.35593	-0.0380447
2.36591	-0.038369
2.3759	-0.0386947
2.38588	-0.0390218
2.39586	-0.0393503
2.40584	-0.0396801
2.41582	-0.0400114
2.42581	-0.040344
2.43579	-0.040678
2.44577	-0.0410134
2.45575	-0.0413502
2.46573	-0.0416884
2.47572	-0.042028
2.4857	-0.042369
2.49568	-0.0427113
2.50566	-0.0430551
2.51564	-0.0434002
2.52563	-0.0437468
2.53561	-0.0440947
2.54559	-0.044444
2.55557	-0.0447947
2.56555	-0.0451468
2.57554	-0.0455003
2.58552	-0.0458552
2.5955	-0.0462114
2.60548	-0.0465691
2.61546	-0.0469282
2.62545	-0.0472886
2.63543	-0.0476505
2.64541	-0.0480137
2.65539	-0.0483783
2.66537	-0.0487443
2.67536	-0.0491118
2.68534	-0.0494806
2.69532	-0.0498508
2.7053	-0.0502224
2.71528	-0.0505954
2.72527	-0.0509698
2.73525	-0.0513455
2.74523	-0.0517227
2.75521	-0.0521013
2.76519	-0.0524813
2.77518	-0.0528626
2.78516	-0.0532454
2.79514	-0.0536296
2.80512	-0.0540151
2.8151	-0.0544021
2.82509	-0.0547904
2.83507	-0.0551802
2.84505	-0.0555714
2.85503	-0.0559639
2.86501	-0.0563578
2.87499	-0.0567532
2.88498	-0.0571499
2.89496	-0.0575481
2.90494	-0.0579476
2.91492	-0.0583486
2.9249	-0.0587509
2.93489	-0.0591547
2.94487	-0.0595598
2.95485	-0.0599663
2.96483	-0.0603743
2.97481	-0.0607836
2.9848	-0.0611944
2.99478	-0.0616065
3.00476	-0.0620201
3.01474	-0.062435
3.02472	-0.0628514
3.03471	-0.0632692
3.04469	-0.0636883
3.05467	-0.0641089
3.06465	-0.0645309
3.07463	-0.0649542
3.08462	-0.065379
3.0946	-0.0658052
3.10458	-0.0662328
3.11456	-0.0666618
3.12454	-0.0670922
3.13453	-0.067524
3.14451	-0.0679572
3.15449	-0.0683918
3.16447	-0.0688278
3.17445	-0.0692652
3.18444	-0.0697041
3.19442	-0.0701443
3.2044	-0.0705859
3.21438	-0.071029
3.22436	-0.0714735
3.23435	-0.0719193
3.24433	-0.0723666
3.25431	-0.0728153
3.26429	-0.0732654
3.27427	-0.0737169
3.28426	-0.0741698
3.29424	-0.0746241
3.30422	-0.0750799
3.3142	-0.075537
3.32418	-0.0759956
3.33417	-0.0764555
3.34415	-0.0769169
3.35413	-0.0773797
3.36411	-0.0778439
3.37409	-0.0783095
3.38408	-0.0787765
3.39406	-0.079245
3.40404	-0.0797148
3.41402	-0.0801861
3.424	-0.0806588
3.43399	-0.0811328
3.44397	-0.0816083
3.45395	-0.0820853
3.46393	-0.0825636
3.47391	-0.0830433
3.4839	-0.0835245
3.49388	-0.0840071
3.50386	-0.0844911
3.51384	-0.0849765
3.52382	-0.0854633
3.53381	-0.0859515
3.54379	-0.0864412
3.55377	-0.0869323
3.56375	-0.0874248
3.57373	-0.0879187
3.58372	-0.088414
3.5937	-0.0889108
3.60368	-0.0894089
3.61366	-0.0899085
3.62364	-0.0904095
3.63363	-0.0909119
3.64361	-0.0914158
3.65359	-0.091921
3.66357	-0.0924277
3.67355	-0.0929358
3.68354	-0.0934454
3.69352	-0.0939563
3.7035	-0.0944687
3.71348	-0.0949825
3.72346	-0.0954977
3.73345	-0.0960143
3.74343	-0.0965324
3.75341	-0.0970519
3.76339	-0.0975728
3.77337	-0.0980951
3.78336	-0.0986188
3.79334	-0.099144
3.80332	-0.0996706
3.8133	-0.100199
3.82328	-0.100728
3.83327	-0.101259
3.84325	-0.101791
3.85323	-0.102325
3.86321	-0.10286
3.87319	-0.103397
3.88318	-0.103935
3.89316	-0.104474
3.90314	-0.105015
3.91312	-0.105557
3.9231	-0.106101
3.93309	-0.106646
3.94307	-0.107193
3.95305	-0.107741
3.96303	-0.10829
3.97301	-0.108841
3.983	-0.109393
3.99298	-0.109947
4.00296	-0.110502
4.01294	-0.111059
4.02292	-0.111617
4.03291	-0.112176
4.04289	-0.112737
4.05287	-0.1133
4.06285	-0.113863
4.07283	-0.114429
4.08282	-0.114995
4.0928	-0.115563
4.10278	-0.116133
4.11276	-0.116704
4.12274	-0.117276
4.13273	-0.11785
4.14271	-0.118425
4.15269	-0.119002
4.16267	-0.11958
4.17265	-0.12016
4.18264	-0.120741
4.19262	-0.121323
4.2026	-0.121907
4.21258	-0.122492
4.22256	-0.123079
4.23255	-0.123667
4.24253	-0.124257
4.25251	-0.124848
4.26249	-0.12544
4.27247	-0.126034
4.28246	-0.126629
4.29244	-0.127226
4.30242	-0.127825
4.3124	-0.128424
4.32238	-0.129025
4.33237	-0.129628
4.34235	-0.130232
4.35233	-0.130838
4.36231	-0.131444
4.37229	-0.132053
4.38228	-0.132663
4.39226	-0.133274
4.40224	-0.133887
4.41222	-0.134501
4.4222	-0.135116
4.43219	-0.135733
4.44217	-0.136352
4.45215	-0.136972
4.46213	-0.137593
4.47211	-0.138216
4.4821	-0.13884
4.49208	-0.139466
4.50206	-0.140093
4.51204	-0.140722
4.52202	-0.141352
4.53201	-0.141983
4.54199	-0.142616
4.55197	-0.143251
4.56195	-0.143886
4.57193	-0.144524
4.58192	-0.145163
4.5919	-0.145803
4.60188	-0.146444
4.61186	-0.147088
4.62184	-0.147732
4.63183	-0.148378
4.64181	-0.149026
4.65179	-0.149675
4.66177	-0.150325
4.67175	-0.150977
4.68174	-0.15163
4.69172	-0.152285
4.7017	-0.152941
4.71168	-0.153599
4.72166	-0.154258
4.73165	-0.154918
4.74163	-0.155581
4.75161	-0.156244
4.76159	-0.156909
4.77157	-0.157575
4.78156	-0.158243
4.79154	-0.158913
4.80152	-0.159583
4.8115	-0.160256
4.82148	-0.160929
4.83147	-0.161605
4.84145	-0.162281
4.85143	-0.162959
4.86141	-0.163639
4.87139	-0.16432
4.88138	-0.165002
4.89136	-0.165686
4.90134	-0.166372
4.91132	-0.167059
4.9213	-0.167747
4.93129	-0.168437
4.94127	-0.169128
4.95125	-0.169821
4.96123	-0.170515
4.97121	-0.171211
4.9812	-0.171908
4.99118	-0.172606
5.00116	-0.173306
5.01114	-0.174008
5.02112	-0.174711
5.03111	-0.175415
5.04109	-0.176121
5.05107	-0.176829
5.06105	-0.177538
5.07103	-0.178248
5.08102	-0.17896
5.091	-0.179673
5.10098	-0.180388
5.11096	-0.181104
5.12094	-0.181822
5.13093	-0.182541
5.14091	-0.183262
5.15089	-0.183984
5.16087	-0.184707
5.17085	-0.185433
5.18084	-0.186159
5.19082	-0.186887
5.2008	-0.187617
5.21078	-0.188348
5.22076	-0.18908
5.23075	-0.189814
5.24073	-0.190549
5.25071	-0.191286
5.26069	-0.192025
5.27067	-0.192764
5.28066	-0.193506
5.29064	-0.194249
5.30062	-0.194993
5.3106	-0.195739
5.32058	-0.196486
5.33057	-0.197235
5.34055	-0.197985
5.35053	-0.198737
5.36051	-0.19949
5.37049	-0.200244
5.38048	-0.201
5.39046	-0.201758
5.40044	-0.202517
5.41042	-0.203278
5.4204	-0.20404
5.43039	-0.204803
5.44037	-0.205568
5.45035	-0.206335
5.46033	-0.207103
5.47031	-0.207873
5.4803	-0.208644
5.49028	-0.209416
5.50026	-0.21019
5.51024	-0.210965
5.52022	-0.211742
5.53021	-0.212521
5.54019	-0.213301
5.55017	-0.214082
5.56015	-0.214865
5.57013	-0.215649
5.58012	-0.216435
5.5901	-0.217223
5.60008	-0.218012
5.61006	-0.218802
5.62004	-0.219594
5.63003	-0.220387
5.64001	-0.221182
5.64999	-0.221978
5.65997	-0.222776
5.66995	-0.223575
5.67994	-0.224376
5.68992	-0.225179
5.6999	-0.225982
5.70988	-0.226788
5.71986	-0.227595
5.72985	-0.228403
5.73983	-0.229213
5.74981	-0.230024
5.75979	-0.230837
5.76977	-0.231651
5.77976	-0.232467
5.78974	-0.233284
5.79972	-0.234103
5.8097	-0.234923
5.81968	-0.235745
5.82967	-0.236568
5.83965	-0.237393
5.84963	-0.238219
5.85961	-0.239047
5.86959	-0.239877
5.87958	-0.240707
5.88956	-0.24154
5.89954	-0.242374
5.90952	-0.243209
5.9195	-0.244046
5.92949	-0.244884
5.93947	-0.245724
5.94945	-0.246565
5.95943	-0.247408
5.96941	-0.248253
5.9794	-0.249099
5.98938	-0.249946
5.99936	-0.250795
6.00934	-0.251645
6.01932	-0.252497
6.02931	-0.253351
6.03929	-0.254206
6.04927	-0.255062
6.05925	-0.25592
6.06923	-0.25678
6.07922	-0.257641
6.0892	-0.258503
6.09918	-0.259367
6.10916	-0.260233
6.11914	-0.2611
6.12913	-0.261968
6.13911	-0.262839
6.14909	-0.26371
6.15907	-0.264583
6.16905	-0.265458
6.17904	-0.266334
6.18902	-0.267212
6.199	-0.268091
6.20898	-0.268972
6.21896	-0.269854
6.22895	-0.270738
6.23893	-0.271623
6.24891	-0.27251
6.25889	-0.273398
6.26887	-0.274288
6.27886	-0.275179
6.28884	-0.276072
6.29882	-0.276967
6.3088	-0.277863
6.31878	-0.27876
6.32877	-0.279659
6.33875	-0.28056
6.34873	-0.281462
6.35871	-0.282365
6.36869	-0.28327
6.37868	-0.284177
6.38866	-0.285085
6.39864	-0.285995
6.40862	-0.286906
6.4186	-0.287819
6.42859	-0.288733
6.43857	-0.289649
6.44855	-0.290566
6.45853	-0.291485
6.46851	-0.292405
6.4785	-0.293327
6.48848	-0.294251
6.49846	-0.295176
6.50844	-0.296102
6.51842	-0.29703
6.52841	-0.29796
6.53839	-0.298891
6.54837	-0.299824
6.55835	-0.300758
6.56833	-0.301694
6.57832	-0.302631
6.5883	-0.30357
6.59828	-0.30451
6.60826	-0.305452
6.61824	-0.306395
6.62823	-0.30734
6.63821	-0.308287
6.64819	-0.309235
6.65817	-0.310185
6.66815	-0.311136
6.67814	-0.312088
6.68812	-0.313043
6.6981	-0.313998
6.70808	-0.314956
6.71806	-0.315914
6.72805	-0.316875
6.73803	-0.317837
6.74801	-0.3188
6.75799	-0.319765
6.76797	-0.320732
6.77796	-0.3217
6.78794	-0.32267
6.79792	-0.323641
6.8079	-0.324613
6.81788	-0.325588
6.82787	-0.326564
6.83785	-0.327541
6.84783	-0.32852
6.85781	-0.3295
6.86779	-0.330482
6.87778	-0.331466
6.88776	-0.332451
6.89774	-0.333438
6.90772	-0.334426
6.9177	-0.335416
6.92769	-0.336407
6.93767	-0.3374
6.94765	-0.338395
6.95763	-0.339391
6.96761	-0.340388
6.9776	-0.341387
6.98758	-0.342388
6.99756	-0.34339
7.00754	-0.344394
7.01752	-0.345399
7.02751	-0.346406
7.03749	-0.347415
7.04747	-0.348425
7.05745	-0.349437
7.06743	-0.35045
7.07742	-0.351464
7.0874	-0.352481
7.09738	-0.353498
7.10736	-0.354518
7.11734	-0.355539
7.12733	-0.356561
7.13731	-0.357585
7.14729	-0.358611
7.15727	-0.359638
7.16725	-0.360667
7.17724	-0.361697
7.18722	-0.362729
7.1972	-0.363763
7.20718	-0.364798
7.21716	-0.365835
7.22715	-0.366873
7.23713	-0.367912
7.24711	-0.368954
7.25709	-0.369997
7.26707	-0.371041
7.27706	-0.372087
7.28704	-0.373135
7.29702	-0.374184
7.307	-0.375235
7.31698	-0.376287
7.32697	-0.377341
7.33695	-0.378396
7.34693	-0.379453
7.35691	-0.380512
7.36689	-0.381572
7.37688	-0.382634
7.38686	-0.383697
7.39684	-0.384762
7.40682	-0.385829
7.4168	-0.386897
7.42679	-0.387967
7.43677	-0.389038
7.44675	-0.390111
7.45673	-0.391185
7.46671	-0.392261
7.4767	-0.393339
7.48668	-0.394418
7.49666	-0.395498
7.50664	-0.396581
7.51662	-0.397665
7.52661	-0.39875
7.53659	-0.399837
7.54657	-0.400926
7.55655	-0.402016
7.56653	-0.403108
7.57652	-0.404201
7.5865	-0.405296
7.59648	-0.406393
7.60646	-0.407491
7.61644	-0.408591
7.62643	-0.409692
7.63641	-0.410795
7.64639	-0.411899
7.65637	-0.413005
7.66635	-0.414113
7.67634	-0.415222
7.68632	-0.416333
7.6963	-0.417446
7.70628	-0.41856
7.71626	-0.419675
7.72625	-0.420793
7.73623	-0.421911
7.74621	-0.423032
7.75619	-0.424154
7.76617	-0.425277
7.77616	-0.426403
7.78614	-0.427529
7.79612	-0.428658
7.8061	-0.429788
7.81608	-0.430919
7.82607	-0.432053
7.83605	-0.433187
7.84603	-0.434324
7.85601	-0.435462
7.86599	-0.436601
7.87598	-0.437743
7.88596	-0.438885
7.89594	-0.44003
7.90592	-0.441176
7.9159	-0.442323
7.92589	-0.443473
7.93587	-0.444623
7.94585	-0.445776
7.95583	-0.44693
7.96581	-0.448086
7.9758	-0.449243
7.98578	-0.450402
7.99576	-0.451562
8.00574	-0.452724
8.01572	-0.453888
8.02571	-0.455053
8.03569	-0.45622
8.04567	-0.457388
8.05565	-0.458559
8.06563	-0.45973
8.07562	-0.460904
8.0856	-0.462078
8.09558	-0.463255
8.10556	-0.464433
8.11554	-0.465613
8.12553	-0.466794
8.13551	-0.467977
8.14549	-0.469162
8.15547	-0.470348
8.16545	-0.471536
8.17544	-0.472726
8.18542	-0.473917
8.1954	-0.475109
8.20538	-0.476304
8.21536	-0.4775
8.22535	-0.478697
8.23533	-0.479896
8.24531	-0.481097
8.25529	-0.482299
8.26527	-0.483504
8.27526	-0.484709
8.28524	-0.485916
8.29522	-0.487125
8.3052	-0.488336
8.31518	-0.489548
8.32517	-0.490762
8.33515	-0.491977
8.34513	-0.493194
8.35511	-0.494413
8.36509	-0.495633
8.37508	-0.496855
8.38506	-0.498079
8.39504	-0.499304
8.40502	-0.500531
8.415	-0.501759
8.42498	-0.502989
8.43497	-0.504221
8.44495	-0.505454
8.45493	-0.506689
8.46491	-0.507925
8.47489	-0.509164
8.48488	-0.510403
8.49486	-0.511645
8.50484	-0.512888
8.51482	-0.514133
8.5248	-0.515379
8.53479	-0.516627
8.54477	-0.517877
8.55475	-0.519128
8.56473	-0.520381
8.57471	-0.521635
8.5847	-0.522892
8.59468	-0.52415
8.60466	-0.525409
8.61464	-0.52667
8.62462	-0.527933
8.63461	-0.529197
8.64459	-0.530463
8.65457	-0.531731
8.66455	-0.533
8.67453	-0.534271
8.68452	-0.535544
8.6945	-0.536818
8.70448	-0.538094
8.71446	-0.539371
8.72444	-0.54065
8.73443	-0.541931
8.74441	-0.543214
8.75439	-0.544498
8.76437	-0.545784
8.77435	-0.547071
8.78434	-0.54836
8.79432	-0.549651
8.8043	-0.550943
8.81428	-0.552237
8.82426	-0.553533
8.83425	-0.55483
8.84423	-0.556129
8.85421	-0.55743
8.86419	-0.558732
8.87417	-0.560036
8.88416	-0.561341
8.89414	-0.562648
8.90412	-0.563957
8.9141	-0.565268
8.92408	-0.56658
8.93407	-0.567894
8.94405	-0.569209
8.95403	-0.570526
8.96401	-0.571845
8.97399	-0.573166
8.98398	-0.574488
8.99396	-0.575812
9.00394	-0.577137
9.01392	-0.578464
9.0239	-0.579793
9.03389	-0.581123
9.04387	-0.582455
9.05385	-0.583789
9.06383	-0.585125
9.07381	-0.586462
9.0838	-0.5878
9.09378	-0.589141
9.10376	-0.590483
9.11374	-0.591826
9.12372	-0.593172
9.13371	-0.594519
9.14369	-0.595868
9.15367	-0.597218
9.16365	-0.59857
9.17363	-0.599924
9.18362	-0.601279
9.1936	-0.602636
9.20358	-0.603995
9.21356	-0.605355
9.22354	-0.606717
9.23353	-0.608081
9.24351	-0.609447
9.25349	-0.610814
9.26347	-0.612182
9.27345	-0.613553
9.28344	-0.614925
9.29342	-0.616299
9.3034	-0.617674
9.31338	-0.619051
9.32336	-0.62043
9.33335	-0.621811
9.34333	-0.623193
9.35331	-0.624577
9.36329	-0.625962
9.37327	-0.627349
9.38326	-0.628738
9.39324	-0.630129
9.40322	-0.631521
9.4132	-0.632915
9.42318	-0.634311
9.43317	-0.635708
9.44315	-0.637107
9.45313	-0.638508
9.46311	-0.63991
9.47309	-0.641314
9.48308	-0.64272
9.49306	-0.644127
9.50304	-0.645536
9.51302	-0.646947
9.523	-0.648359
9.53299	-0.649773
9.54297	-0.651189
9.55295	-0.652607
9.56293	-0.654026
9.57291	-0.655447
9.5829	-0.656869
9.59288	-0.658294
9.60286	-0.65972
9.61284	-0.661147
9.62282	-0.662576
9.63281	-0.664008
9.64279	-0.66544
9.65277	-0.666875
9.66275	-0.668311
9.67273	-0.669749
9.68272	-0.671188
9.6927	-0.672629
9.70268	-0.674072
9.71266	-0.675517
9.72264	-0.676963
9.73263	-0.678411
9.74261	-0.679861
9.75259	-0.681312
9.76257	-0.682765
9.77255	-0.68422
9.78254	-0.685676
9.79252	-0.687134
9.8025	-0.688594
9.81248	-0.690056
9.82246	-0.691519
9.83245	-0.692984
9.84243	-0.694451
9.85241	-0.695919
9.86239	-0.697389
9.87237	-0.698861
9.88236	-0.700335
9.89234	-0.70181
9.90232	-0.703287
9.9123	-0.704765
9.92228	-0.706246
9.93227	-0.707728
9.94225	-0.709211
9.95223	-0.710697
9.96221	-0.712184
9.97219	-0.713673
9.98218	-0.715163
9.99216	-0.716656
10.0021	-0.71815
10.0121	-0.719645
10.0221	-0.721143
10.0321	-0.722642
10.0421	-0.724143
10.0521	-0.725645
10.062	-0.72715
10.072	-0.728656
10.082	-0.730163
10.092	-0.731673
10.102	-0.733184
10.1119	-0.734697
10.1219	-0.736211
10.1319	-0.737728
10.1419	-0.739246
10.1519	-0.740765
10.1619	-0.742287
10.1718	-0.74381
10.1818	-0.745335
10.1918	-0.746861
10.2018	-0.74839
10.2118	-0.74992
10.2217	-0.751451
10.2317	-0.752985
10.2417	-0.75452
10.2517	-0.756057
10.2617	-0.757596
10.2717	-0.759136
10.2816	-0.760678
10.2916	-0.762222
10.3016	-0.763768
10.3116	-0.765315
10.3216	-0.766864
10.3315	-0.768415
10.3415	-0.769967
10.3515	-0.771521
10.3615	-0.773077
10.3715	-0.774635
10.3815	-0.776194
10.3914	-0.777755
10.4014	-0.779318
10.4114	-0.780883
10.4214	-0.782449
10.4314	-0.784017
10.4413	-0.785587
10.4513	-0.787158
10.4613	-0.788732
10.4713	-0.790307
10.4813	-0.791883
10.4913	-0.793462
10.5012	-0.795042
10.5112	-0.796624
10.5212	-0.798207
10.5312	-0.799793
10.5412	-0.80138
10.5512	-0.802969
10.5611	-0.804559
10.5711	-0.806152
10.5811	-0.807746
10.5911	-0.809342
10.6011	-0.810939
10.611	-0.812539
10.621	-0.81414
10.631	-0.815742
10.641	-0.817347
10.651	-0.818953
10.661	-0.820561
10.6709	-0.822171
10.6809	-0.823783
10.6909	-0.825396
10.7009	-0.827011
10.7109	-0.828628
10.7208	-0.830246
10.7308	-0.831866
10.7408	-0.833488
10.7508	-0.835112
10.7608	-0.836738
10.7708	-0.838365
10.7807	-0.839994
10.7907	-0.841625
10.8007	-0.843257
10.8107	-0.844891
10.8207	-0.846527
10.8306	-0.848165
10.8406	-0.849804
10.8506	-0.851446
10.8606	-0.853089
10.8706	-0.854733
10.8806	-0.85638
10.8905	-0.858028
10.9005	-0.859678
10.9105	-0.86133
10.9205	-0.862984
10.9305	-0.864639
10.9404	-0.866296
10.9504	-0.867955
10.9604	-0.869615
10.9704	-0.871278
10.9804	-0.872942
10.9904	-0.874607
11.0003	-0.876275
11.0103	-0.877944
11.0203	-0.879616
11.0303	-0.881288
11.0403	-0.882963
11.0503	-0.88464
11.0602	-0.886318
11.0702	-0.887998
11.0802	-0.889679
11.0902	-0.891363
11.1002	-0.893048
11.1101	-0.894735
11.1201	-0.896424
11.1301	-0.898114
11.1401	-0.899807
11.1501	-0.901501
11.1601	-0.903196
11.17	-0.904894
11.18	-0.906593
11.19	-0.908295
11.2	-0.909997
11.21	-0.911702
11.2199	-0.913409
11.2299	-0.915117
11.2399	-0.916827
11.2499	-0.918538
11.2599	-0.920252
11.2699	-0.921967
11.2798	-0.923684
11.2898	-0.925403
11.2998	-0.927124
11.3098	-0.928846
11.3198	-0.93057
11.3297	-0.932296
11.3397	-0.934024
11.3497	-0.935754
11.3597	-0.937485
11.3697	-0.939218
11.3797	-0.940953
11.3896	-0.942689
11.3996	-0.944428
11.4096	-0.946168
11.4196	-0.94791
11.4296	-0.949654
11.4395	-0.951399
11.4495	-0.953146
11.4595	-0.954895
11.4695	-0.956646
11.4795	-0.958399
11.4895	-0.960153
11.4994	-0.96191
11.5094	-0.963668
11.5194	-0.965427
11.5294	-0.967189
11.5394	-0.968952
11.5493	-0.970717
11.5593	-0.972484
11.5693	-0.974253
11.5793	-0.976023
11.5893	-0.977796
11.5993	-0.97957
11.6092	-0.981346
11.6192	-0.983123
11.6292	-0.984903
11.6392	-0.986684
11.6492	-0.988467
11.6592	-0.990252
11.6691	-0.992038
11.6791	-0.993827
11.6891	-0.995617
11.6991	-0.997409
11.7091	-0.999202
11.719	-1.001
11.729	-1.0028
11.739	-1.00459
11.749	-1.0064
11.759	-1.0082
11.769	-1.01
11.7789	-1.01181
11.7889	-1.01362
11.7989	-1.01543
11.8089	-1.01724
11.8189	-1.01905
11.8288	-1.02087
11.8388	-1.02268
11.8488	-1.0245
11.8588	-1.02632
11.8688	-1.02815
11.8788	-1.02997
11.8887	-1.0318
11.8987	-1.03362
11.9087	-1.03545
11.9187	-1.03729
11.9287	-1.03912
11.9386	-1.04095
11.9486	-1.04279
11.9586	-1.04463
11.9686	-1.04647
11.9786	-1.04831
11.9886	-1.05016
11.9985	-1.052
12.0085	-1.05385
12.0185	-1.0557
12.0285	-1.05755
12.0385	-1.0594
12.0484	-1.06126
12.0584	-1.06312
12.0684	-1.06497
12.0784	-1.06684
12.0884	-1.0687
12.0984	-1.07056
12.1083	-1.07243
12.1183	-1.07429
12.1283	-1.07616
12.1383	-1.07804
12.1483	-1.07991
12.1583	-1.08178
12.1682	-1.08366
12.1782	-1.08554
12.1882	-1.08742
12.1982	-1.0893
12.2082	-1.09118
12.2181	-1.09307
12.2281	-1.09496
12.2381	-1.09685
12.2481	-1.09874
12.2581	-1.10063
12.2681	-1.10253
12.278	-1.10442
12.288	-1.10632
12.298	-1.10822
12.308	-1.11012
12.318	-1.11203
12.3279	-1.11393
12.3379	-1.11584
12.3479	-1.11775
12.3579	-1.11966
12.3679	-1.12157
12.3779	-1.12349
12.3878	-1.12541
12.3978	-1.12732
12.4078	-1.12924
12.4178	-1.13117
12.4278	-1.13309
12.4377	-1.13502
12.4477	-1.13694
12.4577	-1.13887
12.4677	-1.1408
12.4777	-1.14274
12.4877	-1.14467
12.4976	-1.14661
12.5076	-1.14855
12.5176	-1.15049
12.5276	-1.15243
12.5376	-1.15437
12.5475	-1.15632
12.5575	-1.15827
12.5675	-1.16022
12.5775	-1.16217
12.5875	-1.16412
12.5975	-1.16608
12.6074	-1.16803
12.6174	-1.16999
12.6274	-1.17195
12.6374	-1.17391
12.6474	-1.17588
12.6574	-1.17784
12.6673	-1.17981
12.6773	-1.18178
12.6873	-1.18375
12.6973	-1.18573
12.7073	-1.1877
12.7172	-1.18968
12.7272	-1.19166
12.7372	-1.19364
12.7472	-1.19562
12.7572	-1.1976
12.7672	-1.19959
12.7771	-1.20158
12.7871	-1.20357
12.7971	-1.20556
12.8071	-1.20755
12.8171	-1.20955
12.827	-1.21155
12.837	-1.21354
12.847	-1.21555
12.857	-1.21755
12.867	-1.21955
12.877	-1.22156
12.8869	-1.22357
12.8969	-1.22558
12.9069	-1.22759
12.9169	-1.2296
12.9269	-1.23162
12.9368	-1.23364
12.9468	-1.23565
12.9568	-1.23768
12.9668	-1.2397
12.9768	-1.24172
12.9868	-1.24375
12.9967	-1.24578
13.0067	-1.24781
13.0167	-1.24984
13.0267	-1.25187
13.0367	-1.25391
13.0466	-1.25595
13.0566	-1.25799
13.0666	-1.26003
13.0766	-1.26207
13.0866	-1.26412
13.0966	-1.26616
13.1065	-1.26821
13.1165	-1.27026
13.1265	-1.27232
13.1365	-1.27437
13.1465	-1.27643
13.1565	-1.27848
13.1664	-1.28054
13.1764	-1.28261
13.1864	-1.28467
13.1964	-1.28673
13.2064	-1.2888
13.2163	-1.29087
13.2263	-1.29294
13.2363	-1.29501
13.2463	-1.29709
13.2563	-1.29916
13.2663	-1.30124
13.2762	-1.30332
13.2862	-1.30541
13.2962	-1.30749
13.3062	-1.30957
13.3162	-1.31166
13.3261	-1.31375
13.3361	-1.31584
13.3461	-1.31794
13.3561	-1.32003
13.3661	-1.32213
13.3761	-1.32423
13.386	-1.32633
13.396	-1.32843
13.406	-1.33053
13.416	-1.33264
13.426	-1.33475
13.4359	-1.33686
13.4459	-1.33897
13.4559	-1.34108
13.4659	-1.3432
13.4759	-1.34532
13.4859	-1.34744
13.4958	-1.34956
13.5058	-1.35168
13.5158	-1.3538
13.5258	-1.35593
13.5358	-1.35806
13.5457	-1.36019
13.5557	-1.36232
13.5657	-1.36446
13.5757	-1.36659
13.5857	-1.36873
13.5957	-1.37087
13.6056	-1.37301
13.6156	-1.37515
13.6256	-1.3773
13.6356	-1.37945
13.6456	-1.38159
13.6556	-1.38374
13.6655	-1.3859
13.6755	-1.38805
13.6855	-1.39021
13.6955	-1.39237
13.7055	-1.39453
13.7154	-1.39669
13.7254	-1.39885
13.7354	-1.40102
13.7454	-1.40319
13.7554	-1.40536
13.7654	-1.40753
13.7753	-1.4097
13.7853	-1.41187
13.7953	-1.41405
13.8053	-1.41623
13.8153	-1.41841
13.8252	-1.42059
13.8352	-1.42278
13.8452	-1.42496
13.8552	-1.42715
13.8652	-1.42934
13.8752	-1.43153
13.8851	-1.43373
13.8951	-1.43592
13.9051	-1.43812
13.9151	-1.44032
13.9251	-1.44252
13.935	-1.44472
13.945	-1.44693
13.955	-1.44914
13.965	-1.45135
13.975	-1.45356
13.985	-1.45577
13.9949	-1.45798
14.0049	-1.4602
14.0149	-1.46242
14.0249	-1.46464
14.0349	-1.46686
14.0448	-1.46908
14.0548	-1.47131
14.0648	-1.47354
14.0748	-1.47576
14.0848	-1.478
14.0948	-1.48023
14.1047	-1.48246
14.1147	-1.4847
14.1247	-1.48694
14.1347	-1.48918
14.1447	-1.49142
14.1547	-1.49367
14.1646	-1.49591
14.1746	-1.49816
14.1846	-1.50041
14.1946	-1.50266
14.2046	-1.50492
14.2145	-1.50717
14.2245	-1.50943
14.2345	-1.51169
14.2445	-1.51395
14.2545	-1.51621
14.2645	-1.51848
14.2744	-1.52075
14.2844	-1.52301
14.2944	-1.52528
14.3044	-1.52756
14.3144	-1.52983
14.3243	-1.53211
14.3343	-1.53439
14.3443	-1.53667
14.3543	-1.53895
14.3643	-1.54123
14.3743	-1.54352
14.3842	-1.54581
14.3942	-1.54809
14.4042	-1.55039
14.4142	-1.55268
14.4242	-1.55497
14.4341	-1.55727
14.4441	-1.55957
14.4541	-1.56187
14.4641	-1.56417
14.4741	-1.56648
14.4841	-1.56878
14.494	-1.57109
14.504	-1.5734
14.514	-1.57571
14.524	-1.57803
14.534	-1.58034
14.5439	-1.58266
14.5539	-1.58498
14.5639	-1.5873
14.5739	-1.58963
14.5839	-1.59195
14.5939	-1.59428
14.6038	-1.59661
14.6138	-1.59894
14.6238	-1.60127
14.6338	-1.60361
14.6438	-1.60594
14.6538	-1.60828
14.6637	-1.61062
14.6737	-1.61296
14.6837	-1.61531
14.6937	-1.61765
14.7037	-1.62
14.7136	-1.62235
14.7236	-1.6247
14.7336	-1.62706
14.7436	-1.62941
14.7536	-1.63177
14.7636	-1.63413
14.7735	-1.63649
14.7835	-1.63885
14.7935	-1.64122
14.8035	-1.64359
14.8135	-1.64595
14.8234	-1.64832
14.8334	-1.6507
14.8434	-1.65307
14.8534	-1.65545
14.8634	-1.65783
14.8734	-1.66021
14.8833	-1.66259
14.8933	-1.66497
14.9033	-1.66736
14.9133	-1.66975
14.9233	-1.67213
14.9332	-1.67453
14.9432	-1.67692
14.9532	-1.67931
14.9632	-1.68171
14.9732	-1.68411
14.9832	-1.68651
14.9931	-1.68891
15.0031	-1.69132
15.0131	-1.69373
15.0231	-1.69613
15.0331	-1.69854
15.043	-1.70096
15.053	-1.70337
15.063	-1.70579
15.073	-1.7082
15.083	-1.71062
15.093	-1.71305
15.1029	-1.71547
15.1129	-1.7179
15.1229	-1.72032
15.1329	-1.72275
15.1429	-1.72518
15.1529	-1.72762
15.1628	-1.73005
15.1728	-1.73249
15.1828	-1.73493
15.1928	-1.73737
15.2028	-1.73981
15.2127	-1.74225
15.2227	-1.7447
15.2327	-1.74715
15.2427	-1.7496
15.2527	-1.75205
15.2627	-1.75451
15.2726	-1.75696
15.2826	-1.75942
15.2926	-1.76188
15.3026	-1.76434
15.3126	-1.7668
15.3225	-1.76927
15.3325	-1.77174
15.3425	-1.7742
15.3525	-1.77668
15.3625	-1.77915
15.3725	-1.78162
15.3824	-1.7841
15.3924	-1.78658
15.4024	-1.78906
15.4124	-1.79154
15.4224	-1.79403
15.4323	-1.79651
15.4423	-1.799
15.4523	-1.80149
15.4623	-1.80398
15.4723	-1.80648
15.4823	-1.80897
15.4922	-1.81147
15.5022	-1.81397
15.5122	-1.81647
15.5222	-1.81897
15.5322	-1.82148
15.5421	-1.82399
15.5521	-1.82649
15.5621	-1.82901
15.5721	-1.83152
15.5821	-1.83403
15.5921	-1.83655
15.602	-1.83907
15.612	-1.84159
15.622	-1.84411
15.632	-1.84663
15.642	-1.84916
15.652	-1.85169
15.6619	-1.85422
15.6719	-1.85675
15.6819	-1.85928
15.6919	-1.86182
15.7019	-1.86436
15.7118	-1.8669
15.7218	-1.86944
15.7318	-1.87198
15.7418	-1.87453
15.7518	-1.87707
15.7618	-1.87962
15.7717	-1.88217
15.7817	-1.88473
15.7917	-1.88728
15.8017	-1.88984
15.8117	-1.8924
15.8216	-1.89496
15.8316	-1.89752
15.8416	-1.90008
15.8516	-1.90265
15.8616	-1.90522
15.8716	-1.90779
15.8815	-1.91036
15.8915	-1.91293
15.9015	-1.91551
15.9115	-1.91808
15.9215	-1.92066
15.9314	-1.92324
15.9414	-1.92583
15.9514	-1.92841
15.9614	-1.931
15.9714	-1.93359
15.9814	-1.93618
15.9913	-1.93877
16.0013	-1.94137
16.0113	-1.94396
16.0213	-1.94656
16.0313	-1.94916
16.0412	-1.95176
16.0512	-1.95437
16.0612	-1.95697
16.0712	-1.95958
16.0812	-1.96219
16.0912	-1.9648
16.1011	-1.96742
16.1111	-1.97003
16.1211	-1.97265
16.1311	-1.97527
16.1411	-1.97789
16.1511	-1.98051
16.161	-1.98314
16.171	-1.98576
16.181	-1.98839
16.191	-1.99102
16.201	-1.99366
16.2109	-1.99629
16.2209	-1.99893
16.2309	-2.00157
16.2409	-2.00421
16.2509	-2.00685
16.2609	-2.00949
16.2708	-2.01214
16.2808	-2.01479
16.2908	-2.01744
16.3008	-2.02009
16.3108	-2.02274
16.3207	-2.0254
16.3307	-2.02805
16.3407	-2.03071
16.3507	-2.03337
16.3607	-2.03604
16.3707	-2.0387
16.3806	-2.04137
16.3906	-2.04404
16.4006	-2.04671
16.4106	-2.04938
16.4206	-2.05205
16.4305	-2.05473
16.4405	-2.05741
16.4505	-2.06009
16.4605	-2.06277
16.4705	-2.06545
16.4805	-2.06814
16.4904	-2.07083
16.5004	-2.07352
16.5104	-2.07621
16.5204	-2.0789
16.5304	-2.0816
16.5403	-2.0843
16.5503	-2.08699
16.5603	-2.0897
16.5703	-2.0924
16.5803	-2.0951
16.5903	-2.09781
16.6002	-2.10052
16.6102	-2.10323
16.6202	-2.10594
16.6302	-2.10866
16.6402	-2.11137
16.6502	-2.11409
16.6601	-2.11681
16.6701	-2.11953
16.6801	-2.12226
16.6901	-2.12498
16.7001	-2.12771
16.71	-2.13044
16.72	-2.13317
16.73	-2.1359
16.74	-2.13864
16.75	-2.14138
16.76	-2.14412
16.7699	-2.14686
16.7799	-2.1496
16.7899	-2.15234
16.7999	-2.15509
16.8099	-2.15784
16.8198	-2.16059
16.8298	-2.16334
16.8398	-2.1661
16.8498	-2.16885
16.8598	-2.17161
16.8698	-2.17437
16.8797	-2.17713
16.8897	-2.1799
16.8997	-2.18266
16.9097	-2.18543
16.9197	-2.1882
16.9296	-2.19097
16.9396	-2.19374
16.9496	-2.19652
16.9596	-2.1993
16.9696	-2.20208
16.9796	-2.20486
16.9895	-2.20764
16.9995	-2.21042
17.0095	-2.21321
17.0195	-2.216
17.0295	-2.21879
17.0394	-2.22158
17.0494	-2.22438
17.0594	-2.22717
17.0694	-2.22997
17.0794	-2.23277
17.0894	-2.23557
17.0993	-2.23837
17.1093	-2.24118
17.1193	-2.24399
17.1293	-2.2468
17.1393	-2.24961
17.1492	-2.25242
17.1592	-2.25524
17.1692	-2.25805
17.1792	-2.26087
17.1892	-2.26369
17.1992	-2.26652
17.2091	-2.26934
17.2191	-2.27217
17.2291	-2.27499
17.2391	-2.27782
17.2491	-2.28066
17.2591	-2.28349
17.269	-2.28633
17.279	-2.28916
17.289	-2.292
17.299	-2.29485
17.309	-2.29769
17.3189	-2.30053
17.3289	-2.30338
17.3389	-2.30623
17.3489	-2.30908
17.3589	-2.31193
17.3689	-2.31479
17.3788	-2.31765
17.3888	-2.3205
17.3988	-2.32337
17.4088	-2.32623
17.4188	-2.32909
17.4287	-2.33196
17.4387	-2.33483
17.4487	-2.3377
17.4587	-2.34057
17.4687	-2.34344
17.4787	-2.34632
17.4886	-2.34919
17.4986	-2.35207
17.5086	-2.35496
17.5186	-2.35784
17.5286	-2.36072
17.5385	-2.36361
17.5485	-2.3665
17.5585	-2.36939
17.5685	-2.37228
17.5785	-2.37518
17.5885	-2.37807
17.5984	-2.38097
17.6084	-2.38387
17.6184	-2.38677
17.6284	-2.38968
17.6384	-2.39258
17.6483	-2.39549
17.6583	-2.3984
17.6683	-2.40131
17.6783	-2.40423
17.6883	-2.40714
17.6983	-2.41006
17.7082	-2.41298
17.7182	-2.4159
17.7282	-2.41882
17.7382	-2.42175
17.7482	-2.42467
17.7582	-2.4276
17.7681	-2.43053
17.7781	-2.43346
17.7881	-2.4364
17.7981	-2.43933
17.8081	-2.44227
17.818	-2.44521
17.828	-2.44815
17.838	-2.4511
17.848	-2.45404
17.858	-2.45699
17.868	-2.45994
17.8779	-2.46289
17.8879	-2.46584
17.8979	-2.4688
17.9079	-2.47176
17.9179	-2.47471
17.9278	-2.47768
17.9378	-2.48064
17.9478	-2.4836
17.9578	-2.48657
17.9678	-2.48954
17.9778	-2.49251
17.9877	-2.49548
17.9977	-2.49845
18.0077	-2.50143
18.0177	-2.50441
18.0277	-2.50738
18.0376	-2.51037
18.0476	-2.51335
18.0576	-2.51633
18.0676	-2.51932
18.0776	-2.52231
18.0876	-2.5253
18.0975	-2.52829
18.1075	-2.53129
18.1175	-2.53428
18.1275	-2.53728
18.1375	-2.54028
18.1474	-2.54328
18.1574	-2.54629
18.1674	-2.54929
18.1774	-2.5523
18.1874	-2.55531
18.1974	-2.55832
18.2073	-2.56133
18.2173	-2.56435
18.2273	-2.56737
18.2373	-2.57039
18.2473	-2.57341
18.2573	-2.57643
18.2672	-2.57945
18.2772	-2.58248
18.2872	-2.58551
18.2972	-2.58854
18.3072	-2.59157
18.3171	-2.5946
18.3271	-2.59764
18.3371	-2.60068
18.3471	-2.60372
18.3571	-2.60676
18.3671	-2.6098
18.377	-2.61285
18.387	-2.61589
18.397	-2.61894
18.407	-2.62199
18.417	-2.62504
18.4269	-2.6281
18.4369	-2.63116
18.4469	-2.63421
18.4569	-2.63727
18.4669	-2.64034
18.4769	-2.6434
18.4868	-2.64646
18.4968	-2.64953
18.5068	-2.6526
18.5168	-2.65567
18.5268	-2.65875
18.5367	-2.66182
18.5467	-2.6649
18.5567	-2.66798
18.5667	-2.67106
18.5767	-2.67414
18.5867	-2.67722
18.5966	-2.68031
18.6066	-2.6834
18.6166	-2.68649
18.6266	-2.68958
18.6366	-2.69267
18.6465	-2.69577
18.6565	-2.69887
18.6665	-2.70197
18.6765	-2.70507
18.6865	-2.70817
18.6965	-2.71127
18.7064	-2.71438
18.7164	-2.71749
18.7264	-2.7206
18.7364	-2.72371
18.7464	-2.72683
18.7564	-2.72994
18.7663	-2.73306
18.7763	-2.73618
18.7863	-2.7393
18.7963	-2.74242
18.8063	-2.74555
18.8162	-2.74868
18.8262	-2.75181
18.8362	-2.75494
18.8462	-2.75807
18.8562	-2.7612
18.8662	-2.76434
18.8761	-2.76748
18.8861	-2.77062
18.8961	-2.77376
18.9061	-2.7769
18.9161	-2.78005
18.926	-2.7832
18.936	-2.78635
18.946	-2.7895
18.956	-2.79265
18.966	-2.79581
18.976	-2.79896
18.9859	-2.80212
18.9959	-2.80528
19.0059	-2.80844
19.0159	-2.81161
19.0259	-2.81477
19.0358	-2.81794
19.0458	-2.82111
19.0558	-2.82428
19.0658	-2.82746
19.0758	-2.83063
19.0858	-2.83381
19.0957	-2.83699
19.1057	-2.84017
19.1157	-2.84335
19.1257	-2.84654
19.1357	-2.84972
19.1456	-2.85291
19.1556	-2.8561
19.1656	-2.85929
19.1756	-2.86249
19.1856	-2.86568
19.1956	-2.86888
19.2055	-2.87208
19.2155	-2.87528
19.2255	-2.87848
19.2355	-2.88169
19.2455	-2.88489
19.2555	-2.8881
19.2654	-2.89131
19.2754	-2.89453
19.2854	-2.89774
19.2954	-2.90096
19.3054	-2.90417
19.3153	-2.90739
19.3253	-2.91061
19.3353	-2.91384
19.3453	-2.91706
19.3553	-2.92029
19.3653	-2.92352
19.3752	-2.92675
19.3852	-2.92998
19.3952	-2.93322
19.4052	-2.93645
19.4152	-2.93969
19.4251	-2.94293
19.4351	-2.94617
19.4451	-2.94941
19.4551	-2.95266
19.4651	-2.95591
19.4751	-2.95916
19.485	-2.96241
19.495	-2.96566
19.505	-2.96891
19.515	-2.97217
19.525	-2.97543
19.5349	-2.97869
19.5449	-2.98195
19.5549	-2.98521
19.5649	-2.98848
19.5749	-2.99175
19.5849	-2.99501
19.5948	-2.99829
19.6048	-3.00156
19.6148	-3.00483
19.6248	-3.00811
19.6348	-3.01139
19.6447	-3.01467
19.6547	-3.01795
19.6647	-3.02123
19.6747	-3.02452
19.6847	-3.02781
19.6947	-3.0311
19.7046	-3.03439
19.7146	-3.03768
19.7246	-3.04097
19.7346	-3.04427
19.7446	-3.04757
19.7546	-3.05087
19.7645	-3.05417
19.7745	-3.05747
19.7845	-3.06078
19.7945	-3.06409
19.8045	-3.0674
19.8144	-3.07071
19.8244	-3.07402
19.8344	-3.07733
19.8444	-3.08065
19.8544	-3.08397
19.8644	-3.08729
19.8743	-3.09061
19.8843	-3.09393
19.8943	-3.09726
19.9043	-3.10059
19.9143	-3.10392
19.9242	-3.10725
19.9342	-3.11058
19.9442	-3.11392
19.9542	-3.11725
19.9642	-3.12059
19.9742	-3.12393
19.9841	-3.12727
19.9941	-3.13062
20.0041	-3.13396
20.0141	-3.13731
20.0241	-3.14066
20.034	-3.14401
20.044	-3.14736
20.054	-3.15071
20.064	-3.15407
20.074	-3.15743
20.084	-3.16079
20.0939	-3.16415
20.1039	-3.16751
20.1139	-3.17088
20.1239	-3.17425
20.1339	-3.17762
20.1438	-3.18099
20.1538	-3.18436
20.1638	-3.18773
20.1738	-3.19111
20.1838	-3.19449
20.1938	-3.19787
20.2037	-3.20125
20.2137	-3.20463
20.2237	-3.20802
20.2337	-3.2114
20.2437	-3.21479
20.2537	-3.21818
20.2636	-3.22158
20.2736	-3.22497
20.2836	-3.22837
20.2936	-3.23176
20.3036	-3.23516
20.3135	-3.23856
20.3235	-3.24197
20.3335	-3.24537
20.3435	-3.24878
20.3535	-3.25219
20.3635	-3.2556
20.3734	-3.25901
20.3834	-3.26242
20.3934	-3.26584
20.4034	-3.26926
20.4134	-3.27268
20.4233	-3.2761
20.4333	-3.27952
20.4433	-3.28294
20.4533	-3.28637
20.4633	-3.2898
20.4733	-3.29323
20.4832	-3.29666
20.4932	-3.30009
20.5032	-3.30353
20.5132	-3.30697
20.5232	-3.3104
20.5331	-3.31384
20.5431	-3.31729
20.5531	-3.32073
20.5631	-3.32418
20.5731	-3.32763
20.5831	-3.33107
20.593	-3.33453
20.603	-3.33798
20.613	-3.34143
20.623	-3.34489
20.633	-3.34835
20.6429	-3.35181
20.6529	-3.35527
20.6629	-3.35873
20.6729	-3.3622
20.6829	-3.36567
20.6929	-3.36914
20.7028	-3.37261
20.7128	-3.37608
20.7228	-3.37955
20.7328	-3.38303
20.7428	-3.38651
20.7528	-3.38999
20.7627	-3.39347
20.7727	-3.39695
20.7827	-3.40044
20.7927	-3.40392
20.8027	-3.40741
20.8126	-3.4109
20.8226	-3.41439
20.8326	-3.41789
20.8426	-3.42138
20.8526	-3.42488
20.8626	-3.42838
20.8725	-3.43188
20.8825	-3.43538
20.8925	-3.43889
20.9025	-3.44239
20.9125	-3.4459
20.9224	-3.44941
20.9324	-3.45292
20.9424	-3.45644
20.9524	-3.45995
20.9624	-3.46347
20.9724	-3.46699
20.9823	-3.47051
20.9923	-3.47403
21.0023	-3.47755
21.0123	-3.48108
21.0223	-3.48461
21.0322	-3.48813
21.0422	-3.49167
21.0522	-3.4952
21.0622	-3.49873
21.0722	-3.50227
21.0822	-3.50581
21.0921	-3.50934
21.1021	-3.51289
21.1121	-3.51643
21.1221	-3.51997
21.1321	-3.52352
21.142	-3.52707
21.152	-3.53062
21.162	-3.53417
21.172	-3.53772
21.182	-3.54128
21.192	-3.54484
21.2019	-3.54839
21.2119	-3.55195
21.2219	-3.55552
21.2319	-3.55908
21.2419	-3.56265
21.2519	-3.56621
21.2618	-3.56978
21.2718	-3.57335
21.2818	-3.57693
21.2918	-3.5805
21.3018	-3.58408
21.3117	-3.58765
21.3217	-3.59123
21.3317	-3.59482
21.3417	-3.5984
21.3517	-3.60198
21.3617	-3.60557
21.3716	-3.60916
21.3816	-3.61275
21.3916	-3.61634
21.4016	-3.61993
21.4116	-3.62353
21.4215	-3.62713
21.4315	-3.63072
21.4415	-3.63432
21.4515	-3.63793
21.4615	-3.64153
21.4715	-3.64514
21.4814	-3.64874
21.4914	-3.65235
21.5014	-3.65596
21.5114	-3.65957
21.5214	-3.66319
21.5313	-3.6668
21.5413	-3.67042
21.5513	-3.67404
21.5613	-3.67766
21.5713	-3.68129
21.5813	-3.68491
21.5912	-3.68854
21.6012	-3.69216
21.6112	-3.69579
21.6212	-3.69942
21.6312	-3.70306
21.6411	-3.70669
21.6511	-3.71033
21.6611	-3.71397
21.6711	-3.71761
21.6811	-3.72125
21.6911	-3.72489
21.701	-3.72854
21.711	-3.73218
21.721	-3.73583
21.731	-3.73948
21.741	-3.74313
21.751	-3.74679
21.7609	-3.75044
21.7709	-3.7541
21.7809	-3.75776
21.7909	-3.76142
21.8009	-3.76508
21.8108	-3.76874
21.8208	-3.77241
21.8308	-3.77608
21.8408	-3.77975
21.8508	-3.78342
21.8608	-3.78709
21.8707	-3.79076
21.8807	-3.79444
21.8907	-3.79812
21.9007	-3.8018
21.9107	-3.80548
21.9206	-3.80916
21.9306	-3.81284
21.9406	-3.81653
21.9506	-3.82022
21.9606	-3.82391
21.9706	-3.8276
21.9805	-3.83129
21.9905	-3.83498
22.0005	-3.83868
22.0105	-3.84238
22.0205	-3.84608
22.0304	-3.84978
22.0404	-3.85348
22.0504	-3.85718
22.0604	-3.86089
22.0704	-3.8646
22.0804	-3.86831
22.0903	-3.87202
22.1003	-3.87573
22.1103	-3.87945
22.1203	-3.88316
22.1303	-3.88688
22.1402	-3.8906
22.1502	-3.89432
22.1602	-3.89804
22.1702	-3.90177
22.1802	-3.9055
22.1902	-3.90922
22.2001	-3.91295
22.2101	-3.91668
22.2201	-3.92042
22.2301	-3.92415
22.2401	-3.92789
22.2501	-3.93163
22.26	-3.93537
22.27	-3.93911
22.28	-3.94285
22.29	-3.9466
22.3	-3.95034
22.3099	-3.95409
22.3199	-3.95784
22.3299	-3.96159
22.3399	-3.96534
22.3499	-3.9691
22.3599	-3.97286
22.3698	-3.97661
22.3798	-3.98037
22.3898	-3.98414
22.3998	-3.9879
22.4098	-3.99166
22.4197	-3.99543
22.4297	-3.9992
22.4397	-4.00297
22.4497	-4.00674
22.4597	-4.01051
22.4697	-4.01429
22.4796	-4.01806
22.4896	-4.02184
22.4996	-4.02562
22.5096	-4.0294
22.5196	-4.03318
22.5295	-4.03697
22.5395	-4.04076
22.5495	-4.04454
22.5595	-4.04833
22.5695	-4.05212
22.5795	-4.05592
22.5894	-4.05971
22.5994	-4.06351
22.6094	-4.06731
22.6194	-4.0711
22.6294	-4.07491
22.6393	-4.07871
22.6493	-4.08251
22.6593	-4.08632
22.6693	-4.09013
22.6793	-4.09394
22.6893	-4.09775
22.6992	-4.10156
22.7092	-4.10537
22.7192	-4.10919
22.7292	-4.11301
22.7392	-4.11683
22.7491	-4.12065
22.7591	-4.12447
22.7691	-4.12829
22.7791	-4.13212
22.7891	-4.13595
22.7991	-4.13977
22.809	-4.14361
22.819	-4.14744
22.829	-4.15127
22.839	-4.15511
22.849	-4.15894
22.859	-4.16278
22.8689	-4.16662
22.8789	-4.17047
22.8889	-4.17431
22.8989	-4.17815
22.9089	-4.182
22.9188	-4.18585
22.9288	-4.1897
22.9388	-4.19355
22.9488	-4.1974
22.9588	-4.20126
22.9688	-4.20512
22.9787	-4.20897
22.9887	-4.21283
22.9987	-4.2167
23.0087	-4.22056
23.0187	-4.22442
23.0286	-4.22829
23.0386	-4.23216
23.0486	-4.23603
23.0586	-4.2399
23.0686	-4.24377
23.0786	-4.24764
23.0885	-4.25152
23.0985	-4.2554
23.1085	-4.25928
23.1185	-4.26316
23.1285	-4.26704
23.1384	-4.27092
23.1484	-4.27481
23.1584	-4.2787
23.1684	-4.28259
23.1784	-4.28648
23.1884	-4.29037
23.1983	-4.29426
23.2083	-4.29816
23.2183	-4.30205
23.2283	-4.30595
23.2383	-4.30985
23.2482	-4.31375
23.2582	-4.31766
23.2682	-4.32156
23.2782	-4.32547
23.2882	-4.32938
23.2982	-4.33329
23.3081	-4.3372
23.3181	-4.34111
23.3281	-4.34502
23.3381	-4.34894
23.3481	-4.35286
23.3581	-4.35678
23.368	-4.3607
23.378	-4.36462
23.388	-4.36854
23.398	-4.37247
23.408	-4.3764
23.4179	-4.38032
23.4279	-4.38425
23.4379	-4.38819
23.4479	-4.39212
23.4579	-4.39605
23.4679	-4.39999
23.4778	-4.40393
23.4878	-4.40787
23.4978	-4.41181
23.5078	-4.41575
23.5178	-4.4197
23.5277	-4.42364
23.5377	-4.42759
23.5477	-4.43154
23.5577	-4.43549
23.5677	-4.43944
23.5777	-4.4434
23.5876	-4.44735
23.5976	-4.45131
23.6076	-4.45527
23.6176	-4.45923
23.6276	-4.46319
23.6375	-4.46715
23.6475	-4.47112
23.6575	-4.47508
23.6675	-4.47905
23.6775	-4.48302
23.6875	-4.48699
23.6974	-4.49097
23.7074	-4.49494
23.7174	-4.49892
23.7274	-4.50289
23.7374	-4.50687
23.7473	-4.51085
23.7573	-4.51483
23.7673	-4.51882
23.7773	-4.5228
23.7873	-4.52679
23.7973	-4.53078
23.8072	-4.53477
23.8172	-4.53876
23.8272	-4.54275
23.8372	-4.54675
23.8472	-4.55074
23.8572	-4.55474
23.8671	-4.55874
23.8771	-4.56274
23.8871	-4.56674
23.8971	-4.57075
23.9071	-4.57475
23.917	-4.57876
23.927	-4.58277
23.937	-4.58678
23.947	-4.59079
23.957	-4.5948
23.967	-4.59881
23.9769	-4.60283
23.9869	-4.60685
23.9969	-4.61087
24.0069	-4.61489
24.0169	-4.61891
24.0268	-4.62293
24.0368	-4.62696
24.0468	-4.63099
24.0568	-4.63501
24.0668	-4.63904
24.0768	-4.64307
24.0867	-4.64711
24.0967	-4.65114
24.1067	-4.65518
24.1167	-4.65922
24.1267	-4.66325
24.1366	-4.66729
24.1466	-4.67134
24.1566	-4.67538
24.1666	-4.67943
24.1766	-4.68347
24.1866	-4.68752
24.1965	-4.69157
24.2065	-4.69562
24.2165	-4.69967
24.2265	-4.70373
24.2365	-4.70778
24.2464	-4.71184
24.2564	-4.7159
24.2664	-4.71996
24.2764	-4.72402
24.2864	-4.72808
24.2964	-4.73215
24.3063	-4.73622
24.3163	-4.74028
24.3263	-4.74435
24.3363	-4.74842
24.3463	-4.7525
24.3563	-4.75657
24.3662	-4.76065
24.3762	-4.76472
24.3862	-4.7688
24.3962	-4.77288
24.4062	-4.77696
24.4161	-4.78104
24.4261	-4.78513
24.4361	-4.78921
24.4461	-4.7933
24.4561	-4.79739
24.4661	-4.80148
24.476	-4.80557
24.486	-4.80967
24.496	-4.81376
24.506	-4.81786
24.516	-4.82196
24.5259	-4.82605
24.5359	-4.83016
24.5459	-4.83426
24.5559	-4.83836
24.5659	-4.84247
24.5759	-4.84657
24.5858	-4.85068
24.5958	-4.85479
24.6058	-4.8589
24.6158	-4.86302
24.6258	-4.86713
24.6357	-4.87125
24.6457	-4.87536
24.6557	-4.87948
24.6657	-4.8836
24.6757	-4.88772
24.6857	-4.89185
24.6956	-4.89597
24.7056	-4.9001
24.7156	-4.90422
24.7256	-4.90835
24.7356	-4.91248
24.7455	-4.91662
24.7555	-4.92075
24.7655	-4.92488
24.7755	-4.92902
24.7855	-4.93316
24.7955	-4.9373
24.8054	-4.94144
24.8154	-4.94558
24.8254	-4.94972
24.8354	-4.95387
24.8454	-4.95802
24.8554	-4.96216
24.8653	-4.96631
24.8753	-4.97046
24.8853	-4.97462
24.8953	-4.97877
24.9053	-4.98293
24.9152	-4.98708
24.9252	-4.99124
24.9352	-4.9954
24.9452	-4.99956
24.9552	-5.00372
24.9652	-5.00789
24.9751	-5.01205
24.9851	-5.01622
24.9951	-5.02039
25.0051	-5.02456
25.0151	-5.02873
25.025	-5.0329
25.035	-5.03708
25.045	-5.04125
25.055	-5.04543
25.065	-5.04961
25.075	-5.05379
25.0849	-5.05797
25.0949	-5.06215
25.1049	-5.06634
25.1149	-5.07052
25.1249	-5.07471
25.1348	-5.0789
25.1448	-5.08309
25.1548	-5.08728
25.1648	-5.09147
25.1748	-5.09567
25.1848	-5.09986
25.1947	-5.10406
25.2047	-5.10826
25.2147	-5.11246
25.2247	-5.11666
25.2347	-5.12086
25.2446	-5.12507
25.2546	-5.12927
25.2646	-5.13348
25.2746	-5.13769
25.2846	-5.1419
25.2946	-5.14611
25.3045	-5.15032
25.3145	-5.15454
25.3245	-5.15875
25.3345	-5.16297
25.3445	-5.16719
25.3545	-5.17141
25.3644	-5.17563
25.3744	-5.17985
25.3844	-5.18408
25.3944	-5.1883
25.4044	-5.19253
25.4143	-5.19676
25.4243	-5.20099
25.4343	-5.20522
25.4443	-5.20945
25.4543	-5.21369
25.4643	-5.21792
25.4742	-5.22216
25.4842	-5.2264
25.4942	-5.23064
25.5042	-5.23488
25.5142	-5.23912
25.5241	-5.24337
25.5341	-5.24761
25.5441	-5.25186
25.5541	-5.25611
25.5641	-5.26036
25.5741	-5.26461
25.584	-5.26886
25.594	-5.27311
25.604	-5.27737
25.614	-5.28163
25.624	-5.28588
25.6339	-5.29014
25.6439	-5.2944
25.6539	-5.29867
25.6639	-5.30293
25.6739	-5.3072
25.6839	-5.31146
25.6938	-5.31573
25.7038	-5.32
25.7138	-5.32427
25.7238	-5.32854
25.7338	-5.33281
25.7437	-5.33709
25.7537	-5.34137
25.7637	-5.34564
25.7737	-5.34992
25.7837	-5.3542
25.7937	-5.35848
25.8036	-5.36277
25.8136	-5.36705
25.8236	-5.37134
25.8336	-5.37562
25.8436	-5.37991
25.8536	-5.3842
25.8635	-5.38849
25.8735	-5.39279
25.8835	-5.39708
25.8935	-5.40137
25.9035	-5.40567
25.9134	-5.40997
25.9234	-5.41427
25.9334	-5.41857
25.9434	-5.42287
25.9534	-5.42718
25.9634	-5.43148
25.9733	-5.43579
25.9833	-5.44009
25.9933	-5.4444
26.0033	-5.44871
26.0133	-5.45302
26.0232	-5.45734
26.0332	-5.46165
26.0432	-5.46597
26.0532	-5.47029
26.0632	-5.4746
26.0732	-5.47892
26.0831	-5.48324
26.0931	-5.48757
26.1031	-5.49189
26.1131	-5.49622
26.1231	-5.50054
26.133	-5.50487
26.143	-5.5092
26.153	-5.51353
26.163	-5.51786
26.173	-5.5222
26.183	-5.52653
26.1929	-5.53087
26.2029	-5.5352
26.2129	-5.53954
26.2229	-5.54388
26.2329	-5.54822
26.2428	-5.55257
26.2528	-5.55691
26.2628	-5.56126
26.2728	-5.5656
26.2828	-5.56995
26.2928	-5.5743
26.3027	-5.57865
26.3127	-5.583
26.3227	-5.58736
26.3327	-5.59171
26.3427	-5.59607
26.3527	-5.60042
26.3626	-5.60478
26.3726	-5.60914
26.3826	-5.6135
26.3926	-5.61787
26.4026	-5.62223
26.4125	-5.6266
26.4225	-5.63096
26.4325	-5.63533
26.4425	-5.6397
26.4525	-5.64407
26.4625	-5.64844
26.4724	-5.65282
26.4824	-5.65719
26.4924	-5.66157
26.5024	-5.66594
26.5124	-5.67032
26.5223	-5.6747
26.5323	-5.67908
26.5423	-5.68347
26.5523	-5.68785
26.5623	-5.69223
26.5723	-5.69662
26.5822	-5.70101
26.5922	-5.7054
26.6022	-5.70979
26.6122	-5.71418
26.6222	-5.71857
26.6321	-5.72297
26.6421	-5.72736
26.6521	-5.73176
26.6621	-5.73616
26.6721	-5.74056
26.6821	-5.74496
26.692	-5.74936
26.702	-5.75376
26.712	-5.75817
26.722	-5.76257
26.732	-5.76698
26.7419	-5.77139
26.7519	-5.7758
26.7619	-5.78021
26.7719	-5.78462
26.7819	-5.78903
26.7919	-5.79345
26.8018	-5.79787
26.8118	-5.80228
26.8218	-5.8067
26.8318	-5.81112
26.8418	-5.81554
26.8518	-5.81997
26.8617	-5.82439
26.8717	-5.82882
26.8817	-5.83324
26.8917	-5.83767
26.9017	-5.8421
26.9116	-5.84653
26.9216	-5.85096
26.9316	-5.85539
26.9416	-5.85983
26.9516	-5.86426
26.9616	-5.8687
26.9715	-5.87314
26.9815	-5.87758
26.9915	-5.88202
27.0015	-5.88646
27.0115	-5.8909
27.0214	-5.89535
27.0314	-5.89979
27.0414	-5.90424
27.0514	-5.90869
27.0614	-5.91314
27.0714	-5.91759
27.0813	-5.92204
27.0913	-5.92649
27.1013	-5.93095
27.1113	-5.9354
27.1213	-5.93986
27.1312	-5.94432
27.1412	-5.94878
27.1512	-5.95324
27.1612	-5.9577
27.1712	-5.96216
27.1812	-5.96663
27.1911	-5.97109
27.2011	-5.97556
27.2111	-5.98003
27.2211	-5.9845
27.2311	-5.98897
27.241	-5.99344
27.251	-5.99791
27.261	-6.00239
27.271	-6.00686
27.281	-6.01134
27.291	-6.01582
27.3009	-6.0203
27.3109	-6.02478
27.3209	-6.02926
27.3309	-6.03374
27.3409	-6.03823
27.3509	-6.04271
27.3608	-6.0472
27.3708	-6.05169
27.3808	-6.05618
27.3908	-6.06067
27.4008	-6.06516
27.4107	-6.06965
27.4207	-6.07415
27.4307	-6.07864
27.4407	-6.08314
27.4507	-6.08764
27.4607	-6.09214
27.4706	-6.09664
27.4806	-6.10114
27.4906	-6.10564
27.5006	-6.11014
27.5106	-6.11465
27.5205	-6.11916
27.5305	-6.12366
27.5405	-6.12817
27.5505	-6.13268
27.5605	-6.13719
27.5705	-6.14171
27.5804	-6.14622
27.5904	-6.15074
27.6004	-6.15525
27.6104	-6.15977
27.6204	-6.16429
27.6303	-6.16881
27.6403	-6.17333
27.6503	-6.17785
27.6603	-6.18237
27.6703	-6.1869
27.6803	-6.19142
27.6902	-6.19595
27.7002	-6.20048
27.7102	-6.20501
27.7202	-6.20954
27.7302	-6.21407
27.7401	-6.21861
27.7501	-6.22314
27.7601	-6.22768
27.7701	-6.23221
27.7801	-6.23675
27.7901	-6.24129
27.8	-6.24583
27.81	-6.25037
27.82	-6.25491
27.83	-6.25946
27.84	-6.264
27.8499	-6.26855
27.8599	-6.2731
27.8699	-6.27765
27.8799	-6.28219
27.8899	-6.28675
27.8999	-6.2913
27.9098	-6.29585
27.9198	-6.30041
27.9298	-6.30496
27.9398	-6.30952
27.9498	-6.31408
27.9598	-6.31864
27.9697	-6.3232
27.9797	-6.32776
27.9897	-6.33232
27.9997	-6.33689
28.0097	-6.34145
28.0196	-6.34602
28.0296	-6.35058
28.0396	-6.35515
28.0496	-6.35972
28.0596	-6.36429
28.0696	-6.36887
28.0795	-6.37344
28.0895	-6.37801
28.0995	-6.38259
28.1095	-6.38717
28.1195	-6.39175
28.1294	-6.39632
28.1394	-6.40091
28.1494	-6.40549
28.1594	-6.41007
28.1694	-6.41465
28.1794	-6.41924
28.1893	-6.42383
28.1993	-6.42841
28.2093	-6.433
28.2193	-6.43759
28.2293	-6.44218
28.2392	-6.44677
28.2492	-6.45137
28.2592	-6.45596
28.2692	-6.46056
28.2792	-6.46515
28.2892	-6.46975
28.2991	-6.47435
28.3091	-6.47895
28.3191	-6.48355
28.3291	-6.48815
28.3391	-6.49276
28.349	-6.49736
28.359	-6.50197
28.369	-6.50658
28.379	-6.51118
28.389	-6.51579
28.399	-6.5204
28.4089	-6.52501
28.4189	-6.52963
28.4289	-6.53424
28.4389	-6.53886
28.4489	-6.54347
28.4589	-6.54809
28.4688	-6.55271
28.4788	-6.55733
28.4888	-6.56195
28.4988	-6.56657
28.5088	-6.57119
28.5187	-6.57582
28.5287	-6.58044
28.5387	-6.58507
28.5487	-6.5897
28.5587	-6.59432
28.5687	-6.59895
28.5786	-6.60358
28.5886	-6.60822
28.5986	-6.61285
28.6086	-6.61748
28.6186	-6.62212
28.6285	-6.62676
28.6385	-6.63139
28.6485	-6.63603
28.6585	-6.64067
28.6685	-6.64531
28.6785	-6.64996
28.6884	-6.6546
28.6984	-6.65924
28.7084	-6.66389
28.7184	-6.66853
28.7284	-6.67318
28.7383	-6.67783
28.7483	-6.68248
28.7583	-6.68713
28.7683	-6.69178
28.7783	-6.69644
28.7883	-6.70109
28.7982	-6.70575
28.8082	-6.7104
28.8182	-6.71506
28.8282	-6.71972
28.8382	-6.72438
28.8481	-6.72904
28.8581	-6.7337
28.8681	-6.73836
28.8781	-6.74303
28.8881	-6.74769
28.8981	-6.75236
28.908	-6.75703
28.918	-6.7617
28.928	-6.76637
28.938	-6.77104
28.948	-6.77571
28.958	-6.78038
28.9679	-6.78506
28.9779	-6.78973
28.9879	-6.79441
28.9979	-6.79908
29.0079	-6.80376
29.0178	-6.80844
29.0278	-6.81312
29.0378	-6.8178
29.0478	-6.82249
29.0578	-6.82717
29.0678	-6.83186
29.0777	-6.83654
29.0877	-6.84123
29.0977	-6.84592
29.1077	-6.85061
29.1177	-6.8553
29.1276	-6.85999
29.1376	-6.86468
29.1476	-6.86937
29.1576	-6.87407
29.1676	-6.87876
29.1776	-6.88346
29.1875	-6.88816
29.1975	-6.89286
29.2075	-6.89756
29.2175	-6.90226
29.2275	-6.90696
29.2374	-6.91166
29.2474	-6.91637
29.2574	-6.92107
29.2674	-6.92578
29.2774	-6.93049
29.2874	-6.9352
29.2973	-6.93991
29.3073	-6.94462
29.3173	-6.94933
29.3273	-6.95404
29.3373	-6.95875
29.3472	-6.96347
29.3572	-6.96819
29.3672	-6.9729
29.3772	-6.97762
29.3872	-6.98234
29.3972	-6.98706
29.4071	-6.99178
29.4171	-6.9965
29.4271	-7.00123
29.4371	-7.00595
29.4471	-7.01068
29.4571	-7.0154
29.467	-7.02013
29.477	-7.02486
29.487	-7.02959
29.497	-7.03432
29.507	-7.03905
29.5169	-7.04378
29.5269	-7.04852
29.5369	-7.05325
29.5469	-7.05799
29.5569	-7.06272
29.5669	-7.06746
29.5768	-7.0722
29.5868	-7.07694
29.5968	-7.08168
29.6068	-7.08642
29.6168	-7.09117
29.6267	-7.09591
29.6367	-7.10066
29.6467	-7.1054
29.6567	-7.11015
29.6667	-7.1149
29.6767	-7.11965
29.6866	-7.1244
29.6966	-7.12915
29.7066	-7.1339
29.7166	-7.13865
29.7266	-7.14341
29.7365	-7.14816
29.7465	-7.15292
29.7565	-7.15768
29.7665	-7.16244
29.7765	-7.1672
29.7865	-7.17196
29.7964	-7.17672
29.8064	-7.18148
29.8164	-7.18624
29.8264	-7.19101
29.8364	-7.19577
29.8463	-7.20054
29.8563	-7.20531
29.8663	-7.21008
29.8763	-7.21485
29.8863	-7.21962
29.8963	-7.22439
29.9062	-7.22916
29.9162	-7.23394
29.9262	-7.23871
29.9362	-7.24349
29.9462	-7.24826
29.9562	-7.25304
29.9661	-7.25782
29.9761	-7.2626
29.9861	-7.26738
29.9961	-7.27216
30.0061	-7.27694
30.016	-7.28173
30.026	-7.28651
30.036	-7.2913
30.046	-7.29608
30.056	-7.30087
30.066	-7.30566
30.0759	-7.31045
30.0859	-7.31524
30.0959	-7.32003
30.1059	-7.32483
30.1159	-7.32962
30.1258	-7.33441
30.1358	-7.33921
30.1458	-7.34401
30.1558	-7.3488
30.1658	-7.3536
30.1758	-7.3584
30.1857	-7.3632
30.1957	-7.368
30.2057	-7.37281
30.2157	-7.37761
30.2257	-7.38242
30.2356	-7.38722
30.2456	-7.39203
30.2556	-7.39684
30.2656	-7.40164
30.2756	-7.40645
30.2856	-7.41126
30.2955	-7.41607
30.3055	-7.42089
30.3155	-7.4257
30.3255	-7.43051
30.3355	-7.43533
30.3454	-7.44015
30.3554	-7.44496
30.3654	-7.44978
30.3754	-7.4546
30.3854	-7.45942
30.3954	-7.46424
30.4053	-7.46906
30.4153	-7.47389
30.4253	-7.47871
30.4353	-7.48354
30.4453	-7.48836
30.4553	-7.49319
30.4652	-7.49802
30.4752	-7.50285
30.4852	-7.50768
30.4952	-7.51251
30.5052	-7.51734
30.5151	-7.52217
30.5251	-7.527
30.5351	-7.53184
30.5451	-7.53667
30.5551	-7.54151
30.5651	-7.54635
30.575	-7.55119
30.585	-7.55603
30.595	-7.56087
30.605	-7.56571
30.615	-7.57055
30.6249	-7.57539
30.6349	-7.58024
30.6449	-7.58508
30.6549	-7.58993
30.6649	-7.59477
30.6749	-7.59962
30.6848	-7.60447
30.6948	-7.60932
30.7048	-7.61417
30.7148	-7.61902
30.7248	-7.62388
30.7347	-7.62873
30.7447	-7.63358
30.7547	-7.63844
30.7647	-7.6433
30.7747	-7.64815
30.7847	-7.65301
30.7946	-7.65787
30.8046	-7.66273
30.8146	-7.66759
30.8246	-7.67245
30.8346	-7.67732
30.8445	-7.68218
30.8545	-7.68704
30.8645	-7.69191
30.8745	-7.69678
30.8845	-7.70164
30.8945	-7.70651
30.9044	-7.71138
30.9144	-7.71625
30.9244	-7.72112
30.9344	-7.726
30.9444	-7.73087
30.9544	-7.73574
30.9643	-7.74062
30.9743	-7.74549
30.9843	-7.75037
30.9943	-7.75525
31.0043	-7.76013
31.0142	-7.76501
31.0242	-7.76989
31.0342	-7.77477
31.0442	-7.77965
31.0542	-7.78453
31.0642	-7.78942
31.0741	-7.7943
31.0841	-7.79919
31.0941	-7.80407
31.1041	-7.80896
31.1141	-7.81385
31.124	-7.81874
31.134	-7.82363
31.144	-7.82852
31.154	-7.83341
31.164	-7.83831
31.174	-7.8432
31.1839	-7.8481
31.1939	-7.85299
31.2039	-7.85789
31.2139	-7.86279
31.2239	-7.86769
31.2338	-7.87259
31.2438	-7.87749
31.2538	-7.88239
31.2638	-7.88729
31.2738	-7.89219
31.2838	-7.8971
31.2937	-7.902
31.3037	-7.90691
31.3137	-7.91181
31.3237	-7.91672
31.3337	-7.92163
31.3436	-7.92654
31.3536	-7.93145
31.3636	-7.93636
31.3736	-7.94127
31.3836	-7.94618
31.3936	-7.9511
31.4035	-7.95601
31.4135	-7.96093
31.4235	-7.96584
31.4335	-7.97076
31.4435	-7.97568
31.4535	-7.9806
31.4634	-7.98552
31.4734	-7.99044
31.4834	-7.99536
31.4934	-8.00028
31.5034	-8.00521
31.5133	-8.01013
31.5233	-8.01506
31.5333	-8.01998
31.5433	-8.02491
31.5533	-8.02984
31.5633	-8.03477
31.5732	-8.0397
31.5832	-8.04463
31.5932	-8.04956
31.6032	-8.05449
31.6132	-8.05942
31.6231	-8.06436
31.6331	-8.06929
31.6431	-8.07423
31.6531	-8.07916
31.6631	-8.0841
31.6731	-8.08904
31.683	-8.09398
31.693	-8.09892
31.703	-8.10386
31.713	-8.1088
31.723	-8.11374
31.7329	-8.11869
31.7429	-8.12363
31.7529	-8.12858
31.7629	-8.13352
31.7729	-8.13847
31.7829	-8.14342
31.7928	-8.14837
31.8028	-8.15331
31.8128	-8.15826
31.8228	-8.16322
31.8328	-8.16817
31.8427	-8.17312
31.8527	-8.17807
31.8627	-8.18303
31.8727	-8.18798
31.8827	-8.19294
31.8927	-8.1979
31.9026	-8.20286
31.9126	-8.20781
31.9226	-8.21277
31.9326	-8.21773
31.9426	-8.2227
31.9526	-8.22766
31.9625	-8.23262
31.9725	-8.23758
31.9825	-8.24255
31.9925	-8.24751
32.0025	-8.25248
32.0124	-8.25745
32.0224	-8.26242
32.0324	-8.26739
32.0424	-8.27235
32.0524	-8.27733
32.0624	-8.2823
32.0723	-8.28727
32.0823	-8.29224
32.0923	-8.29722
32.1023	-8.30219
32.1123	-8.30717
32.1222	-8.31214
32.1322	-8.31712
32.1422	-8.3221
32.1522	-8.32708
32.1622	-8.33206
32.1722	-8.33704
32.1821	-8.34202
32.1921	-8.347
32.2021	-8.35198
32.2121	-8.35697
32.2221	-8.36195
32.232	-8.36694
32.242	-8.37192
32.252	-8.37691
32.262	-8.3819
32.272	-8.38689
32.282	-8.39188
32.2919	-8.39687
32.3019	-8.40186
32.3119	-8.40685
32.3219	-8.41184
32.3319	-8.41684
32.3418	-8.42183
32.3518	-8.42683
32.3618	-8.43182
32.3718	-8.43682
32.3818	-8.44182
32.3918	-8.44681
32.4017	-8.45181
32.4117	-8.45681
32.4217	-8.46181
32.4317	-8.46682
32.4417	-8.47182
32.4517	-8.47682
32.4616	-8.48183
32.4716	-8.48683
32.4816	-8.49184
32.4916	-8.49684
32.5016	-8.50185
32.5115	-8.50686
32.5215	-8.51187
32.5315	-8.51688
32.5415	-8.52189
32.5515	-8.5269
32.5615	-8.53191
32.5714	-8.53692
32.5814	-8.54194
32.5914	-8.54695
32.6014	-8.55197
32.6114	-8.55698
32.6213	-8.562
32.6313	-8.56702
32.6413	-8.57204
32.6513	-8.57706
32.6613	-8.58208
32.6713	-8.5871
32.6812	-8.59212
32.6912	-8.59714
32.7012	-8.60216
32.7112	-8.60719
32.7212	-8.61221
32.7311	-8.61724
32.7411	-8.62227
32.7511	-8.62729
32.7611	-8.63232
32.7711	-8.63735
32.7811	-8.64238
32.791	-8.64741
32.801	-8.65244
32.811	-8.65747
32.821	-8.6625
32.831	-8.66754
32.8409	-8.67257
32.8509	-8.67761
32.8609	-8.68264
32.8709	-8.68768
32.8809	-8.69272
32.8909	-8.69775
32.9008	-8.70279
32.9108	-8.70783
32.9208	-8.71287
32.9308	-8.71791
32.9408	-8.72296
32.9508	-8.728
32.9607	-8.73304
32.9707	-8.73809
32.9807	-8.74313
32.9907	-8.74818
33.0007	-8.75322
33.0106	-8.75827
33.0206	-8.76332
33.0306	-8.76837
33.0406	-8.77342
33.0506	-8.77847
33.0606	-8.78352
33.0705	-8.78857
33.0805	-8.79362
33.0905	-8.79868
33.1005	-8.80373
33.1105	-8.80878
33.1204	-8.81384
33.1304	-8.8189
33.1404	-8.82395
33.1504	-8.82901
33.1604	-8.83407
33.1704	-8.83913
33.1803	-8.84419
33.1903	-8.84925
33.2003	-8.85431
33.2103	-8.85937
33.2203	-8.86444
33.2302	-8.8695
33.2402	-8.87457
33.2502	-8.87963
33.2602	-8.8847
33.2702	-8.88977
33.2802	-8.89483
33.2901	-8.8999
33.3001	-8.90497
33.3101	-8.91004
33.3201	-8.91511
33.3301	-8.92018
33.34	-8.92525
33.35	-8.93033
33.36	-8.9354
33.37	-8.94047
33.38	-8.94555
33.39	-8.95063
33.3999	-8.9557
33.4099	-8.96078
33.4199	-8.96586
33.4299	-8.97094
33.4399	-8.97602
33.4498	-8.9811
33.4598	-8.98618
33.4698	-8.99126
33.4798	-8.99634
33.4898	-9.00142
33.4998	-9.00651
33.5097	-9.01159
33.5197	-9.01668
33.5297	-9.02176
33.5397	-9.02685
33.5497	-9.03194
33.5597	-9.03703
33.5696	-9.04212
33.5796	-9.04721
33.5896	-9.0523
33.5996	-9.05739
33.6096	-9.06248
33.6195	-9.06757
33.6295	-9.07267
33.6395	-9.07776
33.6495	-9.08285
33.6595	-9.08795
33.6695	-9.09305
33.6794	-9.09814
33.6894	-9.10324
33.6994	-9.10834
33.7094	-9.11344
33.7194	-9.11854
33.7293	-9.12364
33.7393	-9.12874
33.7493	-9.13384
33.7593	-9.13894
33.7693	-9.14405
33.7793	-9.14915
33.7892	-9.15426
33.7992	-9.15936
33.8092	-9.16447
33.8192	-9.16957
33.8292	-9.17468
33.8391	-9.17979
33.8491	-9.1849
33.8591	-9.19001
33.8691	-9.19512
33.8791	-9.20023
33.8891	-9.20534
33.899	-9.21046
33.909	-9.21557
33.919	-9.22068
33.929	-9.2258
33.939	-9.23091
33.9489	-9.23603
33.9589	-9.24115
33.9689	-9.24626
33.9789	-9.25138
33.9889	-9.2565
33.9989	-9.26162
34.0088	-9.26674
34.0188	-9.27186
34.0288	-9.27698
34.0388	-9.28211
34.0488	-9.28723
34.0588	-9.29235
34.0687	-9.29748
34.0787	-9.3026
34.0887	-9.30773
34.0987	-9.31285
34.1087	-9.31798
34.1186	-9.32311
34.1286	-9.32824
34.1386	-9.33337
34.1486	-9.3385
34.1586	-9.34363
34.1686	-9.34876
34.1785	-9.35389
34.1885	-9.35902
34.1985	-9.36416
34.2085	-9.36929
34.2185	-9.37443
34.2284	-9.37956
34.2384	-9.3847
34.2484	-9.38983
34.2584	-9.39497
34.2684	-9.40011
34.2784	-9.40525
34.2883	-9.41039
34.2983	-9.41553
34.3083	-9.42067
34.3183	-9.42581
34.3283	-9.43095
34.3382	-9.4361
34.3482	-9.44124
34.3582	-9.44638
34.3682	-9.45153
34.3782	-9.45667
34.3882	-9.46182
34.3981	-9.46697
34.4081	-9.47212
34.4181	-9.47726
34.4281	-9.48241
34.4381	-9.48756
34.448	-9.49271
34.458	-9.49786
34.468	-9.50302
34.478	-9.50817
34.488	-9.51332
34.498	-9.51847
34.5079	-9.52363
34.5179	-9.52878
34.5279	-9.53394
34.5379	-9.5391
34.5479	-9.54425
34.5579	-9.54941
34.5678	-9.55457
34.5778	-9.55973
34.5878	-9.56489
34.5978	-9.57005
34.6078	-9.57521
34.6177	-9.58037
34.6277	-9.58553
34.6377	-9.5907
34.6477	-9.59586
34.6577	-9.60102
34.6677	-9.60619
34.6776	-9.61135
34.6876	-9.61652
34.6976	-9.62169
34.7076	-9.62685
34.7176	-9.63202
34.7275	-9.63719
34.7375	-9.64236
34.7475	-9.64753
34.7575	-9.6527
34.7675	-9.65787
34.7775	-9.66305
34.7874	-9.66822
34.7974	-9.67339
34.8074	-9.67857
34.8174	-9.68374
34.8274	-9.68892
34.8373	-9.69409
34.8473	-9.69927
34.8573	-9.70445
34.8673	-9.70962
34.8773	-9.7148
34.8873	-9.71998
34.8972	-9.72516
34.9072	-9.73034
34.9172	-9.73552
34.9272	-9.7407
34.9372	-9.74589
34.9471	-9.75107
34.9571	-9.75625
34.9671	-9.76144
34.9771	-9.76662
34.9871	-9.77181
34.9971	-9.77699
35.007	-9.78218
35.017	-9.78737
35.027	-9.79256
35.037	-9.79775
35.047	-9.80293
35.057	-9.80812
35.0669	-9.81332
35.0769	-9.81851
35.0869	-9.8237
35.0969	-9.82889
35.1069	-9.83408
35.1168	-9.83928
35.1268	-9.84447
35.1368	-9.84967
35.1468	-9.85486
35.1568	-9.86006
35.1668	-9.86526
35.1767	-9.87045
35.1867	-9.87565
35.1967	-9.88085
35.2067	-9.88605
35.2167	-9.89125
35.2266	-9.89645
35.2366	-9.90165
35.2466	-9.90685
35.2566	-9.91206
35.2666	-9.91726
35.2766	-9.92246
35.2865	-9.92767
35.2965	-9.93287
35.3065	-9.93808
35.3165	-9.94328
35.3265	-9.94849
35.3364	-9.9537
35.3464	-9.95891
35.3564	-9.96412
35.3664	-9.96932
35.3764	-9.97453
35.3864	-9.97975
35.3963	-9.98496
35.4063	-9.99017
35.4163	-9.99538
35.4263	-10.0006
35.4363	-10.0058
35.4462	-10.011
35.4562	-10.0162
35.4662	-10.0215
35.4762	-10.0267
35.4862	-10.0319
35.4962	-10.0371
35.5061	-10.0423
35.5161	-10.0475
35.5261	-10.0528
35.5361	-10.058
35.5461	-10.0632
35.5561	-10.0684
35.566	-10.0736
35.576	-10.0789
35.586	-10.0841
35.596	-10.0893
35.606	-10.0945
35.6159	-10.0998
35.6259	-10.105
35.6359	-10.1102
35.6459	-10.1154
35.6559	-10.1207
35.6659	-10.1259
35.6758	-10.1311
35.6858	-10.1363
35.6958	-10.1416
35.7058	-10.1468
35.7158	-10.152
35.7257	-10.1573
35.7357	-10.1625
35.7457	-10.1677
35.7557	-10.173
35.7657	-10.1782
35.7757	-10.1834
35.7856	-10.1887
35.7956	-10.1939
35.8056	-10.1991
35.8156	-10.2044
35.8256	-10.2096
35.8355	-10.2148
35.8455	-10.2201
35.8555	-10.2253
35.8655	-10.2306
35.8755	-10.2358
35.8855	-10.241
35.8954	-10.2463
35.9054	-10.2515
35.9154	-10.2568
35.9254	-10.262
35.9354	-10.2673
35.9453	-10.2725
35.9553	-10.2777
35.9653	-10.283
35.9753	-10.2882
35.9853	-10.2935
35.9953	-10.2987
36.0052	-10.304
36.0152	-10.3092
36.0252	-10.3145
36.0352	-10.3197
36.0452	-10.325
36.0552	-10.3302
36.0651	-10.3355
36.0751	-10.3407
36.0851	-10.346
36.0951	-10.3512
36.1051	-10.3565
36.115	-10.3617
36.125	-10.367
36.135	-10.3722
36.145	-10.3775
36.155	-10.3828
36.165	-10.388
36.1749	-10.3933
36.1849	-10.3985
36.1949	-10.4038
36.2049	-10.409
36.2149	-10.4143
36.2248	-10.4196
36.2348	-10.4248
36.2448	-10.4301
36.2548	-10.4353
36.2648	-10.4406
36.2748	-10.4459
36.2847	-10.4511
36.2947	-10.4564
36.3047	-10.4617
36.3147	-10.4669
36.3247	-10.4722
36.3346	-10.4775
36.3446	-10.4827
36.3546	-10.488
36.3646	-10.4933
36.3746	-10.4985
36.3846	-10.5038
36.3945	-10.5091
36.4045	-10.5143
36.4145	-10.5196
36.4245	-10.5249
36.4345	-10.5302
36.4444	-10.5354
36.4544	-10.5407
36.4644	-10.546
36.4744	-10.5512
36.4844	-10.5565
36.4944	-10.5618
36.5043	-10.5671
36.5143	-10.5723
36.5243	-10.5776
36.5343	-10.5829
36.5443	-10.5882
36.5543	-10.5935
36.5642	-10.5987
36.5742	-10.604
36.5842	-10.6093
36.5942	-10.6146
36.6042	-10.6199
36.6141	-10.6251
36.6241	-10.6304
36.6341	-10.6357
36.6441	-10.641
36.6541	-10.6463
36.6641	-10.6516
36.674	-10.6568
36.684	-10.6621
36.694	-10.6674
36.704	-10.6727
36.714	-10.678
36.7239	-10.6833
36.7339	-10.6886
36.7439	-10.6939
36.7539	-10.6991
36.7639	-10.7044
36.7739	-10.7097
36.7838	-10.715
36.7938	-10.7203
36.8038	-10.7256
36.8138	-10.7309
36.8238	-10.7362
36.8337	-10.7415
36.8437	-10.7468
36.8537	-10.7521
36.8637	-10.7574
36.8737	-10.7627
36.8837	-10.768
36.8936	-10.7733
36.9036	-10.7786
36.9136	-10.7839
36.9236	-10.7891
36.9336	-10.7944
36.9435	-10.7997
36.9535	-10.805
36.9635	-10.8103
36.9735	-10.8156
36.9835	-10.821
36.9935	-10.8263
37.0034	-10.8316
37.0134	-10.8369
37.0234	-10.8422
37.0334	-10.8475
37.0434	-10.8528
37.0534	-10.8581
37.0633	-10.8634
37.0733	-10.8687
37.0833	-10.874
37.0933	-10.8793
37.1033	-10.8846
37.1132	-10.8899
37.1232	-10.8952
37.1332	-10.9005
37.1432	-10.9059
37.1532	-10.9112
37.1632	-10.9165
37.1731	-10.9218
37.1831	-10.9271
37.1931	-10.9324
37.2031	-10.9377
37.2131	-10.943
37.223	-10.9484
37.233	-10.9537
37.243	-10.959
37.253	-10.9643
37.263	-10.9696
37.273	-10.9749
37.2829	-10.9802
37.2929	-10.9856
37.3029	-10.9909
37.3129	-10.9962
37.3229	-11.0015
37.3328	-11.0068
37.3428	-11.0122
37.3528	-11.0175
37.3628	-11.0228
37.3728	-11.0281
37.3828	-11.0335
37.3927	-11.0388
37.4027	-11.0441
37.4127	-11.0494
37.4227	-11.0547
37.4327	-11.0601
37.4426	-11.0654
37.4526	-11.0707
37.4626	-11.076
37.4726	-11.0814
37.4826	-11.0867
37.4926	-11.092
37.5025	-11.0974
37.5125	-11.1027
37.5225	-11.108
37.5325	-11.1133
37.5425	-11.1187
37.5525	-11.124
37.5624	-11.1293
37.5724	-11.1347
37.5824	-11.14
37.5924	-11.1453
37.6024	-11.1507
37.6123	-11.156
37.6223	-11.1613
37.6323	-11.1667
37.6423	-11.172
37.6523	-11.1774
37.6623	-11.1827
37.6722	-11.188
37.6822	-11.1934
37.6922	-11.1987
37.7022	-11.204
37.7122	-11.2094
37.7221	-11.2147
37.7321	-11.2201
37.7421	-11.2254
37.7521	-11.2307
37.7621	-11.2361
37.7721	-11.2414
37.782	-11.2468
37.792	-11.2521
37.802	-11.2575
37.812	-11.2628
37.822	-11.2681
37.8319	-11.2735
37.8419	-11.2788
37.8519	-11.2842
37.8619	-11.2895
37.8719	-11.2949
37.8819	-11.3002
37.8918	-11.3056
37.9018	-11.3109
37.9118	-11.3163
37.9218	-11.3216
37.9318	-11.327
37.9417	-11.3323
37.9517	-11.3377
37.9617	-11.343
37.9717	-11.3484
37.9817	-11.3537
37.9917	-11.3591
38.0016	-11.3644
38.0116	-11.3698
38.0216	-11.3751
38.0316	-11.3805
38.0416	-11.3858
38.0516	-11.3912
38.0615	-11.3966
38.0715	-11.4019
38.0815	-11.4073
38.0915	-11.4126
38.1015	-11.418
38.1114	-11.4233
38.1214	-11.4287
38.1314	-11.4341
38.1414	-11.4394
38.1514	-11.4448
38.1614	-11.4501
38.1713	-11.4555
38.1813	-11.4609
38.1913	-11.4662
38.2013	-11.4716
38.2113	-11.477
38.2212	-11.4823
38.2312	-11.4877
38.2412	-11.4931
38.2512	-11.4984
38.2612	-11.5038
38.2712	-11.5092
38.2811	-11.5145
38.2911	-11.5199
38.3011	-11.5253
38.3111	-11.5306
38.3211	-11.536
38.331	-11.5414
38.341	-11.5467
38.351	-11.5521
38.361	-11.5575
38.371	-11.5628
38.381	-11.5682
38.3909	-11.5736
38.4009	-11.579
38.4109	-11.5843
38.4209	-11.5897
38.4309	-11.5951
38.4408	-11.6005
38.4508	-11.6058
38.4608	-11.6112
38.4708	-11.6166
38.4808	-11.622
38.4908	-11.6273
38.5007	-11.6327
38.5107	-11.6381
38.5207	-11.6435
38.5307	-11.6488
38.5407	-11.6542
38.5507	-11.6596
38.5606	-11.665
38.5706	-11.6704
38.5806	-11.6757
38.5906	-11.6811
38.6006	-11.6865
38.6105	-11.6919
38.6205	-11.6973
38.6305	-11.7027
38.6405	-11.708
38.6505	-11.7134
38.6605	-11.7188
38.6704	-11.7242
38.6804	-11.7296
38.6904	-11.735
38.7004	-11.7403
38.7104	-11.7457
38.7203	-11.7511
38.7303	-11.7565
38.7403	-11.7619
38.7503	-11.7673
38.7603	-11.7727
38.7703	-11.7781
38.7802	-11.7835
38.7902	-11.7888
38.8002	-11.7942
38.8102	-11.7996
38.8202	-11.805
38.8301	-11.8104
38.8401	-11.8158
38.8501	-11.8212
38.8601	-11.8266
38.8701	-11.832
38.8801	-11.8374
38.89	-11.8428
38.9	-11.8482
38.91	-11.8536
38.92	-11.859
38.93	-11.8644
38.9399	-11.8698
38.9499	-11.8752
38.9599	-11.8806
38.9699	-11.8859
38.9799	-11.8913
38.9899	-11.8967
38.9998	-11.9021
39.0098	-11.9075
39.0198	-11.9129
39.0298	-11.9183
39.0398	-11.9238
39.0497	-11.9292
39.0597	-11.9346
39.0697	-11.94
39.0797	-11.9454
39.0897	-11.9508
39.0997	-11.9562
39.1096	-11.9616
39.1196	-11.967
39.1296	-11.9724
39.1396	-11.9778
39.1496	-11.9832
39.1596	-11.9886
39.1695	-11.994
39.1795	-11.9994
39.1895	-12.0048
39.1995	-12.0102
39.2095	-12.0156
39.2194	-12.0211
39.2294	-12.0265
39.2394	-12.0319
39.2494	-12.0373
39.2594	-12.0427
39.2694	-12.0481
39.2793	-12.0535
39.2893	-12.0589
39.2993	-12.0643
39.3093	-12.0698
39.3193	-12.0752
39.3292	-12.0806
39.3392	-12.086
39.3492	-12.0914
39.3592	-12.0968
39.3692	-12.1023
39.3792	-12.1077
39.3891	-12.1131
39.3991	-12.1185
39.4091	-12.1239
39.4191	-12.1293
39.4291	-12.1348
39.439	-12.1402
39.449	-12.1456
39.459	-12.151
39.469	-12.1564
39.479	-12.1619
39.489	-12.1673
39.4989	-12.1727
39.5089	-12.1781
39.5189	-12.1835
39.5289	-12.189
39.5389	-12.1944
39.5488	-12.1998
39.5588	-12.2052
39.5688	-12.2107
39.5788	-12.2161
39.5888	-12.2215
39.5988	-12.2269
39.6087	-12.2324
39.6187	-12.2378
39.6287	-12.2432
39.6387	-12.2486
39.6487	-12.2541
39.6587	-12.2595
39.6686	-12.2649
39.6786	-12.2704
39.6886	-12.2758
39.6986	-12.2812
39.7086	-12.2867
39.7185	-12.2921
39.7285	-12.2975
39.7385	-12.3029
39.7485	-12.3084
39.7585	-12.3138
39.7685	-12.3192
39.7784	-12.3247
39.7884	-12.3301
39.7984	-12.3355
39.8084	-12.341
39.8184	-12.3464
39.8283	-12.3519
39.8383	-12.3573
39.8483	-12.3627
39.8583	-12.3682
39.8683	-12.3736
39.8783	-12.379
39.8882	-12.3845
39.8982	-12.3899
39.9082	-12.3954
39.9182	-12.4008
39.9282	-12.4062
39.9381	-12.4117
39.9481	-12.4171
39.9581	-12.4226
39.9681	-12.428
39.9781	-12.4334
39.9881	-12.4389
39.998	-12.4443
