Freq_GHz	Norm_dB_model_vE
0.1	-3.70668e-05
0.109982	-4.25315e-05
0.119964	-4.85156e-05
0.129946	-5.50194e-05
0.139928	-6.20427e-05
0.14991	-6.95855e-05
0.159892	-7.76479e-05
0.169874	-8.62299e-05
0.179856	-9.53315e-05
0.189838	-0.000104953
0.19982	-0.000115093
0.209802	-0.000125754
0.219784	-0.000136933
0.229766	-0.000148633
0.239748	-0.000160852
0.24973	-0.000173591
0.259712	-0.000186849
0.269694	-0.000200627
0.279676	-0.000214924
0.289658	-0.000229741
0.29964	-0.000245078
0.309622	-0.000260934
0.319604	-0.00027731
0.329586	-0.000294206
0.339568	-0.000311621
0.34955	-0.000329556
0.359532	-0.000348011
0.369514	-0.000366985
0.379496	-0.000386479
0.389478	-0.000406493
0.39946	-0.000427026
0.409442	-0.000448079
0.419424	-0.000469652
0.429406	-0.000491744
0.439388	-0.000514356
0.44937	-0.000537488
0.459352	-0.00056114
0.469334	-0.000585311
0.479316	-0.000610002
0.489298	-0.000635213
0.49928	-0.000660944
0.509262	-0.000687194
0.519244	-0.000713964
0.529226	-0.000741254
0.539208	-0.000769064
0.54919	-0.000797394
0.559172	-0.000826243
0.569154	-0.000855613
0.579136	-0.000885502
0.589118	-0.000915911
0.5991	-0.00094684
0.609082	-0.000978288
0.619064	-0.00101026
0.629046	-0.00104275
0.639028	-0.00107575
0.64901	-0.00110928
0.658992	-0.00114333
0.668974	-0.0011779
0.678956	-0.00121299
0.688938	-0.0012486
0.69892	-0.00128472
0.708902	-0.00132137
0.718884	-0.00135854
0.728866	-0.00139623
0.738848	-0.00143444
0.74883	-0.00147317
0.758812	-0.00151241
0.768794	-0.00155218
0.778776	-0.00159247
0.788758	-0.00163328
0.79874	-0.00167461
0.808722	-0.00171646
0.818704	-0.00175883
0.828686	-0.00180172
0.838668	-0.00184513
0.84865	-0.00188906
0.858632	-0.00193351
0.868614	-0.00197848
0.878596	-0.00202397
0.888578	-0.00206998
0.89856	-0.00211651
0.908542	-0.00216356
0.918524	-0.00221114
0.928506	-0.00225923
0.938488	-0.00230784
0.94847	-0.00235697
0.958452	-0.00240663
0.968434	-0.0024568
0.978416	-0.00250749
0.988398	-0.00255871
0.99838	-0.00261044
1.00836	-0.0026627
1.01834	-0.00271548
1.02833	-0.00276877
1.03831	-0.00282259
1.04829	-0.00287693
1.05827	-0.00293179
1.06825	-0.00298717
1.07824	-0.00304307
1.08822	-0.00309949
1.0982	-0.00315643
1.10818	-0.00321389
1.11816	-0.00327187
1.12815	-0.00333038
1.13813	-0.0033894
1.14811	-0.00344894
1.15809	-0.00350901
1.16807	-0.0035696
1.17806	-0.0036307
1.18804	-0.00369233
1.19802	-0.00375448
1.208	-0.00381715
1.21798	-0.00388034
1.22797	-0.00394405
1.23795	-0.00400829
1.24793	-0.00407304
1.25791	-0.00413831
1.26789	-0.00420411
1.27788	-0.00427043
1.28786	-0.00433727
1.29784	-0.00440462
1.30782	-0.00447251
1.3178	-0.00454091
1.32779	-0.00460983
1.33777	-0.00467927
1.34775	-0.00474924
1.35773	-0.00481973
1.36771	-0.00489073
1.3777	-0.00496226
1.38768	-0.00503431
1.39766	-0.00510688
1.40764	-0.00517998
1.41762	-0.00525359
1.42761	-0.00532773
1.43759	-0.00540239
1.44757	-0.00547757
1.45755	-0.00555327
1.46753	-0.00562949
1.47752	-0.00570623
1.4875	-0.0057835
1.49748	-0.00586129
1.50746	-0.0059396
1.51744	-0.00601843
1.52743	-0.00609778
1.53741	-0.00617765
1.54739	-0.00625805
1.55737	-0.00633897
1.56735	-0.00642041
1.57734	-0.00650237
1.58732	-0.00658485
1.5973	-0.00666786
1.60728	-0.00675138
1.61726	-0.00683543
1.62725	-0.00692001
1.63723	-0.0070051
1.64721	-0.00709072
1.65719	-0.00717685
1.66717	-0.00726351
1.67716	-0.0073507
1.68714	-0.0074384
1.69712	-0.00752663
1.7071	-0.00761538
1.71708	-0.00770465
1.72707	-0.00779444
1.73705	-0.00788476
1.74703	-0.0079756
1.75701	-0.00806696
1.76699	-0.00815884
1.77698	-0.00825125
1.78696	-0.00834418
1.79694	-0.00843763
1.80692	-0.0085316
1.8169	-0.0086261
1.82689	-0.00872112
1.83687	-0.00881666
1.84685	-0.00891272
1.85683	-0.00900931
1.86681	-0.00910642
1.8768	-0.00920406
1.88678	-0.00930221
1.89676	-0.00940089
1.90674	-0.00950009
1.91672	-0.00959982
1.92671	-0.00970007
1.93669	-0.00980084
1.94667	-0.00990213
1.95665	-0.010004
1.96663	-0.0101063
1.97662	-0.0102092
1.9866	-0.0103125
1.99658	-0.0104165
2.00656	-0.0105209
2.01654	-0.0106258
2.02653	-0.0107313
2.03651	-0.0108373
2.04649	-0.0109439
2.05647	-0.0110509
2.06645	-0.0111585
2.07644	-0.0112666
2.08642	-0.0113752
2.0964	-0.0114844
2.10638	-0.011594
2.11636	-0.0117042
2.12635	-0.0118149
2.13633	-0.0119262
2.14631	-0.0120379
2.15629	-0.0121502
2.16627	-0.0122631
2.17626	-0.0123764
2.18624	-0.0124903
2.19622	-0.0126046
2.2062	-0.0127195
2.21618	-0.012835
2.22617	-0.0129509
2.23615	-0.0130674
2.24613	-0.0131844
2.25611	-0.013302
2.26609	-0.01342
2.27608	-0.0135386
2.28606	-0.0136577
2.29604	-0.0137773
2.30602	-0.0138975
2.316	-0.0140182
2.32599	-0.0141394
2.33597	-0.0142611
2.34595	-0.0143834
2.35593	-0.0145061
2.36591	-0.0146294
2.3759	-0.0147533
2.38588	-0.0148776
2.39586	-0.0150025
2.40584	-0.0151279
2.41582	-0.0152538
2.42581	-0.0153803
2.43579	-0.0155073
2.44577	-0.0156348
2.45575	-0.0157628
2.46573	-0.0158913
2.47572	-0.0160204
2.4857	-0.01615
2.49568	-0.0162802
2.50566	-0.0164108
2.51564	-0.016542
2.52563	-0.0166737
2.53561	-0.0168059
2.54559	-0.0169387
2.55557	-0.017072
2.56555	-0.0172058
2.57554	-0.0173401
2.58552	-0.017475
2.5955	-0.0176104
2.60548	-0.0177463
2.61546	-0.0178827
2.62545	-0.0180197
2.63543	-0.0181572
2.64541	-0.0182952
2.65539	-0.0184338
2.66537	-0.0185728
2.67536	-0.0187124
2.68534	-0.0188526
2.69532	-0.0189932
2.7053	-0.0191344
2.71528	-0.0192761
2.72527	-0.0194183
2.73525	-0.0195611
2.74523	-0.0197044
2.75521	-0.0198482
2.76519	-0.0199925
2.77518	-0.0201374
2.78516	-0.0202828
2.79514	-0.0204287
2.80512	-0.0205751
2.8151	-0.0207221
2.82509	-0.0208696
2.83507	-0.0210176
2.84505	-0.0211662
2.85503	-0.0213153
2.86501	-0.0214649
2.87499	-0.021615
2.88498	-0.0217657
2.89496	-0.0219169
2.90494	-0.0220686
2.91492	-0.0222208
2.9249	-0.0223736
2.93489	-0.0225269
2.94487	-0.0226807
2.95485	-0.0228351
2.96483	-0.02299
2.97481	-0.0231454
2.9848	-0.0233014
2.99478	-0.0234578
3.00476	-0.0236148
3.01474	-0.0237724
3.02472	-0.0239304
3.03471	-0.024089
3.04469	-0.0242481
3.05467	-0.0244077
3.06465	-0.0245679
3.07463	-0.0247286
3.08462	-0.0248898
3.0946	-0.0250516
3.10458	-0.0252139
3.11456	-0.0253767
3.12454	-0.02554
3.13453	-0.0257039
3.14451	-0.0258683
3.15449	-0.0260332
3.16447	-0.0261987
3.17445	-0.0263647
3.18444	-0.0265312
3.19442	-0.0266983
3.2044	-0.0268658
3.21438	-0.0270339
3.22436	-0.0272026
3.23435	-0.0273717
3.24433	-0.0275414
3.25431	-0.0277117
3.26429	-0.0278824
3.27427	-0.0280537
3.28426	-0.0282255
3.29424	-0.0283979
3.30422	-0.0285707
3.3142	-0.0287441
3.32418	-0.0289181
3.33417	-0.0290925
3.34415	-0.0292675
3.35413	-0.0294431
3.36411	-0.0296191
3.37409	-0.0297957
3.38408	-0.0299728
3.39406	-0.0301505
3.40404	-0.0303287
3.41402	-0.0305074
3.424	-0.0306866
3.43399	-0.0308664
3.44397	-0.0310467
3.45395	-0.0312275
3.46393	-0.0314089
3.47391	-0.0315908
3.4839	-0.0317732
3.49388	-0.0319562
3.50386	-0.0321397
3.51384	-0.0323237
3.52382	-0.0325082
3.53381	-0.0326933
3.54379	-0.0328789
3.55377	-0.0330651
3.56375	-0.0332518
3.57373	-0.033439
3.58372	-0.0336267
3.5937	-0.033815
3.60368	-0.0340038
3.61366	-0.0341931
3.62364	-0.034383
3.63363	-0.0345734
3.64361	-0.0347643
3.65359	-0.0349558
3.66357	-0.0351478
3.67355	-0.0353404
3.68354	-0.0355334
3.69352	-0.035727
3.7035	-0.0359212
3.71348	-0.0361158
3.72346	-0.036311
3.73345	-0.0365068
3.74343	-0.036703
3.75341	-0.0368998
3.76339	-0.0370972
3.77337	-0.037295
3.78336	-0.0374934
3.79334	-0.0376923
3.80332	-0.0378918
3.8133	-0.0380918
3.82328	-0.0382923
3.83327	-0.0384934
3.84325	-0.038695
3.85323	-0.0388971
3.86321	-0.0390998
3.87319	-0.039303
3.88318	-0.0395068
3.89316	-0.039711
3.90314	-0.0399158
3.91312	-0.0401212
3.9231	-0.0403271
3.93309	-0.0405335
3.94307	-0.0407404
3.95305	-0.0409479
3.96303	-0.0411559
3.97301	-0.0413644
3.983	-0.0415735
3.99298	-0.0417831
4.00296	-0.0419933
4.01294	-0.042204
4.02292	-0.0424152
4.03291	-0.042627
4.04289	-0.0428393
4.05287	-0.0430521
4.06285	-0.0432655
4.07283	-0.0434794
4.08282	-0.0436938
4.0928	-0.0439088
4.10278	-0.0441243
4.11276	-0.0443403
4.12274	-0.0445569
4.13273	-0.044774
4.14271	-0.0449917
4.15269	-0.0452099
4.16267	-0.0454286
4.17265	-0.0456479
4.18264	-0.0458677
4.19262	-0.046088
4.2026	-0.0463089
4.21258	-0.0465303
4.22256	-0.0467522
4.23255	-0.0469747
4.24253	-0.0471977
4.25251	-0.0474213
4.26249	-0.0476454
4.27247	-0.04787
4.28246	-0.0480952
4.29244	-0.0483209
4.30242	-0.0485472
4.3124	-0.0487739
4.32238	-0.0490013
4.33237	-0.0492291
4.34235	-0.0494575
4.35233	-0.0496865
4.36231	-0.0499159
4.37229	-0.0501459
4.38228	-0.0503765
4.39226	-0.0506076
4.40224	-0.0508392
4.41222	-0.0510714
4.4222	-0.0513041
4.43219	-0.0515373
4.44217	-0.0517711
4.45215	-0.0520054
4.46213	-0.0522403
4.47211	-0.0524757
4.4821	-0.0527116
4.49208	-0.0529481
4.50206	-0.0531851
4.51204	-0.0534227
4.52202	-0.0536608
4.53201	-0.0538994
4.54199	-0.0541386
4.55197	-0.0543783
4.56195	-0.0546186
4.57193	-0.0548594
4.58192	-0.0551007
4.5919	-0.0553426
4.60188	-0.055585
4.61186	-0.0558279
4.62184	-0.0560714
4.63183	-0.0563155
4.64181	-0.0565601
4.65179	-0.0568052
4.66177	-0.0570508
4.67175	-0.057297
4.68174	-0.0575438
4.69172	-0.0577911
4.7017	-0.0580389
4.71168	-0.0582873
4.72166	-0.0585362
4.73165	-0.0587856
4.74163	-0.0590356
4.75161	-0.0592861
4.76159	-0.0595372
4.77157	-0.0597888
4.78156	-0.060041
4.79154	-0.0602937
4.80152	-0.0605469
4.8115	-0.0608007
4.82148	-0.061055
4.83147	-0.0613099
4.84145	-0.0615653
4.85143	-0.0618213
4.86141	-0.0620778
4.87139	-0.0623348
4.88138	-0.0625924
4.89136	-0.0628505
4.90134	-0.0631092
4.91132	-0.0633684
4.9213	-0.0636282
4.93129	-0.0638885
4.94127	-0.0641493
4.95125	-0.0644107
4.96123	-0.0646726
4.97121	-0.0649351
4.9812	-0.0651981
4.99118	-0.0654617
5.00116	-0.0657258
5.01114	-0.0659905
5.02112	-0.0662557
5.03111	-0.0665214
5.04109	-0.0667877
5.05107	-0.0670545
5.06105	-0.0673219
5.07103	-0.0675898
5.08102	-0.0678583
5.091	-0.0681273
5.10098	-0.0683969
5.11096	-0.068667
5.12094	-0.0689376
5.13093	-0.0692088
5.14091	-0.0694805
5.15089	-0.0697528
5.16087	-0.0700257
5.17085	-0.070299
5.18084	-0.070573
5.19082	-0.0708474
5.2008	-0.0711224
5.21078	-0.071398
5.22076	-0.0716741
5.23075	-0.0719508
5.24073	-0.072228
5.25071	-0.0725057
5.26069	-0.072784
5.27067	-0.0730629
5.28066	-0.0733423
5.29064	-0.0736222
5.30062	-0.0739027
5.3106	-0.0741837
5.32058	-0.0744653
5.33057	-0.0747474
5.34055	-0.0750301
5.35053	-0.0753133
5.36051	-0.0755971
5.37049	-0.0758814
5.38048	-0.0761663
5.39046	-0.0764517
5.40044	-0.0767377
5.41042	-0.0770242
5.4204	-0.0773112
5.43039	-0.0775988
5.44037	-0.077887
5.45035	-0.0781757
5.46033	-0.078465
5.47031	-0.0787548
5.4803	-0.0790451
5.49028	-0.0793361
5.50026	-0.0796275
5.51024	-0.0799195
5.52022	-0.0802121
5.53021	-0.0805052
5.54019	-0.0807988
5.55017	-0.081093
5.56015	-0.0813878
5.57013	-0.0816831
5.58012	-0.081979
5.5901	-0.0822754
5.60008	-0.0825723
5.61006	-0.0828698
5.62004	-0.0831679
5.63003	-0.0834665
5.64001	-0.0837657
5.64999	-0.0840654
5.65997	-0.0843657
5.66995	-0.0846665
5.67994	-0.0849679
5.68992	-0.0852698
5.6999	-0.0855723
5.70988	-0.0858753
5.71986	-0.0861789
5.72985	-0.086483
5.73983	-0.0867877
5.74981	-0.0870929
5.75979	-0.0873987
5.76977	-0.087705
5.77976	-0.0880119
5.78974	-0.0883194
5.79972	-0.0886274
5.8097	-0.0889359
5.81968	-0.0892451
5.82967	-0.0895547
5.83965	-0.0898649
5.84963	-0.0901757
5.85961	-0.090487
5.86959	-0.0907989
5.87958	-0.0911113
5.88956	-0.0914243
5.89954	-0.0917379
5.90952	-0.092052
5.9195	-0.0923666
5.92949	-0.0926818
5.93947	-0.0929976
5.94945	-0.0933139
5.95943	-0.0936307
5.96941	-0.0939482
5.9794	-0.0942662
5.98938	-0.0945847
5.99936	-0.0949038
6.00934	-0.0952234
6.01932	-0.0955436
6.02931	-0.0958644
6.03929	-0.0961857
6.04927	-0.0965076
6.05925	-0.09683
6.06923	-0.097153
6.07922	-0.0974765
6.0892	-0.0978006
6.09918	-0.0981253
6.10916	-0.0984505
6.11914	-0.0987763
6.12913	-0.0991026
6.13911	-0.0994295
6.14909	-0.0997569
6.15907	-0.100085
6.16905	-0.100413
6.17904	-0.100743
6.18902	-0.101072
6.199	-0.101403
6.20898	-0.101733
6.21896	-0.102065
6.22895	-0.102397
6.23893	-0.102729
6.24891	-0.103062
6.25889	-0.103396
6.26887	-0.10373
6.27886	-0.104064
6.28884	-0.1044
6.29882	-0.104736
6.3088	-0.105072
6.31878	-0.105409
6.32877	-0.105746
6.33875	-0.106084
6.34873	-0.106423
6.35871	-0.106762
6.36869	-0.107102
6.37868	-0.107442
6.38866	-0.107783
6.39864	-0.108125
6.40862	-0.108467
6.4186	-0.108809
6.42859	-0.109152
6.43857	-0.109496
6.44855	-0.10984
6.45853	-0.110185
6.46851	-0.11053
6.4785	-0.110876
6.48848	-0.111223
6.49846	-0.11157
6.50844	-0.111917
6.51842	-0.112266
6.52841	-0.112614
6.53839	-0.112964
6.54837	-0.113313
6.55835	-0.113664
6.56833	-0.114015
6.57832	-0.114366
6.5883	-0.114718
6.59828	-0.115071
6.60826	-0.115424
6.61824	-0.115778
6.62823	-0.116133
6.63821	-0.116487
6.64819	-0.116843
6.65817	-0.117199
6.66815	-0.117556
6.67814	-0.117913
6.68812	-0.118271
6.6981	-0.118629
6.70808	-0.118988
6.71806	-0.119347
6.72805	-0.119707
6.73803	-0.120068
6.74801	-0.120429
6.75799	-0.120791
6.76797	-0.121153
6.77796	-0.121516
6.78794	-0.121879
6.79792	-0.122243
6.8079	-0.122608
6.81788	-0.122973
6.82787	-0.123339
6.83785	-0.123705
6.84783	-0.124072
6.85781	-0.124439
6.86779	-0.124807
6.87778	-0.125175
6.88776	-0.125545
6.89774	-0.125914
6.90772	-0.126284
6.9177	-0.126655
6.92769	-0.127027
6.93767	-0.127399
6.94765	-0.127771
6.95763	-0.128144
6.96761	-0.128518
6.9776	-0.128892
6.98758	-0.129267
6.99756	-0.129642
7.00754	-0.130018
7.01752	-0.130394
7.02751	-0.130771
7.03749	-0.131149
7.04747	-0.131527
7.05745	-0.131906
7.06743	-0.132285
7.07742	-0.132665
7.0874	-0.133046
7.09738	-0.133427
7.10736	-0.133808
7.11734	-0.134191
7.12733	-0.134573
7.13731	-0.134957
7.14729	-0.135341
7.15727	-0.135725
7.16725	-0.13611
7.17724	-0.136496
7.18722	-0.136882
7.1972	-0.137269
7.20718	-0.137656
7.21716	-0.138044
7.22715	-0.138433
7.23713	-0.138822
7.24711	-0.139211
7.25709	-0.139601
7.26707	-0.139992
7.27706	-0.140384
7.28704	-0.140776
7.29702	-0.141168
7.307	-0.141561
7.31698	-0.141955
7.32697	-0.142349
7.33695	-0.142744
7.34693	-0.143139
7.35691	-0.143535
7.36689	-0.143932
7.37688	-0.144329
7.38686	-0.144726
7.39684	-0.145125
7.40682	-0.145524
7.4168	-0.145923
7.42679	-0.146323
7.43677	-0.146723
7.44675	-0.147125
7.45673	-0.147526
7.46671	-0.147929
7.4767	-0.148332
7.48668	-0.148735
7.49666	-0.149139
7.50664	-0.149544
7.51662	-0.149949
7.52661	-0.150355
7.53659	-0.150761
7.54657	-0.151168
7.55655	-0.151575
7.56653	-0.151983
7.57652	-0.152392
7.5865	-0.152801
7.59648	-0.153211
7.60646	-0.153621
7.61644	-0.154032
7.62643	-0.154444
7.63641	-0.154856
7.64639	-0.155269
7.65637	-0.155682
7.66635	-0.156096
7.67634	-0.15651
7.68632	-0.156925
7.6963	-0.157341
7.70628	-0.157757
7.71626	-0.158174
7.72625	-0.158591
7.73623	-0.159009
7.74621	-0.159428
7.75619	-0.159847
7.76617	-0.160267
7.77616	-0.160687
7.78614	-0.161108
7.79612	-0.161529
7.8061	-0.161951
7.81608	-0.162374
7.82607	-0.162797
7.83605	-0.163221
7.84603	-0.163645
7.85601	-0.16407
7.86599	-0.164496
7.87598	-0.164922
7.88596	-0.165348
7.89594	-0.165776
7.90592	-0.166204
7.9159	-0.166632
7.92589	-0.167061
7.93587	-0.167491
7.94585	-0.167921
7.95583	-0.168352
7.96581	-0.168783
7.9758	-0.169215
7.98578	-0.169647
7.99576	-0.170081
8.00574	-0.170514
8.01572	-0.170949
8.02571	-0.171383
8.03569	-0.171819
8.04567	-0.172255
8.05565	-0.172692
8.06563	-0.173129
8.07562	-0.173567
8.0856	-0.174005
8.09558	-0.174444
8.10556	-0.174884
8.11554	-0.175324
8.12553	-0.175765
8.13551	-0.176206
8.14549	-0.176648
8.15547	-0.177091
8.16545	-0.177534
8.17544	-0.177977
8.18542	-0.178422
8.1954	-0.178867
8.20538	-0.179312
8.21536	-0.179758
8.22535	-0.180205
8.23533	-0.180652
8.24531	-0.1811
8.25529	-0.181548
8.26527	-0.181997
8.27526	-0.182447
8.28524	-0.182897
8.29522	-0.183348
8.3052	-0.183799
8.31518	-0.184251
8.32517	-0.184704
8.33515	-0.185157
8.34513	-0.185611
8.35511	-0.186065
8.36509	-0.18652
8.37508	-0.186976
8.38506	-0.187432
8.39504	-0.187889
8.40502	-0.188346
8.415	-0.188804
8.42498	-0.189262
8.43497	-0.189721
8.44495	-0.190181
8.45493	-0.190641
8.46491	-0.191102
8.47489	-0.191564
8.48488	-0.192026
8.49486	-0.192489
8.50484	-0.192952
8.51482	-0.193416
8.5248	-0.19388
8.53479	-0.194345
8.54477	-0.194811
8.55475	-0.195277
8.56473	-0.195744
8.57471	-0.196212
8.5847	-0.19668
8.59468	-0.197148
8.60466	-0.197617
8.61464	-0.198087
8.62462	-0.198558
8.63461	-0.199029
8.64459	-0.1995
8.65457	-0.199973
8.66455	-0.200446
8.67453	-0.200919
8.68452	-0.201393
8.6945	-0.201868
8.70448	-0.202343
8.71446	-0.202819
8.72444	-0.203295
8.73443	-0.203772
8.74441	-0.20425
8.75439	-0.204728
8.76437	-0.205207
8.77435	-0.205686
8.78434	-0.206166
8.79432	-0.206647
8.8043	-0.207128
8.81428	-0.20761
8.82426	-0.208093
8.83425	-0.208576
8.84423	-0.209059
8.85421	-0.209544
8.86419	-0.210028
8.87417	-0.210514
8.88416	-0.211
8.89414	-0.211487
8.90412	-0.211974
8.9141	-0.212462
8.92408	-0.21295
8.93407	-0.213439
8.94405	-0.213929
8.95403	-0.214419
8.96401	-0.21491
8.97399	-0.215402
8.98398	-0.215894
8.99396	-0.216387
9.00394	-0.21688
9.01392	-0.217374
9.0239	-0.217868
9.03389	-0.218364
9.04387	-0.218859
9.05385	-0.219356
9.06383	-0.219853
9.07381	-0.22035
9.0838	-0.220848
9.09378	-0.221347
9.10376	-0.221847
9.11374	-0.222347
9.12372	-0.222847
9.13371	-0.223348
9.14369	-0.22385
9.15367	-0.224353
9.16365	-0.224856
9.17363	-0.225359
9.18362	-0.225864
9.1936	-0.226369
9.20358	-0.226874
9.21356	-0.22738
9.22354	-0.227887
9.23353	-0.228394
9.24351	-0.228902
9.25349	-0.229411
9.26347	-0.22992
9.27345	-0.23043
9.28344	-0.23094
9.29342	-0.231451
9.3034	-0.231963
9.31338	-0.232475
9.32336	-0.232988
9.33335	-0.233501
9.34333	-0.234015
9.35331	-0.23453
9.36329	-0.235045
9.37327	-0.235561
9.38326	-0.236078
9.39324	-0.236595
9.40322	-0.237113
9.4132	-0.237631
9.42318	-0.23815
9.43317	-0.23867
9.44315	-0.23919
9.45313	-0.239711
9.46311	-0.240232
9.47309	-0.240754
9.48308	-0.241277
9.49306	-0.2418
9.50304	-0.242324
9.51302	-0.242848
9.523	-0.243374
9.53299	-0.243899
9.54297	-0.244426
9.55295	-0.244953
9.56293	-0.24548
9.57291	-0.246009
9.5829	-0.246537
9.59288	-0.247067
9.60286	-0.247597
9.61284	-0.248128
9.62282	-0.248659
9.63281	-0.249191
9.64279	-0.249724
9.65277	-0.250257
9.66275	-0.250791
9.67273	-0.251325
9.68272	-0.25186
9.6927	-0.252396
9.70268	-0.252932
9.71266	-0.253469
9.72264	-0.254007
9.73263	-0.254545
9.74261	-0.255084
9.75259	-0.255623
9.76257	-0.256163
9.77255	-0.256704
9.78254	-0.257245
9.79252	-0.257787
9.8025	-0.258329
9.81248	-0.258873
9.82246	-0.259416
9.83245	-0.259961
9.84243	-0.260506
9.85241	-0.261051
9.86239	-0.261598
9.87237	-0.262145
9.88236	-0.262692
9.89234	-0.26324
9.90232	-0.263789
9.9123	-0.264338
9.92228	-0.264889
9.93227	-0.265439
9.94225	-0.26599
9.95223	-0.266542
9.96221	-0.267095
9.97219	-0.267648
9.98218	-0.268202
9.99216	-0.268756
10.0021	-0.269311
10.0121	-0.269867
10.0221	-0.270423
10.0321	-0.27098
10.0421	-0.271538
10.0521	-0.272096
10.062	-0.272655
10.072	-0.273215
10.082	-0.273775
10.092	-0.274335
10.102	-0.274897
10.1119	-0.275459
10.1219	-0.276021
10.1319	-0.276585
10.1419	-0.277148
10.1519	-0.277713
10.1619	-0.278278
10.1718	-0.278844
10.1818	-0.27941
10.1918	-0.279977
10.2018	-0.280545
10.2118	-0.281113
10.2217	-0.281682
10.2317	-0.282252
10.2417	-0.282822
10.2517	-0.283393
10.2617	-0.283965
10.2717	-0.284537
10.2816	-0.28511
10.2916	-0.285683
10.3016	-0.286257
10.3116	-0.286832
10.3216	-0.287407
10.3315	-0.287983
10.3415	-0.28856
10.3515	-0.289137
10.3615	-0.289715
10.3715	-0.290293
10.3815	-0.290872
10.3914	-0.291452
10.4014	-0.292032
10.4114	-0.292614
10.4214	-0.293195
10.4314	-0.293778
10.4413	-0.294361
10.4513	-0.294944
10.4613	-0.295528
10.4713	-0.296113
10.4813	-0.296699
10.4913	-0.297285
10.5012	-0.297872
10.5112	-0.298459
10.5212	-0.299047
10.5312	-0.299636
10.5412	-0.300226
10.5512	-0.300816
10.5611	-0.301406
10.5711	-0.301998
10.5811	-0.30259
10.5911	-0.303182
10.6011	-0.303775
10.611	-0.304369
10.621	-0.304964
10.631	-0.305559
10.641	-0.306155
10.651	-0.306751
10.661	-0.307348
10.6709	-0.307946
10.6809	-0.308545
10.6909	-0.309144
10.7009	-0.309743
10.7109	-0.310344
10.7208	-0.310945
10.7308	-0.311546
10.7408	-0.312149
10.7508	-0.312752
10.7608	-0.313355
10.7708	-0.31396
10.7807	-0.314564
10.7907	-0.31517
10.8007	-0.315776
10.8107	-0.316383
10.8207	-0.31699
10.8306	-0.317599
10.8406	-0.318207
10.8506	-0.318817
10.8606	-0.319427
10.8706	-0.320038
10.8806	-0.320649
10.8905	-0.321261
10.9005	-0.321874
10.9105	-0.322487
10.9205	-0.323101
10.9305	-0.323716
10.9404	-0.324331
10.9504	-0.324947
10.9604	-0.325564
10.9704	-0.326181
10.9804	-0.326799
10.9904	-0.327418
11.0003	-0.328037
11.0103	-0.328657
11.0203	-0.329277
11.0303	-0.329898
11.0403	-0.33052
11.0503	-0.331143
11.0602	-0.331766
11.0702	-0.33239
11.0802	-0.333014
11.0902	-0.333639
11.1002	-0.334265
11.1101	-0.334892
11.1201	-0.335519
11.1301	-0.336147
11.1401	-0.336775
11.1501	-0.337404
11.1601	-0.338034
11.17	-0.338664
11.18	-0.339295
11.19	-0.339927
11.2	-0.340559
11.21	-0.341193
11.2199	-0.341826
11.2299	-0.342461
11.2399	-0.343096
11.2499	-0.343731
11.2599	-0.344368
11.2699	-0.345005
11.2798	-0.345642
11.2898	-0.346281
11.2998	-0.34692
11.3098	-0.347559
11.3198	-0.3482
11.3297	-0.348841
11.3397	-0.349483
11.3497	-0.350125
11.3597	-0.350768
11.3697	-0.351412
11.3797	-0.352056
11.3896	-0.352701
11.3996	-0.353347
11.4096	-0.353993
11.4196	-0.35464
11.4296	-0.355288
11.4395	-0.355936
11.4495	-0.356585
11.4595	-0.357235
11.4695	-0.357885
11.4795	-0.358536
11.4895	-0.359188
11.4994	-0.35984
11.5094	-0.360493
11.5194	-0.361147
11.5294	-0.361801
11.5394	-0.362456
11.5493	-0.363112
11.5593	-0.363768
11.5693	-0.364425
11.5793	-0.365083
11.5893	-0.365741
11.5993	-0.3664
11.6092	-0.36706
11.6192	-0.36772
11.6292	-0.368381
11.6392	-0.369043
11.6492	-0.369706
11.6592	-0.370369
11.6691	-0.371032
11.6791	-0.371697
11.6891	-0.372362
11.6991	-0.373028
11.7091	-0.373694
11.719	-0.374361
11.729	-0.375029
11.739	-0.375698
11.749	-0.376367
11.759	-0.377037
11.769	-0.377707
11.7789	-0.378379
11.7889	-0.37905
11.7989	-0.379723
11.8089	-0.380396
11.8189	-0.38107
11.8288	-0.381745
11.8388	-0.38242
11.8488	-0.383096
11.8588	-0.383773
11.8688	-0.38445
11.8788	-0.385128
11.8887	-0.385807
11.8987	-0.386486
11.9087	-0.387166
11.9187	-0.387847
11.9287	-0.388528
11.9386	-0.38921
11.9486	-0.389893
11.9586	-0.390576
11.9686	-0.391261
11.9786	-0.391945
11.9886	-0.392631
11.9985	-0.393317
12.0085	-0.394004
12.0185	-0.394692
12.0285	-0.39538
12.0385	-0.396069
12.0484	-0.396758
12.0584	-0.397449
12.0684	-0.39814
12.0784	-0.398831
12.0884	-0.399524
12.0984	-0.400217
12.1083	-0.400911
12.1183	-0.401605
12.1283	-0.4023
12.1383	-0.402996
12.1483	-0.403692
12.1583	-0.40439
12.1682	-0.405088
12.1782	-0.405786
12.1882	-0.406485
12.1982	-0.407185
12.2082	-0.407886
12.2181	-0.408587
12.2281	-0.409289
12.2381	-0.409992
12.2481	-0.410695
12.2581	-0.4114
12.2681	-0.412104
12.278	-0.41281
12.288	-0.413516
12.298	-0.414223
12.308	-0.41493
12.318	-0.415639
12.3279	-0.416348
12.3379	-0.417057
12.3479	-0.417768
12.3579	-0.418479
12.3679	-0.419191
12.3779	-0.419903
12.3878	-0.420616
12.3978	-0.42133
12.4078	-0.422044
12.4178	-0.42276
12.4278	-0.423476
12.4377	-0.424192
12.4477	-0.42491
12.4577	-0.425628
12.4677	-0.426346
12.4777	-0.427066
12.4877	-0.427786
12.4976	-0.428507
12.5076	-0.429228
12.5176	-0.429951
12.5276	-0.430673
12.5376	-0.431397
12.5475	-0.432121
12.5575	-0.432846
12.5675	-0.433572
12.5775	-0.434299
12.5875	-0.435026
12.5975	-0.435754
12.6074	-0.436482
12.6174	-0.437211
12.6274	-0.437941
12.6374	-0.438672
12.6474	-0.439404
12.6574	-0.440136
12.6673	-0.440868
12.6773	-0.441602
12.6873	-0.442336
12.6973	-0.443071
12.7073	-0.443807
12.7172	-0.444543
12.7272	-0.44528
12.7372	-0.446018
12.7472	-0.446756
12.7572	-0.447495
12.7672	-0.448235
12.7771	-0.448976
12.7871	-0.449717
12.7971	-0.450459
12.8071	-0.451202
12.8171	-0.451945
12.827	-0.452689
12.837	-0.453434
12.847	-0.45418
12.857	-0.454926
12.867	-0.455673
12.877	-0.456421
12.8869	-0.457169
12.8969	-0.457918
12.9069	-0.458668
12.9169	-0.459419
12.9269	-0.46017
12.9368	-0.460922
12.9468	-0.461675
12.9568	-0.462428
12.9668	-0.463182
12.9768	-0.463937
12.9868	-0.464693
12.9967	-0.465449
13.0067	-0.466206
13.0167	-0.466964
13.0267	-0.467722
13.0367	-0.468481
13.0466	-0.469241
13.0566	-0.470002
13.0666	-0.470763
13.0766	-0.471525
13.0866	-0.472288
13.0966	-0.473052
13.1065	-0.473816
13.1165	-0.474581
13.1265	-0.475346
13.1365	-0.476113
13.1465	-0.47688
13.1565	-0.477648
13.1664	-0.478416
13.1764	-0.479186
13.1864	-0.479956
13.1964	-0.480726
13.2064	-0.481498
13.2163	-0.48227
13.2263	-0.483043
13.2363	-0.483817
13.2463	-0.484591
13.2563	-0.485366
13.2663	-0.486142
13.2762	-0.486918
13.2862	-0.487696
13.2962	-0.488474
13.3062	-0.489252
13.3162	-0.490032
13.3261	-0.490812
13.3361	-0.491593
13.3461	-0.492375
13.3561	-0.493157
13.3661	-0.49394
13.3761	-0.494724
13.386	-0.495508
13.396	-0.496294
13.406	-0.49708
13.416	-0.497867
13.426	-0.498654
13.4359	-0.499442
13.4459	-0.500231
13.4559	-0.501021
13.4659	-0.501811
13.4759	-0.502603
13.4859	-0.503394
13.4958	-0.504187
13.5058	-0.50498
13.5158	-0.505775
13.5258	-0.506569
13.5358	-0.507365
13.5457	-0.508161
13.5557	-0.508958
13.5657	-0.509756
13.5757	-0.510555
13.5857	-0.511354
13.5957	-0.512154
13.6056	-0.512955
13.6156	-0.513756
13.6256	-0.514559
13.6356	-0.515362
13.6456	-0.516165
13.6556	-0.51697
13.6655	-0.517775
13.6755	-0.518581
13.6855	-0.519388
13.6955	-0.520195
13.7055	-0.521003
13.7154	-0.521812
13.7254	-0.522622
13.7354	-0.523432
13.7454	-0.524243
13.7554	-0.525055
13.7654	-0.525868
13.7753	-0.526681
13.7853	-0.527496
13.7953	-0.52831
13.8053	-0.529126
13.8153	-0.529942
13.8252	-0.53076
13.8352	-0.531577
13.8452	-0.532396
13.8552	-0.533216
13.8652	-0.534036
13.8752	-0.534857
13.8851	-0.535678
13.8951	-0.536501
13.9051	-0.537324
13.9151	-0.538148
13.9251	-0.538972
13.935	-0.539798
13.945	-0.540624
13.955	-0.541451
13.965	-0.542278
13.975	-0.543107
13.985	-0.543936
13.9949	-0.544766
14.0049	-0.545596
14.0149	-0.546428
14.0249	-0.54726
14.0349	-0.548093
14.0448	-0.548927
14.0548	-0.549761
14.0648	-0.550596
14.0748	-0.551432
14.0848	-0.552269
14.0948	-0.553107
14.1047	-0.553945
14.1147	-0.554784
14.1247	-0.555624
14.1347	-0.556464
14.1447	-0.557305
14.1547	-0.558147
14.1646	-0.55899
14.1746	-0.559834
14.1846	-0.560678
14.1946	-0.561523
14.2046	-0.562369
14.2145	-0.563216
14.2245	-0.564063
14.2345	-0.564911
14.2445	-0.56576
14.2545	-0.56661
14.2645	-0.56746
14.2744	-0.568312
14.2844	-0.569164
14.2944	-0.570016
14.3044	-0.57087
14.3144	-0.571724
14.3243	-0.572579
14.3343	-0.573435
14.3443	-0.574292
14.3543	-0.575149
14.3643	-0.576007
14.3743	-0.576866
14.3842	-0.577726
14.3942	-0.578586
14.4042	-0.579447
14.4142	-0.580309
14.4242	-0.581172
14.4341	-0.582035
14.4441	-0.5829
14.4541	-0.583765
14.4641	-0.584631
14.4741	-0.585497
14.4841	-0.586365
14.494	-0.587233
14.504	-0.588102
14.514	-0.588972
14.524	-0.589842
14.534	-0.590713
14.5439	-0.591585
14.5539	-0.592458
14.5639	-0.593332
14.5739	-0.594206
14.5839	-0.595081
14.5939	-0.595957
14.6038	-0.596834
14.6138	-0.597711
14.6238	-0.59859
14.6338	-0.599469
14.6438	-0.600349
14.6538	-0.601229
14.6637	-0.602111
14.6737	-0.602993
14.6837	-0.603876
14.6937	-0.60476
14.7037	-0.605644
14.7136	-0.606529
14.7236	-0.607415
14.7336	-0.608302
14.7436	-0.60919
14.7536	-0.610078
14.7636	-0.610968
14.7735	-0.611858
14.7835	-0.612749
14.7935	-0.61364
14.8035	-0.614533
14.8135	-0.615426
14.8234	-0.61632
14.8334	-0.617214
14.8434	-0.61811
14.8534	-0.619006
14.8634	-0.619903
14.8734	-0.620801
14.8833	-0.6217
14.8933	-0.6226
14.9033	-0.6235
14.9133	-0.624401
14.9233	-0.625303
14.9332	-0.626206
14.9432	-0.627109
14.9532	-0.628013
14.9632	-0.628918
14.9732	-0.629824
14.9832	-0.630731
14.9931	-0.631638
15.0031	-0.632546
15.0131	-0.633455
15.0231	-0.634365
15.0331	-0.635276
15.043	-0.636187
15.053	-0.6371
15.063	-0.638013
15.073	-0.638926
15.083	-0.639841
15.093	-0.640756
15.1029	-0.641673
15.1129	-0.64259
15.1229	-0.643507
15.1329	-0.644426
15.1429	-0.645346
15.1529	-0.646266
15.1628	-0.647187
15.1728	-0.648109
15.1828	-0.649031
15.1928	-0.649955
15.2028	-0.650879
15.2127	-0.651804
15.2227	-0.65273
15.2327	-0.653657
15.2427	-0.654584
15.2527	-0.655512
15.2627	-0.656441
15.2726	-0.657371
15.2826	-0.658302
15.2926	-0.659233
15.3026	-0.660166
15.3126	-0.661099
15.3225	-0.662033
15.3325	-0.662968
15.3425	-0.663903
15.3525	-0.66484
15.3625	-0.665777
15.3725	-0.666715
15.3824	-0.667654
15.3924	-0.668593
15.4024	-0.669534
15.4124	-0.670475
15.4224	-0.671417
15.4323	-0.67236
15.4423	-0.673303
15.4523	-0.674248
15.4623	-0.675193
15.4723	-0.676139
15.4823	-0.677086
15.4922	-0.678034
15.5022	-0.678983
15.5122	-0.679932
15.5222	-0.680882
15.5322	-0.681833
15.5421	-0.682785
15.5521	-0.683738
15.5621	-0.684692
15.5721	-0.685646
15.5821	-0.686601
15.5921	-0.687557
15.602	-0.688514
15.612	-0.689471
15.622	-0.69043
15.632	-0.691389
15.642	-0.692349
15.652	-0.69331
15.6619	-0.694272
15.6719	-0.695235
15.6819	-0.696198
15.6919	-0.697162
15.7019	-0.698127
15.7118	-0.699093
15.7218	-0.70006
15.7318	-0.701027
15.7418	-0.701996
15.7518	-0.702965
15.7618	-0.703935
15.7717	-0.704906
15.7817	-0.705877
15.7917	-0.70685
15.8017	-0.707823
15.8117	-0.708797
15.8216	-0.709773
15.8316	-0.710748
15.8416	-0.711725
15.8516	-0.712703
15.8616	-0.713681
15.8716	-0.71466
15.8815	-0.71564
15.8915	-0.716621
15.9015	-0.717603
15.9115	-0.718585
15.9215	-0.719569
15.9314	-0.720553
15.9414	-0.721538
15.9514	-0.722524
15.9614	-0.72351
15.9714	-0.724498
15.9814	-0.725486
15.9913	-0.726476
16.0013	-0.727466
16.0113	-0.728457
16.0213	-0.729448
16.0313	-0.730441
16.0412	-0.731434
16.0512	-0.732429
16.0612	-0.733424
16.0712	-0.73442
16.0812	-0.735417
16.0912	-0.736414
16.1011	-0.737413
16.1111	-0.738412
16.1211	-0.739412
16.1311	-0.740413
16.1411	-0.741415
16.1511	-0.742418
16.161	-0.743422
16.171	-0.744426
16.181	-0.745431
16.191	-0.746438
16.201	-0.747445
16.2109	-0.748452
16.2209	-0.749461
16.2309	-0.750471
16.2409	-0.751481
16.2509	-0.752492
16.2609	-0.753504
16.2708	-0.754517
16.2808	-0.755531
16.2908	-0.756546
16.3008	-0.757561
16.3108	-0.758578
16.3207	-0.759595
16.3307	-0.760613
16.3407	-0.761632
16.3507	-0.762652
16.3607	-0.763672
16.3707	-0.764694
16.3806	-0.765716
16.3906	-0.76674
16.4006	-0.767764
16.4106	-0.768789
16.4206	-0.769814
16.4305	-0.770841
16.4405	-0.771869
16.4505	-0.772897
16.4605	-0.773926
16.4705	-0.774957
16.4805	-0.775987
16.4904	-0.777019
16.5004	-0.778052
16.5104	-0.779086
16.5204	-0.78012
16.5304	-0.781155
16.5403	-0.782192
16.5503	-0.783229
16.5603	-0.784267
16.5703	-0.785305
16.5803	-0.786345
16.5903	-0.787386
16.6002	-0.788427
16.6102	-0.789469
16.6202	-0.790512
16.6302	-0.791556
16.6402	-0.792601
16.6502	-0.793647
16.6601	-0.794694
16.6701	-0.795741
16.6801	-0.79679
16.6901	-0.797839
16.7001	-0.798889
16.71	-0.79994
16.72	-0.800992
16.73	-0.802045
16.74	-0.803098
16.75	-0.804153
16.76	-0.805208
16.7699	-0.806264
16.7799	-0.807321
16.7899	-0.808379
16.7999	-0.809438
16.8099	-0.810498
16.8198	-0.811559
16.8298	-0.81262
16.8398	-0.813683
16.8498	-0.814746
16.8598	-0.81581
16.8698	-0.816875
16.8797	-0.817941
16.8897	-0.819008
16.8997	-0.820076
16.9097	-0.821144
16.9197	-0.822214
16.9296	-0.823284
16.9396	-0.824355
16.9496	-0.825428
16.9596	-0.826501
16.9696	-0.827574
16.9796	-0.828649
16.9895	-0.829725
16.9995	-0.830802
17.0095	-0.831879
17.0195	-0.832957
17.0295	-0.834037
17.0394	-0.835117
17.0494	-0.836198
17.0594	-0.83728
17.0694	-0.838363
17.0794	-0.839446
17.0894	-0.840531
17.0993	-0.841616
17.1093	-0.842703
17.1193	-0.84379
17.1293	-0.844878
17.1393	-0.845967
17.1492	-0.847057
17.1592	-0.848148
17.1692	-0.84924
17.1792	-0.850333
17.1892	-0.851426
17.1992	-0.852521
17.2091	-0.853616
17.2191	-0.854712
17.2291	-0.85581
17.2391	-0.856908
17.2491	-0.858007
17.2591	-0.859106
17.269	-0.860207
17.279	-0.861309
17.289	-0.862412
17.299	-0.863515
17.309	-0.864619
17.3189	-0.865725
17.3289	-0.866831
17.3389	-0.867938
17.3489	-0.869046
17.3589	-0.870155
17.3689	-0.871265
17.3788	-0.872376
17.3888	-0.873487
17.3988	-0.8746
17.4088	-0.875713
17.4188	-0.876828
17.4287	-0.877943
17.4387	-0.879059
17.4487	-0.880176
17.4587	-0.881294
17.4687	-0.882413
17.4787	-0.883533
17.4886	-0.884654
17.4986	-0.885776
17.5086	-0.886898
17.5186	-0.888022
17.5286	-0.889146
17.5385	-0.890272
17.5485	-0.891398
17.5585	-0.892525
17.5685	-0.893653
17.5785	-0.894782
17.5885	-0.895912
17.5984	-0.897043
17.6084	-0.898175
17.6184	-0.899308
17.6284	-0.900441
17.6384	-0.901576
17.6483	-0.902711
17.6583	-0.903848
17.6683	-0.904985
17.6783	-0.906123
17.6883	-0.907262
17.6983	-0.908402
17.7082	-0.909543
17.7182	-0.910685
17.7282	-0.911828
17.7382	-0.912972
17.7482	-0.914117
17.7582	-0.915262
17.7681	-0.916409
17.7781	-0.917557
17.7881	-0.918705
17.7981	-0.919854
17.8081	-0.921005
17.818	-0.922156
17.828	-0.923308
17.838	-0.924461
17.848	-0.925615
17.858	-0.92677
17.868	-0.927926
17.8779	-0.929083
17.8879	-0.930241
17.8979	-0.9314
17.9079	-0.932559
17.9179	-0.93372
17.9278	-0.934881
17.9378	-0.936044
17.9478	-0.937207
17.9578	-0.938371
17.9678	-0.939537
17.9778	-0.940703
17.9877	-0.94187
17.9977	-0.943038
18.0077	-0.944207
18.0177	-0.945377
18.0277	-0.946548
18.0376	-0.94772
18.0476	-0.948893
18.0576	-0.950067
18.0676	-0.951241
18.0776	-0.952417
18.0876	-0.953594
18.0975	-0.954771
18.1075	-0.95595
18.1175	-0.957129
18.1275	-0.958309
18.1375	-0.959491
18.1474	-0.960673
18.1574	-0.961856
18.1674	-0.96304
18.1774	-0.964226
18.1874	-0.965412
18.1974	-0.966599
18.2073	-0.967787
18.2173	-0.968976
18.2273	-0.970165
18.2373	-0.971356
18.2473	-0.972548
18.2573	-0.973741
18.2672	-0.974935
18.2772	-0.976129
18.2872	-0.977325
18.2972	-0.978521
18.3072	-0.979719
18.3171	-0.980918
18.3271	-0.982117
18.3371	-0.983317
18.3471	-0.984519
18.3571	-0.985721
18.3671	-0.986924
18.377	-0.988129
18.387	-0.989334
18.397	-0.99054
18.407	-0.991747
18.417	-0.992955
18.4269	-0.994164
18.4369	-0.995374
18.4469	-0.996585
18.4569	-0.997797
18.4669	-0.99901
18.4769	-1.00022
18.4868	-1.00144
18.4968	-1.00265
18.5068	-1.00387
18.5168	-1.00509
18.5268	-1.00631
18.5367	-1.00753
18.5467	-1.00875
18.5567	-1.00997
18.5667	-1.01119
18.5767	-1.01242
18.5867	-1.01364
18.5966	-1.01487
18.6066	-1.01609
18.6166	-1.01732
18.6266	-1.01855
18.6366	-1.01978
18.6465	-1.02101
18.6565	-1.02224
18.6665	-1.02347
18.6765	-1.02471
18.6865	-1.02594
18.6965	-1.02718
18.7064	-1.02841
18.7164	-1.02965
18.7264	-1.03089
18.7364	-1.03213
18.7464	-1.03337
18.7564	-1.03461
18.7663	-1.03585
18.7763	-1.03709
18.7863	-1.03834
18.7963	-1.03958
18.8063	-1.04083
18.8162	-1.04208
18.8262	-1.04332
18.8362	-1.04457
18.8462	-1.04582
18.8562	-1.04707
18.8662	-1.04833
18.8761	-1.04958
18.8861	-1.05083
18.8961	-1.05209
18.9061	-1.05334
18.9161	-1.0546
18.926	-1.05586
18.936	-1.05712
18.946	-1.05838
18.956	-1.05964
18.966	-1.0609
18.976	-1.06216
18.9859	-1.06343
18.9959	-1.06469
19.0059	-1.06596
19.0159	-1.06723
19.0259	-1.06849
19.0358	-1.06976
19.0458	-1.07103
19.0558	-1.0723
19.0658	-1.07358
19.0758	-1.07485
19.0858	-1.07612
19.0957	-1.0774
19.1057	-1.07867
19.1157	-1.07995
19.1257	-1.08123
19.1357	-1.08251
19.1456	-1.08379
19.1556	-1.08507
19.1656	-1.08635
19.1756	-1.08763
19.1856	-1.08892
19.1956	-1.0902
19.2055	-1.09149
19.2155	-1.09278
19.2255	-1.09406
19.2355	-1.09535
19.2455	-1.09664
19.2555	-1.09793
19.2654	-1.09923
19.2754	-1.10052
19.2854	-1.10181
19.2954	-1.10311
19.3054	-1.1044
19.3153	-1.1057
19.3253	-1.107
19.3353	-1.1083
19.3453	-1.1096
19.3553	-1.1109
19.3653	-1.1122
19.3752	-1.11351
19.3852	-1.11481
19.3952	-1.11611
19.4052	-1.11742
19.4152	-1.11873
19.4251	-1.12004
19.4351	-1.12135
19.4451	-1.12266
19.4551	-1.12397
19.4651	-1.12528
19.4751	-1.12659
19.485	-1.12791
19.495	-1.12922
19.505	-1.13054
19.515	-1.13186
19.525	-1.13318
19.5349	-1.1345
19.5449	-1.13582
19.5549	-1.13714
19.5649	-1.13846
19.5749	-1.13978
19.5849	-1.14111
19.5948	-1.14243
19.6048	-1.14376
19.6148	-1.14509
19.6248	-1.14642
19.6348	-1.14775
19.6447	-1.14908
19.6547	-1.15041
19.6647	-1.15174
19.6747	-1.15308
19.6847	-1.15441
19.6947	-1.15575
19.7046	-1.15709
19.7146	-1.15842
19.7246	-1.15976
19.7346	-1.1611
19.7446	-1.16245
19.7546	-1.16379
19.7645	-1.16513
19.7745	-1.16648
19.7845	-1.16782
19.7945	-1.16917
19.8045	-1.17051
19.8144	-1.17186
19.8244	-1.17321
19.8344	-1.17456
19.8444	-1.17591
19.8544	-1.17727
19.8644	-1.17862
19.8743	-1.17998
19.8843	-1.18133
19.8943	-1.18269
19.9043	-1.18405
19.9143	-1.18541
19.9242	-1.18677
19.9342	-1.18813
19.9442	-1.18949
19.9542	-1.19085
19.9642	-1.19222
19.9742	-1.19358
19.9841	-1.19495
19.9941	-1.19632
20.0041	-1.19768
20.0141	-1.19905
20.0241	-1.20042
20.034	-1.2018
20.044	-1.20317
20.054	-1.20454
20.064	-1.20592
20.074	-1.20729
20.084	-1.20867
20.0939	-1.21005
20.1039	-1.21143
20.1139	-1.21281
20.1239	-1.21419
20.1339	-1.21557
20.1438	-1.21695
20.1538	-1.21834
20.1638	-1.21972
20.1738	-1.22111
20.1838	-1.2225
20.1938	-1.22389
20.2037	-1.22528
20.2137	-1.22667
20.2237	-1.22806
20.2337	-1.22945
20.2437	-1.23085
20.2537	-1.23224
20.2636	-1.23364
20.2736	-1.23503
20.2836	-1.23643
20.2936	-1.23783
20.3036	-1.23923
20.3135	-1.24063
20.3235	-1.24204
20.3335	-1.24344
20.3435	-1.24484
20.3535	-1.24625
20.3635	-1.24766
20.3734	-1.24906
20.3834	-1.25047
20.3934	-1.25188
20.4034	-1.25329
20.4134	-1.25471
20.4233	-1.25612
20.4333	-1.25753
20.4433	-1.25895
20.4533	-1.26037
20.4633	-1.26178
20.4733	-1.2632
20.4832	-1.26462
20.4932	-1.26604
20.5032	-1.26746
20.5132	-1.26889
20.5232	-1.27031
20.5331	-1.27174
20.5431	-1.27316
20.5531	-1.27459
20.5631	-1.27602
20.5731	-1.27745
20.5831	-1.27888
20.593	-1.28031
20.603	-1.28174
20.613	-1.28318
20.623	-1.28461
20.633	-1.28605
20.6429	-1.28749
20.6529	-1.28892
20.6629	-1.29036
20.6729	-1.2918
20.6829	-1.29325
20.6929	-1.29469
20.7028	-1.29613
20.7128	-1.29758
20.7228	-1.29902
20.7328	-1.30047
20.7428	-1.30192
20.7528	-1.30337
20.7627	-1.30482
20.7727	-1.30627
20.7827	-1.30772
20.7927	-1.30917
20.8027	-1.31063
20.8126	-1.31208
20.8226	-1.31354
20.8326	-1.315
20.8426	-1.31646
20.8526	-1.31792
20.8626	-1.31938
20.8725	-1.32084
20.8825	-1.32231
20.8925	-1.32377
20.9025	-1.32524
20.9125	-1.3267
20.9224	-1.32817
20.9324	-1.32964
20.9424	-1.33111
20.9524	-1.33258
20.9624	-1.33405
20.9724	-1.33553
20.9823	-1.337
20.9923	-1.33848
21.0023	-1.33996
21.0123	-1.34143
21.0223	-1.34291
21.0322	-1.34439
21.0422	-1.34587
21.0522	-1.34736
21.0622	-1.34884
21.0722	-1.35032
21.0822	-1.35181
21.0921	-1.3533
21.1021	-1.35478
21.1121	-1.35627
21.1221	-1.35776
21.1321	-1.35926
21.142	-1.36075
21.152	-1.36224
21.162	-1.36374
21.172	-1.36523
21.182	-1.36673
21.192	-1.36823
21.2019	-1.36973
21.2119	-1.37123
21.2219	-1.37273
21.2319	-1.37423
21.2419	-1.37573
21.2519	-1.37724
21.2618	-1.37875
21.2718	-1.38025
21.2818	-1.38176
21.2918	-1.38327
21.3018	-1.38478
21.3117	-1.38629
21.3217	-1.38781
21.3317	-1.38932
21.3417	-1.39083
21.3517	-1.39235
21.3617	-1.39387
21.3716	-1.39539
21.3816	-1.39691
21.3916	-1.39843
21.4016	-1.39995
21.4116	-1.40147
21.4215	-1.403
21.4315	-1.40452
21.4415	-1.40605
21.4515	-1.40757
21.4615	-1.4091
21.4715	-1.41063
21.4814	-1.41216
21.4914	-1.4137
21.5014	-1.41523
21.5114	-1.41676
21.5214	-1.4183
21.5313	-1.41984
21.5413	-1.42137
21.5513	-1.42291
21.5613	-1.42445
21.5713	-1.42599
21.5813	-1.42754
21.5912	-1.42908
21.6012	-1.43062
21.6112	-1.43217
21.6212	-1.43372
21.6312	-1.43527
21.6411	-1.43682
21.6511	-1.43837
21.6611	-1.43992
21.6711	-1.44147
21.6811	-1.44302
21.6911	-1.44458
21.701	-1.44614
21.711	-1.44769
21.721	-1.44925
21.731	-1.45081
21.741	-1.45237
21.751	-1.45393
21.7609	-1.4555
21.7709	-1.45706
21.7809	-1.45863
21.7909	-1.46019
21.8009	-1.46176
21.8108	-1.46333
21.8208	-1.4649
21.8308	-1.46647
21.8408	-1.46804
21.8508	-1.46962
21.8608	-1.47119
21.8707	-1.47277
21.8807	-1.47435
21.8907	-1.47592
21.9007	-1.4775
21.9107	-1.47908
21.9206	-1.48067
21.9306	-1.48225
21.9406	-1.48383
21.9506	-1.48542
21.9606	-1.48701
21.9706	-1.48859
21.9805	-1.49018
21.9905	-1.49177
22.0005	-1.49336
22.0105	-1.49496
22.0205	-1.49655
22.0304	-1.49814
22.0404	-1.49974
22.0504	-1.50134
22.0604	-1.50293
22.0704	-1.50453
22.0804	-1.50613
22.0903	-1.50774
22.1003	-1.50934
22.1103	-1.51094
22.1203	-1.51255
22.1303	-1.51416
22.1402	-1.51576
22.1502	-1.51737
22.1602	-1.51898
22.1702	-1.52059
22.1802	-1.52221
22.1902	-1.52382
22.2001	-1.52543
22.2101	-1.52705
22.2201	-1.52867
22.2301	-1.53029
22.2401	-1.5319
22.2501	-1.53353
22.26	-1.53515
22.27	-1.53677
22.28	-1.53839
22.29	-1.54002
22.3	-1.54165
22.3099	-1.54327
22.3199	-1.5449
22.3299	-1.54653
22.3399	-1.54817
22.3499	-1.5498
22.3599	-1.55143
22.3698	-1.55307
22.3798	-1.5547
22.3898	-1.55634
22.3998	-1.55798
22.4098	-1.55962
22.4197	-1.56126
22.4297	-1.5629
22.4397	-1.56455
22.4497	-1.56619
22.4597	-1.56784
22.4697	-1.56948
22.4796	-1.57113
22.4896	-1.57278
22.4996	-1.57443
22.5096	-1.57608
22.5196	-1.57774
22.5295	-1.57939
22.5395	-1.58105
22.5495	-1.5827
22.5595	-1.58436
22.5695	-1.58602
22.5795	-1.58768
22.5894	-1.58934
22.5994	-1.591
22.6094	-1.59267
22.6194	-1.59433
22.6294	-1.596
22.6393	-1.59767
22.6493	-1.59933
22.6593	-1.601
22.6693	-1.60268
22.6793	-1.60435
22.6893	-1.60602
22.6992	-1.6077
22.7092	-1.60937
22.7192	-1.61105
22.7292	-1.61273
22.7392	-1.61441
22.7491	-1.61609
22.7591	-1.61777
22.7691	-1.61945
22.7791	-1.62114
22.7891	-1.62282
22.7991	-1.62451
22.809	-1.6262
22.819	-1.62789
22.829	-1.62958
22.839	-1.63127
22.849	-1.63296
22.859	-1.63466
22.8689	-1.63635
22.8789	-1.63805
22.8889	-1.63975
22.8989	-1.64145
22.9089	-1.64315
22.9188	-1.64485
22.9288	-1.64655
22.9388	-1.64826
22.9488	-1.64996
22.9588	-1.65167
22.9688	-1.65338
22.9787	-1.65509
22.9887	-1.6568
22.9987	-1.65851
23.0087	-1.66022
23.0187	-1.66194
23.0286	-1.66365
23.0386	-1.66537
23.0486	-1.66708
23.0586	-1.6688
23.0686	-1.67052
23.0786	-1.67225
23.0885	-1.67397
23.0985	-1.67569
23.1085	-1.67742
23.1185	-1.67914
23.1285	-1.68087
23.1384	-1.6826
23.1484	-1.68433
23.1584	-1.68606
23.1684	-1.68779
23.1784	-1.68953
23.1884	-1.69126
23.1983	-1.693
23.2083	-1.69474
23.2183	-1.69648
23.2283	-1.69822
23.2383	-1.69996
23.2482	-1.7017
23.2582	-1.70344
23.2682	-1.70519
23.2782	-1.70693
23.2882	-1.70868
23.2982	-1.71043
23.3081	-1.71218
23.3181	-1.71393
23.3281	-1.71568
23.3381	-1.71744
23.3481	-1.71919
23.3581	-1.72095
23.368	-1.72271
23.378	-1.72447
23.388	-1.72623
23.398	-1.72799
23.408	-1.72975
23.4179	-1.73151
23.4279	-1.73328
23.4379	-1.73505
23.4479	-1.73681
23.4579	-1.73858
23.4679	-1.74035
23.4778	-1.74212
23.4878	-1.7439
23.4978	-1.74567
23.5078	-1.74745
23.5178	-1.74922
23.5277	-1.751
23.5377	-1.75278
23.5477	-1.75456
23.5577	-1.75634
23.5677	-1.75812
23.5777	-1.75991
23.5876	-1.76169
23.5976	-1.76348
23.6076	-1.76527
23.6176	-1.76706
23.6276	-1.76885
23.6375	-1.77064
23.6475	-1.77243
23.6575	-1.77423
23.6675	-1.77602
23.6775	-1.77782
23.6875	-1.77962
23.6974	-1.78142
23.7074	-1.78322
23.7174	-1.78502
23.7274	-1.78682
23.7374	-1.78863
23.7473	-1.79043
23.7573	-1.79224
23.7673	-1.79405
23.7773	-1.79586
23.7873	-1.79767
23.7973	-1.79948
23.8072	-1.80129
23.8172	-1.80311
23.8272	-1.80492
23.8372	-1.80674
23.8472	-1.80856
23.8572	-1.81038
23.8671	-1.8122
23.8771	-1.81402
23.8871	-1.81585
23.8971	-1.81767
23.9071	-1.8195
23.917	-1.82133
23.927	-1.82315
23.937	-1.82498
23.947	-1.82682
23.957	-1.82865
23.967	-1.83048
23.9769	-1.83232
23.9869	-1.83415
23.9969	-1.83599
24.0069	-1.83783
24.0169	-1.83967
24.0268	-1.84151
24.0368	-1.84336
24.0468	-1.8452
24.0568	-1.84705
24.0668	-1.84889
24.0768	-1.85074
24.0867	-1.85259
24.0967	-1.85444
24.1067	-1.85629
24.1167	-1.85815
24.1267	-1.86
24.1366	-1.86186
24.1466	-1.86372
24.1566	-1.86557
24.1666	-1.86743
24.1766	-1.86929
24.1866	-1.87116
24.1965	-1.87302
24.2065	-1.87489
24.2165	-1.87675
24.2265	-1.87862
24.2365	-1.88049
24.2464	-1.88236
24.2564	-1.88423
24.2664	-1.8861
24.2764	-1.88798
24.2864	-1.88985
24.2964	-1.89173
24.3063	-1.89361
24.3163	-1.89549
24.3263	-1.89737
24.3363	-1.89925
24.3463	-1.90114
24.3563	-1.90302
24.3662	-1.90491
24.3762	-1.90679
24.3862	-1.90868
24.3962	-1.91057
24.4062	-1.91246
24.4161	-1.91436
24.4261	-1.91625
24.4361	-1.91815
24.4461	-1.92004
24.4561	-1.92194
24.4661	-1.92384
24.476	-1.92574
24.486	-1.92764
24.496	-1.92955
24.506	-1.93145
24.516	-1.93336
24.5259	-1.93526
24.5359	-1.93717
24.5459	-1.93908
24.5559	-1.94099
24.5659	-1.9429
24.5759	-1.94482
24.5858	-1.94673
24.5958	-1.94865
24.6058	-1.95057
24.6158	-1.95249
24.6258	-1.95441
24.6357	-1.95633
24.6457	-1.95825
24.6557	-1.96018
24.6657	-1.9621
24.6757	-1.96403
24.6857	-1.96596
24.6956	-1.96789
24.7056	-1.96982
24.7156	-1.97175
24.7256	-1.97368
24.7356	-1.97562
24.7455	-1.97756
24.7555	-1.97949
24.7655	-1.98143
24.7755	-1.98337
24.7855	-1.98532
24.7955	-1.98726
24.8054	-1.9892
24.8154	-1.99115
24.8254	-1.9931
24.8354	-1.99504
24.8454	-1.99699
24.8554	-1.99895
24.8653	-2.0009
24.8753	-2.00285
24.8853	-2.00481
24.8953	-2.00676
24.9053	-2.00872
24.9152	-2.01068
24.9252	-2.01264
24.9352	-2.0146
24.9452	-2.01657
24.9552	-2.01853
24.9652	-2.0205
24.9751	-2.02246
24.9851	-2.02443
24.9951	-2.0264
25.0051	-2.02837
25.0151	-2.03035
25.025	-2.03232
25.035	-2.0343
25.045	-2.03627
25.055	-2.03825
25.065	-2.04023
25.075	-2.04221
25.0849	-2.04419
25.0949	-2.04618
25.1049	-2.04816
25.1149	-2.05015
25.1249	-2.05213
25.1348	-2.05412
25.1448	-2.05611
25.1548	-2.05811
25.1648	-2.0601
25.1748	-2.06209
25.1848	-2.06409
25.1947	-2.06609
25.2047	-2.06808
25.2147	-2.07008
25.2247	-2.07209
25.2347	-2.07409
25.2446	-2.07609
25.2546	-2.0781
25.2646	-2.0801
25.2746	-2.08211
25.2846	-2.08412
25.2946	-2.08613
25.3045	-2.08814
25.3145	-2.09016
25.3245	-2.09217
25.3345	-2.09419
25.3445	-2.09621
25.3545	-2.09822
25.3644	-2.10024
25.3744	-2.10227
25.3844	-2.10429
25.3944	-2.10631
25.4044	-2.10834
25.4143	-2.11037
25.4243	-2.11239
25.4343	-2.11442
25.4443	-2.11646
25.4543	-2.11849
25.4643	-2.12052
25.4742	-2.12256
25.4842	-2.12459
25.4942	-2.12663
25.5042	-2.12867
25.5142	-2.13071
25.5241	-2.13276
25.5341	-2.1348
25.5441	-2.13684
25.5541	-2.13889
25.5641	-2.14094
25.5741	-2.14299
25.584	-2.14504
25.594	-2.14709
25.604	-2.14914
25.614	-2.1512
25.624	-2.15325
25.6339	-2.15531
25.6439	-2.15737
25.6539	-2.15943
25.6639	-2.16149
25.6739	-2.16355
25.6839	-2.16562
25.6938	-2.16768
25.7038	-2.16975
25.7138	-2.17182
25.7238	-2.17389
25.7338	-2.17596
25.7437	-2.17803
25.7537	-2.18011
25.7637	-2.18218
25.7737	-2.18426
25.7837	-2.18634
25.7937	-2.18842
25.8036	-2.1905
25.8136	-2.19258
25.8236	-2.19467
25.8336	-2.19675
25.8436	-2.19884
25.8536	-2.20093
25.8635	-2.20302
25.8735	-2.20511
25.8835	-2.2072
25.8935	-2.20929
25.9035	-2.21139
25.9134	-2.21348
25.9234	-2.21558
25.9334	-2.21768
25.9434	-2.21978
25.9534	-2.22188
25.9634	-2.22399
25.9733	-2.22609
25.9833	-2.2282
25.9933	-2.2303
26.0033	-2.23241
26.0133	-2.23452
26.0232	-2.23664
26.0332	-2.23875
26.0432	-2.24086
26.0532	-2.24298
26.0632	-2.2451
26.0732	-2.24722
26.0831	-2.24934
26.0931	-2.25146
26.1031	-2.25358
26.1131	-2.2557
26.1231	-2.25783
26.133	-2.25996
26.143	-2.26209
26.153	-2.26422
26.163	-2.26635
26.173	-2.26848
26.183	-2.27062
26.1929	-2.27275
26.2029	-2.27489
26.2129	-2.27703
26.2229	-2.27917
26.2329	-2.28131
26.2428	-2.28345
26.2528	-2.28559
26.2628	-2.28774
26.2728	-2.28989
26.2828	-2.29204
26.2928	-2.29419
26.3027	-2.29634
26.3127	-2.29849
26.3227	-2.30064
26.3327	-2.3028
26.3427	-2.30496
26.3527	-2.30711
26.3626	-2.30927
26.3726	-2.31144
26.3826	-2.3136
26.3926	-2.31576
26.4026	-2.31793
26.4125	-2.32009
26.4225	-2.32226
26.4325	-2.32443
26.4425	-2.3266
26.4525	-2.32878
26.4625	-2.33095
26.4724	-2.33313
26.4824	-2.3353
26.4924	-2.33748
26.5024	-2.33966
26.5124	-2.34184
26.5223	-2.34402
26.5323	-2.34621
26.5423	-2.34839
26.5523	-2.35058
26.5623	-2.35277
26.5723	-2.35496
26.5822	-2.35715
26.5922	-2.35934
26.6022	-2.36154
26.6122	-2.36373
26.6222	-2.36593
26.6321	-2.36813
26.6421	-2.37033
26.6521	-2.37253
26.6621	-2.37473
26.6721	-2.37694
26.6821	-2.37914
26.692	-2.38135
26.702	-2.38356
26.712	-2.38577
26.722	-2.38798
26.732	-2.39019
26.7419	-2.3924
26.7519	-2.39462
26.7619	-2.39684
26.7719	-2.39905
26.7819	-2.40127
26.7919	-2.4035
26.8018	-2.40572
26.8118	-2.40794
26.8218	-2.41017
26.8318	-2.4124
26.8418	-2.41462
26.8518	-2.41685
26.8617	-2.41909
26.8717	-2.42132
26.8817	-2.42355
26.8917	-2.42579
26.9017	-2.42803
26.9116	-2.43026
26.9216	-2.4325
26.9316	-2.43475
26.9416	-2.43699
26.9516	-2.43923
26.9616	-2.44148
26.9715	-2.44373
26.9815	-2.44598
26.9915	-2.44823
27.0015	-2.45048
27.0115	-2.45273
27.0214	-2.45498
27.0314	-2.45724
27.0414	-2.4595
27.0514	-2.46176
27.0614	-2.46402
27.0714	-2.46628
27.0813	-2.46854
27.0913	-2.47081
27.1013	-2.47307
27.1113	-2.47534
27.1213	-2.47761
27.1312	-2.47988
27.1412	-2.48215
27.1512	-2.48443
27.1612	-2.4867
27.1712	-2.48898
27.1812	-2.49126
27.1911	-2.49354
27.2011	-2.49582
27.2111	-2.4981
27.2211	-2.50038
27.2311	-2.50267
27.241	-2.50495
27.251	-2.50724
27.261	-2.50953
27.271	-2.51182
27.281	-2.51411
27.291	-2.51641
27.3009	-2.5187
27.3109	-2.521
27.3209	-2.5233
27.3309	-2.5256
27.3409	-2.5279
27.3509	-2.5302
27.3608	-2.53251
27.3708	-2.53481
27.3808	-2.53712
27.3908	-2.53943
27.4008	-2.54174
27.4107	-2.54405
27.4207	-2.54636
27.4307	-2.54868
27.4407	-2.55099
27.4507	-2.55331
27.4607	-2.55563
27.4706	-2.55795
27.4806	-2.56027
27.4906	-2.56259
27.5006	-2.56492
27.5106	-2.56725
27.5205	-2.56957
27.5305	-2.5719
27.5405	-2.57423
27.5505	-2.57657
27.5605	-2.5789
27.5705	-2.58123
27.5804	-2.58357
27.5904	-2.58591
27.6004	-2.58825
27.6104	-2.59059
27.6204	-2.59293
27.6303	-2.59528
27.6403	-2.59762
27.6503	-2.59997
27.6603	-2.60232
27.6703	-2.60467
27.6803	-2.60702
27.6902	-2.60937
27.7002	-2.61172
27.7102	-2.61408
27.7202	-2.61644
27.7302	-2.6188
27.7401	-2.62116
27.7501	-2.62352
27.7601	-2.62588
27.7701	-2.62825
27.7801	-2.63061
27.7901	-2.63298
27.8	-2.63535
27.81	-2.63772
27.82	-2.64009
27.83	-2.64246
27.84	-2.64484
27.8499	-2.64722
27.8599	-2.64959
27.8699	-2.65197
27.8799	-2.65435
27.8899	-2.65674
27.8999	-2.65912
27.9098	-2.66151
27.9198	-2.66389
27.9298	-2.66628
27.9398	-2.66867
27.9498	-2.67106
27.9598	-2.67346
27.9697	-2.67585
27.9797	-2.67825
27.9897	-2.68064
27.9997	-2.68304
28.0097	-2.68544
28.0196	-2.68784
28.0296	-2.69025
28.0396	-2.69265
28.0496	-2.69506
28.0596	-2.69747
28.0696	-2.69988
28.0795	-2.70229
28.0895	-2.7047
28.0995	-2.70711
28.1095	-2.70953
28.1195	-2.71194
28.1294	-2.71436
28.1394	-2.71678
28.1494	-2.7192
28.1594	-2.72163
28.1694	-2.72405
28.1794	-2.72648
28.1893	-2.7289
28.1993	-2.73133
28.2093	-2.73376
28.2193	-2.7362
28.2293	-2.73863
28.2392	-2.74106
28.2492	-2.7435
28.2592	-2.74594
28.2692	-2.74838
28.2792	-2.75082
28.2892	-2.75326
28.2991	-2.7557
28.3091	-2.75815
28.3191	-2.7606
28.3291	-2.76304
28.3391	-2.76549
28.349	-2.76794
28.359	-2.7704
28.369	-2.77285
28.379	-2.77531
28.389	-2.77776
28.399	-2.78022
28.4089	-2.78268
28.4189	-2.78515
28.4289	-2.78761
28.4389	-2.79007
28.4489	-2.79254
28.4589	-2.79501
28.4688	-2.79748
28.4788	-2.79995
28.4888	-2.80242
28.4988	-2.80489
28.5088	-2.80737
28.5187	-2.80985
28.5287	-2.81233
28.5387	-2.81481
28.5487	-2.81729
28.5587	-2.81977
28.5687	-2.82225
28.5786	-2.82474
28.5886	-2.82723
28.5986	-2.82972
28.6086	-2.83221
28.6186	-2.8347
28.6285	-2.83719
28.6385	-2.83969
28.6485	-2.84218
28.6585	-2.84468
28.6685	-2.84718
28.6785	-2.84968
28.6884	-2.85219
28.6984	-2.85469
28.7084	-2.8572
28.7184	-2.8597
28.7284	-2.86221
28.7383	-2.86472
28.7483	-2.86723
28.7583	-2.86975
28.7683	-2.87226
28.7783	-2.87478
28.7883	-2.8773
28.7982	-2.87982
28.8082	-2.88234
28.8182	-2.88486
28.8282	-2.88738
28.8382	-2.88991
28.8481	-2.89243
28.8581	-2.89496
28.8681	-2.89749
28.8781	-2.90002
28.8881	-2.90256
28.8981	-2.90509
28.908	-2.90763
28.918	-2.91017
28.928	-2.91271
28.938	-2.91525
28.948	-2.91779
28.958	-2.92033
28.9679	-2.92288
28.9779	-2.92542
28.9879	-2.92797
28.9979	-2.93052
29.0079	-2.93307
29.0178	-2.93563
29.0278	-2.93818
29.0378	-2.94074
29.0478	-2.94329
29.0578	-2.94585
29.0678	-2.94841
29.0777	-2.95098
29.0877	-2.95354
29.0977	-2.9561
29.1077	-2.95867
29.1177	-2.96124
29.1276	-2.96381
29.1376	-2.96638
29.1476	-2.96895
29.1576	-2.97153
29.1676	-2.9741
29.1776	-2.97668
29.1875	-2.97926
29.1975	-2.98184
29.2075	-2.98442
29.2175	-2.987
29.2275	-2.98959
29.2374	-2.99218
29.2474	-2.99476
29.2574	-2.99735
29.2674	-2.99994
29.2774	-3.00254
29.2874	-3.00513
29.2973	-3.00773
29.3073	-3.01032
29.3173	-3.01292
29.3273	-3.01552
29.3373	-3.01813
29.3472	-3.02073
29.3572	-3.02333
29.3672	-3.02594
29.3772	-3.02855
29.3872	-3.03116
29.3972	-3.03377
29.4071	-3.03638
29.4171	-3.039
29.4271	-3.04161
29.4371	-3.04423
29.4471	-3.04685
29.4571	-3.04947
29.467	-3.05209
29.477	-3.05471
29.487	-3.05734
29.497	-3.05996
29.507	-3.06259
29.5169	-3.06522
29.5269	-3.06785
29.5369	-3.07048
29.5469	-3.07312
29.5569	-3.07575
29.5669	-3.07839
29.5768	-3.08103
29.5868	-3.08367
29.5968	-3.08631
29.6068	-3.08896
29.6168	-3.0916
29.6267	-3.09425
29.6367	-3.0969
29.6467	-3.09955
29.6567	-3.1022
29.6667	-3.10485
29.6767	-3.1075
29.6866	-3.11016
29.6966	-3.11282
29.7066	-3.11548
29.7166	-3.11814
29.7266	-3.1208
29.7365	-3.12346
29.7465	-3.12613
29.7565	-3.12879
29.7665	-3.13146
29.7765	-3.13413
29.7865	-3.1368
29.7964	-3.13947
29.8064	-3.14215
29.8164	-3.14482
29.8264	-3.1475
29.8364	-3.15018
29.8463	-3.15286
29.8563	-3.15554
29.8663	-3.15823
29.8763	-3.16091
29.8863	-3.1636
29.8963	-3.16629
29.9062	-3.16898
29.9162	-3.17167
29.9262	-3.17436
29.9362	-3.17706
29.9462	-3.17975
29.9562	-3.18245
29.9661	-3.18515
29.9761	-3.18785
29.9861	-3.19055
29.9961	-3.19325
30.0061	-3.19596
30.016	-3.19867
30.026	-3.20137
30.036	-3.20408
30.046	-3.2068
30.056	-3.20951
30.066	-3.21222
30.0759	-3.21494
30.0859	-3.21766
30.0959	-3.22038
30.1059	-3.2231
30.1159	-3.22582
30.1258	-3.22854
30.1358	-3.23127
30.1458	-3.234
30.1558	-3.23673
30.1658	-3.23946
30.1758	-3.24219
30.1857	-3.24492
30.1957	-3.24765
30.2057	-3.25039
30.2157	-3.25313
30.2257	-3.25587
30.2356	-3.25861
30.2456	-3.26135
30.2556	-3.2641
30.2656	-3.26684
30.2756	-3.26959
30.2856	-3.27234
30.2955	-3.27509
30.3055	-3.27784
30.3155	-3.28059
30.3255	-3.28335
30.3355	-3.28611
30.3454	-3.28886
30.3554	-3.29162
30.3654	-3.29438
30.3754	-3.29715
30.3854	-3.29991
30.3954	-3.30268
30.4053	-3.30545
30.4153	-3.30821
30.4253	-3.31098
30.4353	-3.31376
30.4453	-3.31653
30.4553	-3.31931
30.4652	-3.32208
30.4752	-3.32486
30.4852	-3.32764
30.4952	-3.33042
30.5052	-3.33321
30.5151	-3.33599
30.5251	-3.33878
30.5351	-3.34156
30.5451	-3.34435
30.5551	-3.34714
30.5651	-3.34994
30.575	-3.35273
30.585	-3.35553
30.595	-3.35832
30.605	-3.36112
30.615	-3.36392
30.6249	-3.36672
30.6349	-3.36953
30.6449	-3.37233
30.6549	-3.37514
30.6649	-3.37795
30.6749	-3.38076
30.6848	-3.38357
30.6948	-3.38638
30.7048	-3.3892
30.7148	-3.39201
30.7248	-3.39483
30.7347	-3.39765
30.7447	-3.40047
30.7547	-3.40329
30.7647	-3.40611
30.7747	-3.40894
30.7847	-3.41177
30.7946	-3.4146
30.8046	-3.41742
30.8146	-3.42026
30.8246	-3.42309
30.8346	-3.42592
30.8445	-3.42876
30.8545	-3.4316
30.8645	-3.43444
30.8745	-3.43728
30.8845	-3.44012
30.8945	-3.44297
30.9044	-3.44581
30.9144	-3.44866
30.9244	-3.45151
30.9344	-3.45436
30.9444	-3.45721
30.9544	-3.46006
30.9643	-3.46292
30.9743	-3.46577
30.9843	-3.46863
30.9943	-3.47149
31.0043	-3.47435
31.0142	-3.47722
31.0242	-3.48008
31.0342	-3.48295
31.0442	-3.48581
31.0542	-3.48868
31.0642	-3.49155
31.0741	-3.49443
31.0841	-3.4973
31.0941	-3.50018
31.1041	-3.50305
31.1141	-3.50593
31.124	-3.50881
31.134	-3.51169
31.144	-3.51458
31.154	-3.51746
31.164	-3.52035
31.174	-3.52324
31.1839	-3.52612
31.1939	-3.52902
31.2039	-3.53191
31.2139	-3.5348
31.2239	-3.5377
31.2338	-3.5406
31.2438	-3.54349
31.2538	-3.5464
31.2638	-3.5493
31.2738	-3.5522
31.2838	-3.55511
31.2937	-3.55801
31.3037	-3.56092
31.3137	-3.56383
31.3237	-3.56674
31.3337	-3.56966
31.3436	-3.57257
31.3536	-3.57549
31.3636	-3.5784
31.3736	-3.58132
31.3836	-3.58424
31.3936	-3.58717
31.4035	-3.59009
31.4135	-3.59302
31.4235	-3.59594
31.4335	-3.59887
31.4435	-3.6018
31.4535	-3.60474
31.4634	-3.60767
31.4734	-3.6106
31.4834	-3.61354
31.4934	-3.61648
31.5034	-3.61942
31.5133	-3.62236
31.5233	-3.6253
31.5333	-3.62825
31.5433	-3.63119
31.5533	-3.63414
31.5633	-3.63709
31.5732	-3.64004
31.5832	-3.64299
31.5932	-3.64595
31.6032	-3.6489
31.6132	-3.65186
31.6231	-3.65482
31.6331	-3.65778
31.6431	-3.66074
31.6531	-3.6637
31.6631	-3.66667
31.6731	-3.66964
31.683	-3.6726
31.693	-3.67557
31.703	-3.67854
31.713	-3.68152
31.723	-3.68449
31.7329	-3.68747
31.7429	-3.69044
31.7529	-3.69342
31.7629	-3.6964
31.7729	-3.69939
31.7829	-3.70237
31.7928	-3.70536
31.8028	-3.70834
31.8128	-3.71133
31.8228	-3.71432
31.8328	-3.71731
31.8427	-3.72031
31.8527	-3.7233
31.8627	-3.7263
31.8727	-3.7293
31.8827	-3.73229
31.8927	-3.7353
31.9026	-3.7383
31.9126	-3.7413
31.9226	-3.74431
31.9326	-3.74732
31.9426	-3.75032
31.9526	-3.75334
31.9625	-3.75635
31.9725	-3.75936
31.9825	-3.76238
31.9925	-3.76539
32.0025	-3.76841
32.0124	-3.77143
32.0224	-3.77445
32.0324	-3.77748
32.0424	-3.7805
32.0524	-3.78353
32.0624	-3.78656
32.0723	-3.78958
32.0823	-3.79262
32.0923	-3.79565
32.1023	-3.79868
32.1123	-3.80172
32.1222	-3.80476
32.1322	-3.80779
32.1422	-3.81083
32.1522	-3.81388
32.1622	-3.81692
32.1722	-3.81997
32.1821	-3.82301
32.1921	-3.82606
32.2021	-3.82911
32.2121	-3.83216
32.2221	-3.83521
32.232	-3.83827
32.242	-3.84133
32.252	-3.84438
32.262	-3.84744
32.272	-3.8505
32.282	-3.85357
32.2919	-3.85663
32.3019	-3.8597
32.3119	-3.86276
32.3219	-3.86583
32.3319	-3.8689
32.3418	-3.87197
32.3518	-3.87505
32.3618	-3.87812
32.3718	-3.8812
32.3818	-3.88428
32.3918	-3.88736
32.4017	-3.89044
32.4117	-3.89352
32.4217	-3.8966
32.4317	-3.89969
32.4417	-3.90278
32.4517	-3.90587
32.4616	-3.90896
32.4716	-3.91205
32.4816	-3.91514
32.4916	-3.91824
32.5016	-3.92134
32.5115	-3.92444
32.5215	-3.92754
32.5315	-3.93064
32.5415	-3.93374
32.5515	-3.93685
32.5615	-3.93995
32.5714	-3.94306
32.5814	-3.94617
32.5914	-3.94928
32.6014	-3.95239
32.6114	-3.95551
32.6213	-3.95862
32.6313	-3.96174
32.6413	-3.96486
32.6513	-3.96798
32.6613	-3.9711
32.6713	-3.97423
32.6812	-3.97735
32.6912	-3.98048
32.7012	-3.98361
32.7112	-3.98674
32.7212	-3.98987
32.7311	-3.993
32.7411	-3.99614
32.7511	-3.99927
32.7611	-4.00241
32.7711	-4.00555
32.7811	-4.00869
32.791	-4.01184
32.801	-4.01498
32.811	-4.01813
32.821	-4.02127
32.831	-4.02442
32.8409	-4.02757
32.8509	-4.03072
32.8609	-4.03388
32.8709	-4.03703
32.8809	-4.04019
32.8909	-4.04335
32.9008	-4.04651
32.9108	-4.04967
32.9208	-4.05283
32.9308	-4.056
32.9408	-4.05916
32.9508	-4.06233
32.9607	-4.0655
32.9707	-4.06867
32.9807	-4.07184
32.9907	-4.07502
33.0007	-4.07819
33.0106	-4.08137
33.0206	-4.08455
33.0306	-4.08773
33.0406	-4.09091
33.0506	-4.09409
33.0606	-4.09728
33.0705	-4.10047
33.0805	-4.10365
33.0905	-4.10684
33.1005	-4.11003
33.1105	-4.11323
33.1204	-4.11642
33.1304	-4.11962
33.1404	-4.12282
33.1504	-4.12601
33.1604	-4.12922
33.1704	-4.13242
33.1803	-4.13562
33.1903	-4.13883
33.2003	-4.14203
33.2103	-4.14524
33.2203	-4.14845
33.2302	-4.15166
33.2402	-4.15488
33.2502	-4.15809
33.2602	-4.16131
33.2702	-4.16453
33.2802	-4.16775
33.2901	-4.17097
33.3001	-4.17419
33.3101	-4.17741
33.3201	-4.18064
33.3301	-4.18387
33.34	-4.1871
33.35	-4.19033
33.36	-4.19356
33.37	-4.19679
33.38	-4.20003
33.39	-4.20326
33.3999	-4.2065
33.4099	-4.20974
33.4199	-4.21298
33.4299	-4.21623
33.4399	-4.21947
33.4498	-4.22272
33.4598	-4.22596
33.4698	-4.22921
33.4798	-4.23246
33.4898	-4.23572
33.4998	-4.23897
33.5097	-4.24223
33.5197	-4.24548
33.5297	-4.24874
33.5397	-4.252
33.5497	-4.25526
33.5597	-4.25853
33.5696	-4.26179
33.5796	-4.26506
33.5896	-4.26832
33.5996	-4.27159
33.6096	-4.27487
33.6195	-4.27814
33.6295	-4.28141
33.6395	-4.28469
33.6495	-4.28797
33.6595	-4.29124
33.6695	-4.29452
33.6794	-4.29781
33.6894	-4.30109
33.6994	-4.30438
33.7094	-4.30766
33.7194	-4.31095
33.7293	-4.31424
33.7393	-4.31753
33.7493	-4.32082
33.7593	-4.32412
33.7693	-4.32741
33.7793	-4.33071
33.7892	-4.33401
33.7992	-4.33731
33.8092	-4.34061
33.8192	-4.34392
33.8292	-4.34722
33.8391	-4.35053
33.8491	-4.35384
33.8591	-4.35715
33.8691	-4.36046
33.8791	-4.36377
33.8891	-4.36709
33.899	-4.3704
33.909	-4.37372
33.919	-4.37704
33.929	-4.38036
33.939	-4.38369
33.9489	-4.38701
33.9589	-4.39033
33.9689	-4.39366
33.9789	-4.39699
33.9889	-4.40032
33.9989	-4.40365
34.0088	-4.40699
34.0188	-4.41032
34.0288	-4.41366
34.0388	-4.417
34.0488	-4.42033
34.0588	-4.42368
34.0687	-4.42702
34.0787	-4.43036
34.0887	-4.43371
34.0987	-4.43706
34.1087	-4.44041
34.1186	-4.44376
34.1286	-4.44711
34.1386	-4.45046
34.1486	-4.45382
34.1586	-4.45717
34.1686	-4.46053
34.1785	-4.46389
34.1885	-4.46725
34.1985	-4.47061
34.2085	-4.47398
34.2185	-4.47735
34.2284	-4.48071
34.2384	-4.48408
34.2484	-4.48745
34.2584	-4.49082
34.2684	-4.4942
34.2784	-4.49757
34.2883	-4.50095
34.2983	-4.50433
34.3083	-4.50771
34.3183	-4.51109
34.3283	-4.51447
34.3382	-4.51786
34.3482	-4.52124
34.3582	-4.52463
34.3682	-4.52802
34.3782	-4.53141
34.3882	-4.5348
34.3981	-4.5382
34.4081	-4.54159
34.4181	-4.54499
34.4281	-4.54839
34.4381	-4.55179
34.448	-4.55519
34.458	-4.55859
34.468	-4.562
34.478	-4.5654
34.488	-4.56881
34.498	-4.57222
34.5079	-4.57563
34.5179	-4.57904
34.5279	-4.58246
34.5379	-4.58587
34.5479	-4.58929
34.5579	-4.59271
34.5678	-4.59613
34.5778	-4.59955
34.5878	-4.60297
34.5978	-4.6064
34.6078	-4.60982
34.6177	-4.61325
34.6277	-4.61668
34.6377	-4.62011
34.6477	-4.62354
34.6577	-4.62698
34.6677	-4.63041
34.6776	-4.63385
34.6876	-4.63729
34.6976	-4.64073
34.7076	-4.64417
34.7176	-4.64761
34.7275	-4.65106
34.7375	-4.6545
34.7475	-4.65795
34.7575	-4.6614
34.7675	-4.66485
34.7775	-4.6683
34.7874	-4.67176
34.7974	-4.67521
34.8074	-4.67867
34.8174	-4.68213
34.8274	-4.68559
34.8373	-4.68905
34.8473	-4.69251
34.8573	-4.69598
34.8673	-4.69945
34.8773	-4.70291
34.8873	-4.70638
34.8972	-4.70985
34.9072	-4.71333
34.9172	-4.7168
34.9272	-4.72027
34.9372	-4.72375
34.9471	-4.72723
34.9571	-4.73071
34.9671	-4.73419
34.9771	-4.73767
34.9871	-4.74116
34.9971	-4.74464
35.007	-4.74813
35.017	-4.75162
35.027	-4.75511
35.037	-4.7586
35.047	-4.7621
35.057	-4.76559
35.0669	-4.76909
35.0769	-4.77259
35.0869	-4.77609
35.0969	-4.77959
35.1069	-4.78309
35.1168	-4.7866
35.1268	-4.7901
35.1368	-4.79361
35.1468	-4.79712
35.1568	-4.80063
35.1668	-4.80414
35.1767	-4.80766
35.1867	-4.81117
35.1967	-4.81469
35.2067	-4.81821
35.2167	-4.82173
35.2266	-4.82525
35.2366	-4.82877
35.2466	-4.83229
35.2566	-4.83582
35.2666	-4.83935
35.2766	-4.84288
35.2865	-4.84641
35.2965	-4.84994
35.3065	-4.85347
35.3165	-4.85701
35.3265	-4.86054
35.3364	-4.86408
35.3464	-4.86762
35.3564	-4.87116
35.3664	-4.8747
35.3764	-4.87825
35.3864	-4.88179
35.3963	-4.88534
35.4063	-4.88889
35.4163	-4.89244
35.4263	-4.89599
35.4363	-4.89954
35.4462	-4.9031
35.4562	-4.90665
35.4662	-4.91021
35.4762	-4.91377
35.4862	-4.91733
35.4962	-4.92089
35.5061	-4.92446
35.5161	-4.92802
35.5261	-4.93159
35.5361	-4.93516
35.5461	-4.93873
35.5561	-4.9423
35.566	-4.94587
35.576	-4.94945
35.586	-4.95302
35.596	-4.9566
35.606	-4.96018
35.6159	-4.96376
35.6259	-4.96734
35.6359	-4.97092
35.6459	-4.97451
35.6559	-4.97809
35.6659	-4.98168
35.6758	-4.98527
35.6858	-4.98886
35.6958	-4.99245
35.7058	-4.99605
35.7158	-4.99964
35.7257	-5.00324
35.7357	-5.00684
35.7457	-5.01044
35.7557	-5.01404
35.7657	-5.01764
35.7757	-5.02125
35.7856	-5.02485
35.7956	-5.02846
35.8056	-5.03207
35.8156	-5.03568
35.8256	-5.03929
35.8355	-5.04291
35.8455	-5.04652
35.8555	-5.05014
35.8655	-5.05376
35.8755	-5.05738
35.8855	-5.061
35.8954	-5.06462
35.9054	-5.06824
35.9154	-5.07187
35.9254	-5.0755
35.9354	-5.07912
35.9453	-5.08275
35.9553	-5.08639
35.9653	-5.09002
35.9753	-5.09365
35.9853	-5.09729
35.9953	-5.10093
36.0052	-5.10457
36.0152	-5.10821
36.0252	-5.11185
36.0352	-5.11549
36.0452	-5.11914
36.0552	-5.12278
36.0651	-5.12643
36.0751	-5.13008
36.0851	-5.13373
36.0951	-5.13738
36.1051	-5.14104
36.115	-5.14469
36.125	-5.14835
36.135	-5.15201
36.145	-5.15567
36.155	-5.15933
36.165	-5.16299
36.1749	-5.16666
36.1849	-5.17032
36.1949	-5.17399
36.2049	-5.17766
36.2149	-5.18133
36.2248	-5.185
36.2348	-5.18867
36.2448	-5.19235
36.2548	-5.19602
36.2648	-5.1997
36.2748	-5.20338
36.2847	-5.20706
36.2947	-5.21074
36.3047	-5.21443
36.3147	-5.21811
36.3247	-5.2218
36.3346	-5.22549
36.3446	-5.22918
36.3546	-5.23287
36.3646	-5.23656
36.3746	-5.24026
36.3846	-5.24395
36.3945	-5.24765
36.4045	-5.25135
36.4145	-5.25505
36.4245	-5.25875
36.4345	-5.26245
36.4444	-5.26615
36.4544	-5.26986
36.4644	-5.27357
36.4744	-5.27728
36.4844	-5.28099
36.4944	-5.2847
36.5043	-5.28841
36.5143	-5.29213
36.5243	-5.29584
36.5343	-5.29956
36.5443	-5.30328
36.5543	-5.307
36.5642	-5.31072
36.5742	-5.31445
36.5842	-5.31817
36.5942	-5.3219
36.6042	-5.32563
36.6141	-5.32936
36.6241	-5.33309
36.6341	-5.33682
36.6441	-5.34055
36.6541	-5.34429
36.6641	-5.34802
36.674	-5.35176
36.684	-5.3555
36.694	-5.35924
36.704	-5.36299
36.714	-5.36673
36.7239	-5.37048
36.7339	-5.37422
36.7439	-5.37797
36.7539	-5.38172
36.7639	-5.38547
36.7739	-5.38923
36.7838	-5.39298
36.7938	-5.39674
36.8038	-5.40049
36.8138	-5.40425
36.8238	-5.40801
36.8337	-5.41178
36.8437	-5.41554
36.8537	-5.4193
36.8637	-5.42307
36.8737	-5.42684
36.8837	-5.43061
36.8936	-5.43438
36.9036	-5.43815
36.9136	-5.44192
36.9236	-5.4457
36.9336	-5.44947
36.9435	-5.45325
36.9535	-5.45703
36.9635	-5.46081
36.9735	-5.46459
36.9835	-5.46838
36.9935	-5.47216
37.0034	-5.47595
37.0134	-5.47974
37.0234	-5.48353
37.0334	-5.48732
37.0434	-5.49111
37.0534	-5.4949
37.0633	-5.4987
37.0733	-5.50249
37.0833	-5.50629
37.0933	-5.51009
37.1033	-5.51389
37.1132	-5.5177
37.1232	-5.5215
37.1332	-5.52531
37.1432	-5.52911
37.1532	-5.53292
37.1632	-5.53673
37.1731	-5.54054
37.1831	-5.54435
37.1931	-5.54817
37.2031	-5.55198
37.2131	-5.5558
37.223	-5.55962
37.233	-5.56344
37.243	-5.56726
37.253	-5.57108
37.263	-5.57491
37.273	-5.57873
37.2829	-5.58256
37.2929	-5.58639
37.3029	-5.59022
37.3129	-5.59405
37.3229	-5.59788
37.3328	-5.60172
37.3428	-5.60555
37.3528	-5.60939
37.3628	-5.61323
37.3728	-5.61707
37.3828	-5.62091
37.3927	-5.62475
37.4027	-5.6286
37.4127	-5.63244
37.4227	-5.63629
37.4327	-5.64014
37.4426	-5.64399
37.4526	-5.64784
37.4626	-5.65169
37.4726	-5.65555
37.4826	-5.6594
37.4926	-5.66326
37.5025	-5.66712
37.5125	-5.67098
37.5225	-5.67484
37.5325	-5.6787
37.5425	-5.68257
37.5525	-5.68643
37.5624	-5.6903
37.5724	-5.69417
37.5824	-5.69804
37.5924	-5.70191
37.6024	-5.70578
37.6123	-5.70966
37.6223	-5.71353
37.6323	-5.71741
37.6423	-5.72129
37.6523	-5.72517
37.6623	-5.72905
37.6722	-5.73293
37.6822	-5.73682
37.6922	-5.7407
37.7022	-5.74459
37.7122	-5.74848
37.7221	-5.75237
37.7321	-5.75626
37.7421	-5.76015
37.7521	-5.76405
37.7621	-5.76794
37.7721	-5.77184
37.782	-5.77574
37.792	-5.77964
37.802	-5.78354
37.812	-5.78744
37.822	-5.79135
37.8319	-5.79525
37.8419	-5.79916
37.8519	-5.80307
37.8619	-5.80698
37.8719	-5.81089
37.8819	-5.8148
37.8918	-5.81872
37.9018	-5.82263
37.9118	-5.82655
37.9218	-5.83047
37.9318	-5.83439
37.9417	-5.83831
37.9517	-5.84223
37.9617	-5.84615
37.9717	-5.85008
37.9817	-5.85401
37.9917	-5.85793
38.0016	-5.86186
38.0116	-5.86579
38.0216	-5.86973
38.0316	-5.87366
38.0416	-5.8776
38.0516	-5.88153
38.0615	-5.88547
38.0715	-5.88941
38.0815	-5.89335
38.0915	-5.89729
38.1015	-5.90124
38.1114	-5.90518
38.1214	-5.90913
38.1314	-5.91307
38.1414	-5.91702
38.1514	-5.92097
38.1614	-5.92493
38.1713	-5.92888
38.1813	-5.93283
38.1913	-5.93679
38.2013	-5.94075
38.2113	-5.94471
38.2212	-5.94867
38.2312	-5.95263
38.2412	-5.95659
38.2512	-5.96056
38.2612	-5.96452
38.2712	-5.96849
38.2811	-5.97246
38.2911	-5.97643
38.3011	-5.9804
38.3111	-5.98437
38.3211	-5.98835
38.331	-5.99232
38.341	-5.9963
38.351	-6.00028
38.361	-6.00426
38.371	-6.00824
38.381	-6.01222
38.3909	-6.01621
38.4009	-6.02019
38.4109	-6.02418
38.4209	-6.02817
38.4309	-6.03216
38.4408	-6.03615
38.4508	-6.04014
38.4608	-6.04413
38.4708	-6.04813
38.4808	-6.05212
38.4908	-6.05612
38.5007	-6.06012
38.5107	-6.06412
38.5207	-6.06812
38.5307	-6.07213
38.5407	-6.07613
38.5507	-6.08014
38.5606	-6.08414
38.5706	-6.08815
38.5806	-6.09216
38.5906	-6.09617
38.6006	-6.10019
38.6105	-6.1042
38.6205	-6.10822
38.6305	-6.11223
38.6405	-6.11625
38.6505	-6.12027
38.6605	-6.12429
38.6704	-6.12832
38.6804	-6.13234
38.6904	-6.13636
38.7004	-6.14039
38.7104	-6.14442
38.7203	-6.14845
38.7303	-6.15248
38.7403	-6.15651
38.7503	-6.16054
38.7603	-6.16458
38.7703	-6.16862
38.7802	-6.17265
38.7902	-6.17669
38.8002	-6.18073
38.8102	-6.18477
38.8202	-6.18882
38.8301	-6.19286
38.8401	-6.19691
38.8501	-6.20095
38.8601	-6.205
38.8701	-6.20905
38.8801	-6.2131
38.89	-6.21716
38.9	-6.22121
38.91	-6.22526
38.92	-6.22932
38.93	-6.23338
38.9399	-6.23744
38.9499	-6.2415
38.9599	-6.24556
38.9699	-6.24962
38.9799	-6.25369
38.9899	-6.25775
38.9998	-6.26182
39.0098	-6.26589
39.0198	-6.26996
39.0298	-6.27403
39.0398	-6.27811
39.0497	-6.28218
39.0597	-6.28625
39.0697	-6.29033
39.0797	-6.29441
39.0897	-6.29849
39.0997	-6.30257
39.1096	-6.30665
39.1196	-6.31074
39.1296	-6.31482
39.1396	-6.31891
39.1496	-6.32299
39.1596	-6.32708
39.1695	-6.33117
39.1795	-6.33526
39.1895	-6.33936
39.1995	-6.34345
39.2095	-6.34755
39.2194	-6.35164
39.2294	-6.35574
39.2394	-6.35984
39.2494	-6.36394
39.2594	-6.36805
39.2694	-6.37215
39.2793	-6.37625
39.2893	-6.38036
39.2993	-6.38447
39.3093	-6.38858
39.3193	-6.39269
39.3292	-6.3968
39.3392	-6.40091
39.3492	-6.40503
39.3592	-6.40914
39.3692	-6.41326
39.3792	-6.41738
39.3891	-6.4215
39.3991	-6.42562
39.4091	-6.42974
39.4191	-6.43386
39.4291	-6.43799
39.439	-6.44211
39.449	-6.44624
39.459	-6.45037
39.469	-6.4545
39.479	-6.45863
39.489	-6.46276
39.4989	-6.4669
39.5089	-6.47103
39.5189	-6.47517
39.5289	-6.47931
39.5389	-6.48345
39.5488	-6.48759
39.5588	-6.49173
39.5688	-6.49587
39.5788	-6.50002
39.5888	-6.50417
39.5988	-6.50831
39.6087	-6.51246
39.6187	-6.51661
39.6287	-6.52076
39.6387	-6.52492
39.6487	-6.52907
39.6587	-6.53322
39.6686	-6.53738
39.6786	-6.54154
39.6886	-6.5457
39.6986	-6.54986
39.7086	-6.55402
39.7185	-6.55818
39.7285	-6.56235
39.7385	-6.56651
39.7485	-6.57068
39.7585	-6.57485
39.7685	-6.57902
39.7784	-6.58319
39.7884	-6.58736
39.7984	-6.59153
39.8084	-6.59571
39.8184	-6.59989
39.8283	-6.60406
39.8383	-6.60824
39.8483	-6.61242
39.8583	-6.6166
39.8683	-6.62079
39.8783	-6.62497
39.8882	-6.62915
39.8982	-6.63334
39.9082	-6.63753
39.9182	-6.64172
39.9282	-6.64591
39.9381	-6.6501
39.9481	-6.65429
39.9581	-6.65849
39.9681	-6.66268
39.9781	-6.66688
39.9881	-6.67108
39.998	-6.67528
