Freq_GHz	r_meas	x_meas	r_model	x_model	R_meas_ohm	X_meas_ohm	R_model_ohm	X_model_ohm
0.01	4.04528	0.0550636	3.99997	-0.0102631	202.264	2.75318	199.999	-0.513156
0.20995	4.07406	-0.247656	3.98752	-0.214768	203.703	-12.3828	199.376	-10.7384
0.4099	4.01777	-0.495743	3.95287	-0.415469	200.888	-24.7871	197.643	-20.7734
0.60985	3.9378	-0.725292	3.89718	-0.60896	196.89	-36.2646	194.859	-30.448
0.8098	3.83984	-0.943027	3.82229	-0.792232	191.992	-47.1513	191.115	-39.6116
1.00975	3.71285	-1.12669	3.73053	-0.96281	185.642	-56.3347	186.527	-48.1405
1.2097	3.57632	-1.297	3.62457	-1.11883	178.816	-64.8499	181.228	-55.9415
1.40965	3.43164	-1.44899	3.50722	-1.25907	171.582	-72.4494	175.361	-62.9534
1.6096	3.26594	-1.57504	3.38132	-1.38291	163.297	-78.7519	169.066	-69.1453
1.80955	3.10001	-1.6789	3.24956	-1.49028	155	-83.9451	162.478	-74.5138
2.0095	2.93796	-1.75857	3.1144	-1.58156	146.898	-87.9283	155.72	-79.0781
2.20945	2.77334	-1.82019	2.97801	-1.65751	138.667	-91.0097	148.9	-82.8753
2.4094	2.62643	-1.8573	2.84221	-1.71911	131.321	-92.8648	142.11	-85.9553
2.60935	2.48591	-1.90042	2.70852	-1.76752	124.295	-95.0208	135.426	-88.3758
2.8093	2.34191	-1.90975	2.57813	-1.80399	117.096	-95.4877	128.907	-90.1994
3.00925	2.21206	-1.92832	2.45195	-1.82979	110.603	-96.4158	122.597	-91.4895
3.2092	2.0842	-1.92611	2.33061	-1.84616	104.21	-96.3054	116.531	-92.3082
3.40915	1.96627	-1.92693	2.21457	-1.8543	98.3135	-96.3463	110.728	-92.715
3.6091	1.84468	-1.91105	2.10407	-1.8553	92.2342	-95.5526	105.203	-92.7651
3.80905	1.74329	-1.88459	1.99922	-1.85019	87.1647	-94.2293	99.9611	-92.5093
4.009	1.6416	-1.86692	1.90003	-1.83987	82.0798	-93.346	95.0016	-91.9934
4.20895	1.55548	-1.83796	1.80641	-1.82517	77.7739	-91.8979	90.3205	-91.2583
4.4089	1.46859	-1.81272	1.71821	-1.8068	73.4293	-90.6359	85.9103	-90.34
4.60885	1.39033	-1.77618	1.63522	-1.78541	69.5167	-88.8092	81.7612	-89.2704
4.8088	1.31807	-1.75154	1.55724	-1.76154	65.9037	-87.5768	77.8619	-88.0771
5.00875	1.24907	-1.71825	1.484	-1.73568	62.4535	-85.9126	74.2001	-86.7838
5.2087	1.18882	-1.68581	1.41526	-1.70822	59.4408	-84.2906	70.763	-85.4112
5.40865	1.12616	-1.64945	1.35076	-1.67954	56.3081	-82.4726	67.5378	-83.9768
5.6086	1.07186	-1.61453	1.29024	-1.64992	53.593	-80.7265	64.5118	-82.4958
5.80855	1.02059	-1.58485	1.23345	-1.61962	51.0295	-79.2426	61.6724	-80.9808
6.0085	0.974985	-1.54408	1.18016	-1.58885	48.7493	-77.2041	59.0078	-79.4426
6.20845	0.930088	-1.51426	1.13013	-1.55781	46.5044	-75.7128	56.5063	-77.8903
6.4084	0.887316	-1.47597	1.08314	-1.52663	44.3658	-73.7985	54.1572	-76.3315
6.60835	0.851352	-1.44852	1.039	-1.49545	42.5676	-72.4258	51.9502	-74.7726
6.8083	0.81328	-1.41004	0.997511	-1.46438	40.664	-70.5018	49.8756	-73.2188
7.00825	0.781319	-1.38095	0.958486	-1.43349	39.066	-69.0474	47.9243	-71.6744
7.2082	0.74813	-1.34953	0.921759	-1.40286	37.4065	-67.4763	46.088	-70.143
7.40815	0.718593	-1.31702	0.887174	-1.37255	35.9297	-65.8512	44.3587	-68.6275
7.6081	0.691045	-1.2868	0.854583	-1.3426	34.5522	-64.34	42.7291	-67.1302
7.80805	0.664864	-1.25582	0.823851	-1.31306	33.2432	-62.7909	41.1925	-65.6529
8.008	0.64206	-1.22972	0.794851	-1.28394	32.103	-61.486	39.7426	-64.197
8.20795	0.617027	-1.1988	0.767467	-1.25527	30.8513	-59.9398	38.3734	-62.7637
8.4079	0.597028	-1.17271	0.741591	-1.22707	29.8514	-58.6353	37.0795	-61.3536
8.60785	0.573467	-1.1455	0.717121	-1.19935	28.6733	-57.2751	35.8561	-59.9673
8.8078	0.556358	-1.1179	0.693965	-1.1721	27.8179	-55.8949	34.6983	-58.6052
9.00775	0.536618	-1.0936	0.672037	-1.14535	26.8309	-54.6798	33.6019	-57.2673
9.2077	0.521242	-1.0683	0.651257	-1.11908	26.0621	-53.4148	32.5628	-55.9538
9.40765	0.504138	-1.04383	0.631551	-1.09329	25.2069	-52.1917	31.5775	-54.6646
9.6076	0.488931	-1.01934	0.61285	-1.06799	24.4466	-50.9669	30.6425	-53.3993
9.80755	0.476277	-0.994909	0.59509	-1.04316	23.8139	-49.7454	29.7545	-52.1579
10.0075	0.459751	-0.974681	0.578214	-1.0188	22.9875	-48.7341	28.9107	-50.9399
10.2074	0.450487	-0.950077	0.562166	-0.994898	22.5244	-47.5039	28.1083	-49.7449
10.4074	0.435867	-0.929357	0.546896	-0.971451	21.7934	-46.4678	27.3448	-48.5725
10.6074	0.42606	-0.905476	0.532355	-0.948447	21.303	-45.2738	26.6178	-47.4224
10.8073	0.413541	-0.887946	0.518501	-0.925877	20.677	-44.3973	25.9251	-46.2939
11.0073	0.403144	-0.865527	0.505293	-0.903731	20.1572	-43.2764	25.2647	-45.1866
11.2072	0.394113	-0.846759	0.492693	-0.881999	19.7057	-42.338	24.6346	-44.0999
11.4071	0.383883	-0.825841	0.480665	-0.860669	19.1941	-41.292	24.0333	-43.0335
11.6071	0.373882	-0.8046	0.469177	-0.839733	18.6941	-40.23	23.4588	-41.9867
11.8071	0.364684	-0.790026	0.458198	-0.819179	18.2342	-39.5013	22.9099	-40.959
12.007	0.355813	-0.767728	0.447699	-0.798998	17.7907	-38.3864	22.3849	-39.9499
12.207	0.349513	-0.753916	0.437653	-0.779179	17.4757	-37.6958	21.8827	-38.9589
12.4069	0.338636	-0.731207	0.428037	-0.759712	16.9318	-36.5604	21.4018	-37.9856
12.6068	0.334299	-0.720375	0.418826	-0.740587	16.7149	-36.0188	20.9413	-37.0293
12.8068	0.325194	-0.696256	0.409998	-0.721794	16.2597	-34.8128	20.4999	-36.0897
13.0068	0.318732	-0.6821	0.401533	-0.703325	15.9366	-34.105	20.0767	-35.1662
13.2067	0.312159	-0.663596	0.393413	-0.685168	15.6079	-33.1798	19.6707	-34.2584
13.4067	0.305298	-0.647819	0.385619	-0.667317	15.2649	-32.391	19.281	-33.3658
13.6066	0.301202	-0.632417	0.378134	-0.649761	15.0601	-31.6209	18.9067	-32.488
13.8065	0.294273	-0.614859	0.370943	-0.632492	14.7136	-30.7429	18.5472	-31.6246
14.0065	0.291115	-0.601082	0.364031	-0.615502	14.5557	-30.0541	18.2015	-30.7751
14.2065	0.282932	-0.584273	0.357384	-0.598782	14.1466	-29.2136	17.8692	-29.9391
14.4064	0.280316	-0.570686	0.350988	-0.582325	14.0158	-28.5343	17.5494	-29.1162
14.6064	0.273384	-0.55513	0.344832	-0.566122	13.6692	-27.7565	17.2416	-28.3061
14.8063	0.271101	-0.539539	0.338904	-0.550167	13.5551	-26.9769	16.9452	-27.5084
15.0062	0.264944	-0.525133	0.333194	-0.534453	13.2472	-26.2566	16.6597	-26.7226
15.2062	0.260651	-0.510141	0.32769	-0.518971	13.0325	-25.5071	16.3845	-25.9486
15.4062	0.256409	-0.497555	0.322383	-0.503717	12.8205	-24.8778	16.1192	-25.1858
15.6061	0.253061	-0.48205	0.317265	-0.488682	12.6531	-24.1025	15.8632	-24.4341
15.8061	0.250193	-0.468556	0.312326	-0.473861	12.5096	-23.4278	15.6163	-23.693
16.006	0.245024	-0.455293	0.307558	-0.459247	12.2512	-22.7646	15.3779	-22.9624
16.206	0.243433	-0.442181	0.302954	-0.444835	12.1717	-22.1091	15.1477	-22.2418
16.4059	0.237839	-0.428811	0.298506	-0.430619	11.8919	-21.4406	14.9253	-21.531
16.6059	0.236784	-0.416466	0.294207	-0.416593	11.8392	-20.8233	14.7104	-20.8297
16.8058	0.233259	-0.403371	0.290052	-0.402753	11.663	-20.1686	14.5026	-20.1376
17.0057	0.229923	-0.389717	0.286033	-0.389092	11.4962	-19.4858	14.3016	-19.4546
17.2057	0.226887	-0.378425	0.282145	-0.375605	11.3443	-18.9213	14.1072	-18.7803
17.4057	0.223835	-0.366992	0.278382	-0.362289	11.1917	-18.3496	13.9191	-18.1145
17.6056	0.223788	-0.354029	0.27474	-0.349138	11.1894	-17.7015	13.737	-17.4569
17.8056	0.219518	-0.341749	0.271213	-0.336148	10.9759	-17.0875	13.5606	-16.8074
18.0055	0.218249	-0.329995	0.267796	-0.323314	10.9125	-16.4998	13.3898	-16.1657
18.2054	0.215608	-0.319583	0.264485	-0.310632	10.7804	-15.9791	13.2242	-15.5316
18.4054	0.213885	-0.306368	0.261275	-0.298098	10.6942	-15.3184	13.0638	-14.9049
18.6054	0.211334	-0.295697	0.258163	-0.285709	10.5667	-14.7849	12.9082	-14.2854
18.8053	0.208153	-0.284343	0.255145	-0.273459	10.4076	-14.2172	12.7573	-13.673
19.0053	0.208046	-0.273459	0.252217	-0.261346	10.4023	-13.673	12.6108	-13.0673
19.2052	0.204679	-0.262387	0.249375	-0.249366	10.234	-13.1193	12.4688	-12.4683
19.4051	0.203432	-0.249704	0.246617	-0.237515	10.1716	-12.4852	12.3308	-11.8758
19.6051	0.201203	-0.241499	0.243938	-0.225791	10.0602	-12.0749	12.1969	-11.2895
19.8051	0.199253	-0.227551	0.241336	-0.214189	9.96265	-11.3776	12.0668	-10.7094
20.005	0.197936	-0.220491	0.238809	-0.202707	9.89679	-11.0246	11.9404	-10.1353
20.205	0.196806	-0.206565	0.236353	-0.191341	9.84032	-10.3282	11.8176	-9.56707
20.4049	0.195386	-0.198196	0.233965	-0.18009	9.76929	-9.90979	11.6982	-9.00448
20.6048	0.193749	-0.186661	0.231643	-0.168949	9.68745	-9.33306	11.5822	-8.44743
20.8048	0.192366	-0.176714	0.229386	-0.157916	9.61831	-8.83571	11.4693	-7.89579
21.0048	0.192931	-0.166223	0.227189	-0.146988	9.64655	-8.31117	11.3595	-7.34942
21.2047	0.189824	-0.153683	0.225052	-0.136164	9.49119	-7.68413	11.2526	-6.80818
21.4047	0.189803	-0.144523	0.222972	-0.125439	9.49014	-7.22614	11.1486	-6.27196
21.6046	0.18519	-0.135983	0.220948	-0.114812	9.25949	-6.79917	11.0474	-5.74062
21.8045	0.190093	-0.123973	0.218976	-0.104281	9.50466	-6.19867	10.9488	-5.21406
22.0045	0.184233	-0.113647	0.217056	-0.0938432	9.21166	-5.68233	10.8528	-4.69216
22.2045	0.187299	-0.102544	0.215186	-0.0834961	9.36493	-5.12722	10.7593	-4.17481
22.4044	0.182818	-0.0953862	0.213363	-0.0732378	9.14088	-4.76931	10.6682	-3.66189
22.6044	0.185612	-0.0815207	0.211587	-0.0630662	9.28058	-4.07604	10.5794	-3.15331
22.8043	0.182661	-0.0761572	0.209856	-0.0529792	9.13307	-3.80786	10.4928	-2.64896
23.0042	0.180807	-0.0635105	0.208168	-0.0429749	9.04035	-3.17552	10.4084	-2.14875
23.2042	0.181616	-0.054497	0.206522	-0.0330514	9.08081	-2.72485	10.3261	-1.65257
23.4042	0.179095	-0.0457447	0.204916	-0.0232068	8.95477	-2.28723	10.2458	-1.16034
23.6041	0.18089	-0.0351427	0.20335	-0.0134394	9.04448	-1.75713	10.1675	-0.67197
23.8041	0.178965	-0.0269347	0.201821	-0.00374732	8.94826	-1.34673	10.0911	-0.187366
24.004	0.179229	-0.0156628	0.200329	0.00587107	8.96147	-0.783142	10.0165	0.293553
24.2039	0.178856	-0.00769761	0.198873	0.0154174	8.94278	-0.384881	9.94366	0.770871
24.4039	0.177842	0.00311796	0.197451	0.0248933	8.89212	0.155898	9.87257	1.24467
24.6039	0.1784	0.0132742	0.196063	0.0343004	8.92	0.663711	9.80315	1.71502
24.8038	0.175083	0.0214055	0.194707	0.0436401	8.75415	1.07028	9.73535	2.182
25.0038	0.177708	0.0312995	0.193382	0.0529139	8.88541	1.56498	9.66911	2.64569
25.2037	0.176991	0.0395802	0.192088	0.0621232	8.84957	1.97901	9.6044	3.10616
25.4036	0.177161	0.0530131	0.190823	0.0712694	8.85806	2.65065	9.54115	3.56347
25.6036	0.176826	0.058467	0.189587	0.0803539	8.8413	2.92335	9.47934	4.0177
25.8036	0.174186	0.0717933	0.188378	0.089378	8.70928	3.58967	9.41891	4.4689
26.0035	0.176627	0.0758355	0.187197	0.098343	8.83136	3.79178	9.35983	4.91715
26.2035	0.17478	0.0897605	0.186041	0.10725	8.73901	4.48802	9.30206	5.3625
26.4034	0.176735	0.0974697	0.184911	0.1161	8.83674	4.87349	9.24555	5.80502
26.6033	0.174089	0.107753	0.183805	0.124895	8.70444	5.38767	9.19027	6.24476
26.8033	0.1764	0.116252	0.182724	0.133636	8.82002	5.8126	9.13619	6.68179
27.0033	0.175089	0.122384	0.181665	0.142323	8.75444	6.11918	9.08327	7.11615
27.2032	0.176476	0.136363	0.180629	0.150958	8.8238	6.81817	9.03147	7.5479
27.4032	0.17526	0.142653	0.179616	0.159542	8.76298	7.13264	8.98078	7.9771
27.6031	0.174311	0.150491	0.178623	0.168076	8.71553	7.52455	8.93115	8.40379
27.803	0.17765	0.160279	0.177651	0.176561	8.88252	8.01395	8.88255	8.82803
28.003	0.17632	0.167042	0.176699	0.184997	8.81601	8.35208	8.83496	9.24986
28.203	0.17728	0.180532	0.175767	0.193387	8.86398	9.02659	8.78835	9.66934
28.4029	0.1768	0.1846	0.174854	0.20173	8.84002	9.23002	8.7427	10.0865
28.6029	0.176737	0.199332	0.173959	0.210028	8.83684	9.96662	8.69797	10.5014
28.8028	0.180209	0.206817	0.173083	0.218281	9.01046	10.3408	8.65414	10.9141
29.0027	0.173544	0.217549	0.172224	0.226491	8.6772	10.8775	8.61119	11.3246
29.2027	0.183332	0.225512	0.171382	0.234659	9.16661	11.2756	8.56909	11.7329
29.4027	0.175757	0.23324	0.170557	0.242784	8.78785	11.662	8.52783	12.1392
29.6026	0.185459	0.246235	0.169747	0.250868	9.27295	12.3118	8.48737	12.5434
29.8026	0.179457	0.252556	0.168954	0.258911	8.97287	12.6278	8.44771	12.9456
30.0025	0.181701	0.265472	0.168176	0.266916	9.08507	13.2736	8.40881	13.3458
30.2024	0.178217	0.267239	0.167413	0.274881	8.91086	13.362	8.37066	13.744
30.4024	0.181433	0.276052	0.166665	0.282808	9.07167	13.8026	8.33324	14.1404
30.6024	0.18568	0.292299	0.165931	0.290697	9.28401	14.6149	8.29653	14.5349
30.8023	0.178274	0.294116	0.16521	0.29855	8.91372	14.7058	8.26051	14.9275
31.0023	0.179608	0.305264	0.164503	0.306367	8.98042	15.2632	8.22517	15.3184
31.2022	0.183856	0.298386	0.16381	0.314148	9.19281	14.9193	8.19049	15.7074
31.4021	0.189553	0.327181	0.163129	0.321895	9.47764	16.359	8.15644	16.0947
31.6021	0.190174	0.32567	0.162461	0.329607	9.50872	16.2835	8.12303	16.4804
31.8021	0.18009	0.345298	0.161804	0.337286	9.00451	17.2649	8.09022	16.8643
32.002	0.190611	0.334845	0.16116	0.344932	9.53054	16.7423	8.05801	17.2466
32.2019	0.191446	0.362359	0.160528	0.352545	9.57228	18.118	8.02639	17.6273
32.4019	0.190094	0.367469	0.159907	0.360127	9.50469	18.3734	7.99533	18.0063
32.6018	0.190928	0.374556	0.159296	0.367677	9.54641	18.7278	7.96482	18.3839
32.8018	0.192287	0.387425	0.158697	0.375197	9.61433	19.3713	7.93485	18.7598
33.0018	0.199908	0.393698	0.158108	0.382686	9.99541	19.6849	7.90541	19.1343
33.2017	0.188321	0.409956	0.15753	0.390146	9.41606	20.4978	7.87649	19.5073
33.4016	0.200488	0.414314	0.156961	0.397576	10.0244	20.7157	7.84807	19.8788
33.6016	0.187923	0.422485	0.156403	0.404978	9.39616	21.1243	7.82014	20.2489
33.8015	0.203792	0.43432	0.155854	0.412352	10.1896	21.716	7.79269	20.6176
34.0015	0.189223	0.435739	0.155314	0.419698	9.46117	21.787	7.76571	20.9849
34.2015	0.197274	0.458672	0.154784	0.427016	9.8637	22.9336	7.73919	21.3508
34.4014	0.187642	0.450312	0.154262	0.434308	9.38211	22.5156	7.71312	21.7154
34.6013	0.195672	0.46437	0.15375	0.441574	9.78362	23.2185	7.68748	22.0787
34.8013	0.206777	0.470993	0.153245	0.448813	10.3388	23.5497	7.66227	22.4407
35.0012	0.192088	0.489125	0.15275	0.456027	9.6044	24.4563	7.63748	22.8014
35.2012	0.200129	0.499141	0.152262	0.463216	10.0064	24.9571	7.61309	23.1608
35.4012	0.178804	0.484924	0.151782	0.470381	8.94018	24.2462	7.58911	23.519
35.6011	0.215454	0.506402	0.15131	0.477521	10.7727	25.3201	7.56552	23.876
35.801	0.197177	0.51482	0.150846	0.484637	9.85887	25.741	7.54231	24.2318
36.001	0.206124	0.545759	0.150389	0.491729	10.3062	27.288	7.51947	24.5865
36.2009	0.203363	0.539686	0.14994	0.498799	10.1682	26.9843	7.497	24.9399
36.4009	0.204247	0.559082	0.149498	0.505846	10.2124	27.9541	7.47489	25.2923
36.6009	0.217868	0.567657	0.149063	0.51287	10.8934	28.3828	7.45313	25.6435
36.8008	0.20685	0.582856	0.148634	0.519872	10.3425	29.1428	7.43171	25.9936
37.0007	0.216652	0.595126	0.148212	0.526852	10.8326	29.7563	7.41062	26.3426
37.2007	0.20997	0.598457	0.147797	0.533812	10.4985	29.9229	7.38987	26.6906
37.4006	0.213034	0.615096	0.147389	0.54075	10.6517	30.7548	7.36943	27.0375
37.6006	0.225506	0.618029	0.146986	0.547667	11.2753	30.9015	7.34931	27.3833
37.8006	0.208138	0.637524	0.14659	0.554564	10.4069	31.8762	7.3295	27.7282
38.0005	0.223365	0.642733	0.1462	0.561441	11.1683	32.1367	7.30999	28.072
38.2004	0.209855	0.649926	0.145815	0.568297	10.4927	32.4963	7.29077	28.4149
38.4004	0.220211	0.664284	0.145437	0.575135	11.0106	33.2142	7.27185	28.7567
38.6003	0.217056	0.657969	0.145064	0.581953	10.8528	32.8985	7.2532	29.0977
38.8003	0.219983	0.695443	0.144697	0.588752	10.9992	34.7721	7.23484	29.4376
39.0003	0.223959	0.676682	0.144335	0.595533	11.198	33.8341	7.21674	29.7767
39.2002	0.226889	0.725495	0.143978	0.602295	11.3444	36.2748	7.19892	30.1148
39.4001	0.231871	0.713982	0.143627	0.60904	11.5935	35.6991	7.18135	30.452
39.6001	0.234456	0.739015	0.143281	0.615766	11.7228	36.9507	7.16404	30.7883
39.8	0.238991	0.743565	0.14294	0.622475	11.9495	37.1783	7.14698	31.1237
40	0.242762	0.756467	0.142603	0.629166	12.1381	37.8233	7.13017	31.4583
