Freq_GHz	r_meas	x_meas	r_model	x_model	R_meas_ohm	X_meas_ohm	R_model_ohm	X_model_ohm
0.01	835.884	797.494	0.108962	-1494.62	41794.2	39874.7	5.44808	-74731.1
0.20995	-2.15915	-70.7419	0.108962	-71.1843	-107.958	-3537.09	5.44808	-3559.22
0.4099	-0.412962	-36.1129	0.108962	-36.453	-20.6481	-1805.64	5.44808	-1822.65
0.60985	-0.0503574	-24.3262	0.108961	-24.493	-2.51787	-1216.31	5.44807	-1224.65
0.8098	-0.0786482	-18.2627	0.108961	-18.4367	-3.93241	-913.137	5.44806	-921.837
1.00975	0.0675169	-14.6346	0.108961	-14.777	3.37584	-731.729	5.44806	-738.851
1.2097	0.123801	-12.2251	0.108961	-12.3255	6.19005	-611.253	5.44805	-616.275
1.40965	0.0803667	-10.51	0.108961	-10.5681	4.01834	-525.498	5.44803	-528.403
1.6096	0.0751034	-9.18452	0.10896	-9.24601	3.75517	-459.226	5.44802	-462.3
1.80955	0.0818595	-8.15627	0.10896	-8.21504	4.09298	-407.813	5.44801	-410.752
2.0095	0.0879208	-7.34228	0.10896	-7.38826	4.39604	-367.114	5.44799	-369.413
2.20945	0.0986733	-6.67265	0.108959	-6.71023	4.93366	-333.632	5.44797	-335.511
2.4094	0.112229	-6.12107	0.108959	-6.14392	5.61144	-306.053	5.44795	-307.196
2.60935	0.0915556	-5.6582	0.108959	-5.66364	4.57778	-282.91	5.44793	-283.182
2.8093	0.106792	-5.25284	0.108958	-5.25103	5.33959	-262.642	5.4479	-262.551
3.00925	0.0924696	-4.89908	0.108957	-4.89259	4.62348	-244.954	5.44787	-244.63
3.2092	0.0899547	-4.58806	0.108957	-4.57821	4.49773	-229.403	5.44785	-228.911
3.40915	0.0807575	-4.3121	0.108956	-4.30013	4.03787	-215.605	5.44782	-215.006
3.6091	0.079247	-4.06081	0.108956	-4.05231	3.96235	-203.04	5.44778	-202.615
3.80905	0.0856719	-3.8408	0.108955	-3.82999	4.2836	-192.04	5.44775	-191.5
4.009	0.0830213	-3.64306	0.108954	-3.62936	4.15107	-182.153	5.44772	-181.468
4.20895	0.0775652	-3.46284	0.108954	-3.44732	3.87826	-173.142	5.44768	-172.366
4.4089	0.0805148	-3.29886	0.108953	-3.28135	4.02574	-164.943	5.44764	-164.067
4.60885	0.0819696	-3.14577	0.108952	-3.12935	4.09848	-157.288	5.4476	-156.467
4.8088	0.0759133	-3.01387	0.108951	-2.98958	3.79566	-150.693	5.44756	-149.479
5.00875	0.0766789	-2.88338	0.10895	-2.86057	3.83394	-144.169	5.44751	-143.029
5.2087	0.0744614	-2.76492	0.108949	-2.7411	3.72307	-138.246	5.44747	-137.055
5.40865	0.0736031	-2.65297	0.108948	-2.63009	3.68016	-132.648	5.44742	-131.504
5.6086	0.0737348	-2.55203	0.108947	-2.52664	3.68674	-127.601	5.44737	-126.332
5.80855	0.0716581	-2.45668	0.108946	-2.42998	3.58291	-122.834	5.44732	-121.499
6.0085	0.0727655	-2.36675	0.108945	-2.33942	3.63828	-118.337	5.44726	-116.971
6.20845	0.0740447	-2.28465	0.108944	-2.25438	3.70223	-114.233	5.44721	-112.719
6.4084	0.0766279	-2.20237	0.108943	-2.17434	3.83139	-110.119	5.44715	-108.717
6.60835	0.0749275	-2.1319	0.108942	-2.09884	3.74637	-106.595	5.44709	-104.942
6.8083	0.0755637	-2.05838	0.108941	-2.02749	3.77818	-102.919	5.44703	-101.375
7.00825	0.0746002	-1.99325	0.108939	-1.95993	3.73001	-99.6625	5.44697	-97.9966
7.2082	0.0729255	-1.93051	0.108938	-1.89584	3.64627	-96.5257	5.4469	-94.7922
7.40815	0.0744894	-1.86882	0.108937	-1.83495	3.72447	-93.4408	5.44684	-91.7476
7.6081	0.0740346	-1.81205	0.108935	-1.777	3.70173	-90.6027	5.44677	-88.85
7.80805	0.0758997	-1.75828	0.108934	-1.72176	3.79499	-87.9139	5.4467	-86.0882
8.008	0.0751667	-1.70735	0.108933	-1.66904	3.75833	-85.3675	5.44663	-83.452
8.20795	0.0744183	-1.65748	0.108931	-1.61865	3.72091	-82.8739	5.44655	-80.9323
8.4079	0.073435	-1.61089	0.10893	-1.57041	3.67175	-80.5447	5.44648	-78.5207
8.60785	0.0741596	-1.55168	0.108928	-1.52419	3.70798	-77.584	5.4464	-76.2096
8.8078	0.0741795	-1.51917	0.108926	-1.47985	3.70897	-75.9587	5.44632	-73.9923
9.00775	0.0736732	-1.47841	0.108925	-1.43725	3.68366	-73.9207	5.44624	-71.8625
9.2077	0.0748099	-1.43899	0.108923	-1.39629	3.7405	-71.9494	5.44616	-69.8145
9.40765	0.0737338	-1.40048	0.108922	-1.35686	3.68669	-70.024	5.44608	-67.8431
9.6076	0.0743569	-1.36253	0.10892	-1.31887	3.71785	-68.1265	5.44599	-65.9435
9.80755	0.0767997	-1.32697	0.108918	-1.28223	3.83999	-66.3486	5.4459	-64.1113
10.0075	0.0744716	-1.29167	0.108916	-1.24685	3.72358	-64.5837	5.44581	-62.3425
10.2074	0.0773872	-1.25575	0.108914	-1.21267	3.86936	-62.7876	5.44572	-60.6333
10.4074	0.0759928	-1.2238	0.108913	-1.17961	3.79964	-61.19	5.44563	-58.9803
10.6074	0.078043	-1.19653	0.108911	-1.14761	3.90215	-59.8264	5.44553	-57.3803
10.8073	0.0768429	-1.16633	0.108909	-1.11661	3.84215	-58.3167	5.44544	-55.8305
11.0073	0.0760475	-1.13712	0.108907	-1.08656	3.80238	-56.856	5.44534	-54.3279
11.2072	0.0769413	-1.10808	0.108905	-1.0574	3.84707	-55.4041	5.44524	-52.8702
11.4071	0.0778643	-1.08115	0.108903	-1.0291	3.89321	-54.0576	5.44514	-51.455
11.6071	0.0778148	-1.05264	0.108901	-1.0016	3.89074	-52.6318	5.44503	-50.0801
11.8071	0.0770569	-1.02855	0.108899	-0.974866	3.85285	-51.4275	5.44493	-48.7433
12.007	0.0779131	-0.998987	0.108896	-0.948858	3.89565	-49.9494	5.44482	-47.4429
12.207	0.0768129	-0.975938	0.108894	-0.92354	3.84065	-48.7969	5.44471	-46.177
12.4069	0.0771	-0.950352	0.108892	-0.898879	3.855	-47.5176	5.4446	-44.944
12.6068	0.0773694	-0.93066	0.10889	-0.874844	3.86847	-46.533	5.44448	-43.7422
12.8068	0.0782841	-0.9053	0.108887	-0.851406	3.9142	-45.265	5.44437	-42.5703
13.0068	0.0773785	-0.884955	0.108885	-0.828537	3.86893	-44.2478	5.44425	-41.4268
13.2067	0.0789004	-0.862461	0.108883	-0.806211	3.94502	-43.1231	5.44413	-40.3106
13.4067	0.0774352	-0.841104	0.10888	-0.784404	3.87176	-42.0552	5.44401	-39.2202
13.6066	0.0760036	-0.87916	0.108878	-0.763093	3.80018	-43.958	5.44389	-38.1547
13.8065	0.076574	-0.848349	0.108875	-0.742257	3.8287	-42.4175	5.44377	-37.1129
14.0065	0.0776964	-0.820891	0.108873	-0.721875	3.88482	-41.0445	5.44364	-36.0937
14.2065	0.0774231	-0.790914	0.10887	-0.701928	3.87115	-39.5457	5.44352	-35.0964
14.4064	0.0786953	-0.765683	0.108868	-0.682398	3.93476	-38.2841	5.44339	-34.1199
14.6064	0.0791911	-0.736747	0.108865	-0.663267	3.95955	-36.8373	5.44326	-33.1634
14.8063	0.0807911	-0.710532	0.108862	-0.64452	4.03955	-35.5266	5.44312	-32.226
15.0062	0.0814198	-0.68312	0.10886	-0.626142	4.07099	-34.156	5.44299	-31.3071
15.2062	0.082357	-0.661954	0.108857	-0.608117	4.11785	-33.0977	5.44285	-30.4058
15.4062	0.0819325	-0.644985	0.108854	-0.590432	4.09662	-32.2493	5.44271	-29.5216
15.6061	0.083236	-0.628537	0.108851	-0.573074	4.1618	-31.4269	5.44257	-28.6537
15.8061	0.0835566	-0.612382	0.108849	-0.55603	4.17783	-30.6191	5.44243	-27.8015
16.006	0.0835679	-0.597512	0.108846	-0.539289	4.1784	-29.8756	5.44229	-26.9645
16.206	0.0843237	-0.582101	0.108843	-0.52284	4.21618	-29.105	5.44214	-26.142
16.4059	0.0840122	-0.566116	0.10884	-0.506671	4.20061	-28.3058	5.442	-25.3336
16.6059	0.0856431	-0.550971	0.108837	-0.490773	4.28215	-27.5486	5.44185	-24.5387
16.8058	0.0856475	-0.535245	0.108834	-0.475136	4.28237	-26.7622	5.4417	-23.7568
17.0057	0.0861688	-0.519146	0.108831	-0.459751	4.30844	-25.9573	5.44154	-22.9876
17.2057	0.0865531	-0.505154	0.108828	-0.444609	4.32766	-25.2577	5.44139	-22.2305
17.4057	0.0869014	-0.490177	0.108825	-0.429702	4.34507	-24.5089	5.44123	-21.4851
17.6056	0.0889732	-0.475936	0.108821	-0.415021	4.44866	-23.7968	5.44107	-20.7511
17.8056	0.0886436	-0.460514	0.108818	-0.40056	4.43218	-23.0257	5.44091	-20.028
18.0055	0.090313	-0.447316	0.108815	-0.38631	4.51565	-22.3658	5.44075	-19.3155
18.2054	0.0901286	-0.433086	0.108812	-0.372264	4.50643	-21.6543	5.44059	-18.6132
18.4054	0.0914831	-0.419697	0.108808	-0.358417	4.57415	-20.9849	5.44042	-17.9209
18.6054	0.0914343	-0.405985	0.108805	-0.344762	4.57171	-20.2992	5.44026	-17.2381
18.8053	0.0922219	-0.392024	0.108802	-0.331292	4.6111	-19.6012	5.44009	-16.5646
19.0053	0.0930431	-0.37956	0.108798	-0.318002	4.65216	-18.978	5.43992	-15.9001
19.2052	0.0932006	-0.365919	0.108795	-0.304886	4.66003	-18.296	5.43975	-15.2443
19.4051	0.0949723	-0.35285	0.108791	-0.291939	4.74862	-17.6425	5.43957	-14.5969
19.6051	0.0942363	-0.340639	0.108788	-0.279155	4.71181	-17.0319	5.4394	-13.9577
19.8051	0.0957723	-0.327303	0.108784	-0.26653	4.78861	-16.3652	5.43922	-13.3265
20.005	0.0957204	-0.315564	0.108781	-0.254059	4.78602	-15.7782	5.43904	-12.7029
20.205	0.0976033	-0.302349	0.108777	-0.241737	4.88017	-15.1174	5.43886	-12.0868
20.4049	0.0981481	-0.290494	0.108773	-0.22956	4.9074	-14.5247	5.43867	-11.478
20.6048	0.0984189	-0.278136	0.10877	-0.217523	4.92094	-13.9068	5.43849	-10.8762
20.8048	0.0990814	-0.266269	0.108766	-0.205623	4.95407	-13.3134	5.4383	-10.2812
21.0048	0.100653	-0.254457	0.108762	-0.193856	5.03264	-12.7229	5.43811	-9.69282
21.2047	0.101399	-0.241395	0.108758	-0.182218	5.06993	-12.0698	5.43792	-9.11092
21.4047	0.102234	-0.230244	0.108755	-0.170706	5.11169	-11.5122	5.43773	-8.53528
21.6046	0.102016	-0.218405	0.108751	-0.159315	5.10082	-10.9202	5.43754	-7.96574
21.8045	0.105039	-0.207472	0.108747	-0.148042	5.25197	-10.3736	5.43734	-7.40212
22.0045	0.104347	-0.194734	0.108743	-0.136885	5.21737	-9.73669	5.43714	-6.84427
22.2045	0.106475	-0.183881	0.108739	-0.125841	5.32376	-9.19403	5.43694	-6.29203
22.4044	0.105833	-0.172765	0.108735	-0.114905	5.29166	-8.63823	5.43674	-5.74524
22.6044	0.108196	-0.161232	0.108731	-0.104075	5.40981	-8.0616	5.43654	-5.20377
22.8043	0.108202	-0.150903	0.108727	-0.0933494	5.41009	-7.54514	5.43634	-4.66747
23.0042	0.109231	-0.139201	0.108723	-0.0827243	5.46157	-6.96006	5.43613	-4.13621
23.2042	0.110523	-0.128491	0.108718	-0.0721973	5.52616	-6.42453	5.43592	-3.60986
23.4042	0.110748	-0.11811	0.108714	-0.0617659	5.53742	-5.90551	5.43571	-3.0883
23.6041	0.112873	-0.106864	0.10871	-0.0514278	5.64366	-5.34321	5.4355	-2.57139
23.8041	0.113347	-0.0970182	0.108706	-0.0411805	5.66734	-4.85091	5.43529	-2.05903
24.004	0.114294	-0.0856153	0.108701	-0.0310219	5.71468	-4.28077	5.43507	-1.55109
24.2039	0.115136	-0.0752956	0.108697	-0.0209497	5.75681	-3.76478	5.43485	-1.04748
24.4039	0.116315	-0.0643361	0.108693	-0.0109617	5.81574	-3.21681	5.43464	-0.548085
24.6039	0.117343	-0.054044	0.108688	-0.00105599	5.86714	-2.7022	5.43441	-0.0527995
24.8038	0.117789	-0.0439167	0.108684	0.00876949	5.88943	-2.19584	5.43419	0.438474
25.0038	0.119408	-0.0333809	0.108679	0.0185167	5.97041	-1.66904	5.43397	0.925833
25.2037	0.12006	-0.0233317	0.108675	0.0281874	6.00301	-1.16659	5.43374	1.40937
25.4036	0.121548	-0.0118551	0.10867	0.0377834	6.07742	-0.592757	5.43351	1.88917
25.6036	0.122633	-0.00251072	0.108666	0.0473066	6.13167	-0.125536	5.43328	2.36533
25.8036	0.123494	0.0089379	0.108661	0.0567586	6.17469	0.446895	5.43305	2.83793
26.0035	0.124755	0.0176309	0.108656	0.066141	6.23774	0.881543	5.43282	3.30705
26.2035	0.125181	0.0290354	0.108652	0.0754554	6.25905	1.45177	5.43259	3.77277
26.4034	0.126991	0.038865	0.108647	0.0847034	6.34957	1.94325	5.43235	4.23517
26.6033	0.127285	0.049207	0.108642	0.0938865	6.36424	2.46035	5.43211	4.69433
26.8033	0.129318	0.0590425	0.108637	0.103006	6.46588	2.95213	5.43187	5.15031
27.0033	0.129717	0.0677187	0.108633	0.112064	6.48585	3.38594	5.43163	5.60318
27.2032	0.132022	0.0794463	0.108628	0.121061	6.60111	3.97232	5.43138	6.05303
27.4032	0.132763	0.0884482	0.108623	0.129998	6.63814	4.42241	5.43114	6.4999
27.6031	0.133315	0.0981771	0.108618	0.138877	6.66577	4.90886	5.43089	6.94387
27.803	0.136414	0.107473	0.108613	0.1477	6.82068	5.37366	5.43064	7.38501
28.003	0.137204	0.116298	0.108608	0.156467	6.86021	5.81492	5.43039	7.82336
28.203	0.138157	0.127852	0.108603	0.16518	6.90784	6.39262	5.43014	8.25898
28.4029	0.138756	0.136057	0.108598	0.173839	6.93781	6.80287	5.42988	8.69195
28.6029	0.140201	0.148083	0.108593	0.182446	7.01006	7.40415	5.42963	9.12231
28.8028	0.14319	0.158098	0.108587	0.191002	7.15948	7.90488	5.42937	9.55011
29.0027	0.142147	0.168384	0.108582	0.199508	7.10735	8.4192	5.42911	9.97542
29.2027	0.147317	0.177493	0.108577	0.207965	7.36583	8.87464	5.42885	10.3983
29.4027	0.145492	0.186748	0.108572	0.216375	7.27459	9.33738	5.42859	10.8187
29.6026	0.150752	0.197391	0.108566	0.224737	7.53761	9.86957	5.42832	11.2368
29.8026	0.15011	0.206936	0.108561	0.233053	7.50552	10.3468	5.42805	11.6526
30.0025	0.152033	0.216773	0.108556	0.241324	7.60167	10.8386	5.42778	12.0662
30.2024	0.152035	0.224984	0.10855	0.24955	7.60175	11.2492	5.42751	12.4775
30.4024	0.153519	0.23287	0.108545	0.257733	7.67595	11.6435	5.42724	12.8867
30.6024	0.157187	0.245474	0.108539	0.265874	7.85936	12.2737	5.42697	13.2937
30.8023	0.154604	0.251907	0.108534	0.273973	7.73021	12.5954	5.42669	13.6987
31.0023	0.157446	0.262262	0.108528	0.282031	7.87232	13.1131	5.42642	14.1016
31.2022	0.158748	0.265869	0.108523	0.290049	7.9374	13.2935	5.42614	14.5025
31.4021	0.163019	0.281616	0.108517	0.298028	8.15093	14.0808	5.42586	14.9014
31.6021	0.164568	0.287928	0.108511	0.305968	8.22838	14.3964	5.42557	15.2984
31.8021	0.162812	0.301581	0.108506	0.313871	8.14061	15.079	5.42529	15.6935
32.002	0.166624	0.30359	0.1085	0.321736	8.33118	15.1795	5.425	16.0868
32.2019	0.168746	0.319881	0.108494	0.329564	8.43729	15.994	5.42471	16.4782
32.4019	0.168663	0.328726	0.108488	0.337357	8.43317	16.4363	5.42442	16.8679
32.6018	0.170346	0.337906	0.108483	0.345115	8.51731	16.8953	5.42413	17.2558
32.8018	0.171635	0.348003	0.108477	0.352838	8.58175	17.4001	5.42384	17.6419
33.0018	0.1774	0.356734	0.108471	0.360528	8.86998	17.8367	5.42354	18.0264
33.2017	0.173419	0.368505	0.108465	0.368184	8.67094	18.4252	5.42325	18.4092
33.4016	0.177837	0.376355	0.108459	0.375807	8.89183	18.8177	5.42295	18.7904
33.6016	0.17459	0.384994	0.108453	0.383399	8.72949	19.2497	5.42265	19.1699
33.8015	0.18245	0.395742	0.108447	0.390959	9.12252	19.7871	5.42235	19.5479
34.0015	0.175951	0.403037	0.108441	0.398488	8.79753	20.1518	5.42204	19.9244
34.2015	0.179959	0.418381	0.108435	0.405986	8.99795	20.9191	5.42174	20.2993
34.4014	0.178169	0.421353	0.108429	0.413455	8.90847	21.0677	5.42143	20.6728
34.6013	0.183067	0.433129	0.108422	0.420895	9.15337	21.6564	5.42112	21.0447
34.8013	0.186189	0.442885	0.108416	0.428305	9.30943	22.1442	5.42081	21.4153
35.0012	0.183554	0.456312	0.10841	0.435687	9.17768	22.8156	5.4205	21.7844
35.2012	0.184055	0.467005	0.108404	0.443042	9.20276	23.3502	5.42018	22.1521
35.4012	0.17999	0.468014	0.108397	0.450369	8.9995	23.4007	5.41987	22.5184
35.6011	0.194489	0.482546	0.108391	0.457669	9.72443	24.1273	5.41955	22.8834
35.801	0.187772	0.491949	0.108385	0.464942	9.38861	24.5975	5.41923	23.2471
36.001	0.193398	0.511941	0.108378	0.47219	9.66989	25.597	5.41891	23.6095
36.2009	0.192532	0.516146	0.108372	0.479412	9.62658	25.8073	5.41858	23.9706
36.4009	0.194553	0.531544	0.108365	0.486609	9.72763	26.5772	5.41826	24.3304
36.6009	0.201227	0.541811	0.108359	0.49378	10.0613	27.0905	5.41793	24.689
36.8008	0.199621	0.554776	0.108352	0.500928	9.98103	27.7388	5.4176	25.0464
37.0007	0.205147	0.567902	0.108345	0.508052	10.2574	28.3951	5.41727	25.4026
37.2007	0.203656	0.5738	0.108339	0.515152	10.1828	28.69	5.41694	25.7576
37.4006	0.208025	0.5887	0.108332	0.522229	10.4013	29.435	5.41661	26.1114
37.6006	0.213689	0.595355	0.108325	0.529283	10.6845	29.7678	5.41627	26.4641
37.8006	0.207438	0.610092	0.108319	0.536314	10.3719	30.5046	5.41593	26.8157
38.0005	0.214539	0.618172	0.108312	0.543323	10.727	30.9086	5.4156	27.1662
38.2004	0.209771	0.628927	0.108305	0.550311	10.4886	31.4464	5.41526	27.5156
38.4004	0.215815	0.638853	0.108298	0.557277	10.7907	31.9427	5.41491	27.8639
38.6003	0.217767	0.646176	0.108291	0.564222	10.8884	32.3088	5.41457	28.2111
38.8003	0.219733	0.667193	0.108284	0.571147	10.9867	33.3597	5.41422	28.5573
39.0003	0.221637	0.666282	0.108278	0.578051	11.0818	33.3141	5.41388	28.9025
39.2002	0.223663	0.694313	0.108271	0.584934	11.1831	34.7156	5.41353	29.2467
39.4001	0.228633	0.69611	0.108263	0.591798	11.4316	34.8055	5.41317	29.5899
39.6001	0.233453	0.714239	0.108256	0.598643	11.6727	35.7119	5.41282	29.9321
39.8	0.23346	0.723006	0.108249	0.605468	11.673	36.1503	5.41247	30.2734
40	0.239387	0.734596	0.108242	0.612274	11.9694	36.7298	5.41211	30.6137
