Freq_GHz	S11_meas_dB	S11_meas_deg	S11_model_dB	S11_model_deg
0.01	-23.109	-1.48696	-20.8278	-0.178361
0.20995	-23.4811	-4.89655	-20.8178	-3.7426
0.4099	-23.4682	-10.1555	-20.7895	-7.29552
0.60985	-23.331	-15.0167	-20.7434	-10.8266
0.8098	-23.1437	-19.7548	-20.6801	-14.3259
1.00975	-23.0027	-24.021	-20.6001	-17.7842
1.2097	-22.768	-28.6867	-20.5045	-21.1932
1.40965	-22.5349	-32.525	-20.3942	-24.5454
1.6096	-22.2623	-36.7755	-20.2704	-27.8349
1.80955	-21.966	-40.7147	-20.1341	-31.0566
2.0095	-21.6708	-44.3261	-19.9866	-34.2065
2.20945	-21.3576	-47.5303	-19.829	-37.2819
2.4094	-21.0725	-50.7347	-19.6626	-40.2809
2.60935	-20.7019	-53.869	-19.4885	-43.2025
2.8093	-20.4141	-56.7457	-19.3077	-46.0468
3.00925	-20.107	-59.2873	-19.1213	-48.8141
3.2092	-19.8256	-62.1543	-18.9301	-51.5056
3.40915	-19.4828	-64.3728	-18.7352	-54.1229
3.6091	-19.1465	-66.8459	-18.5371	-56.668
3.80905	-18.8874	-69.2408	-18.3367	-59.1429
4.009	-18.5355	-71.3476	-18.1346	-61.5502
4.20895	-18.2864	-73.481	-17.9313	-63.8924
4.4089	-17.967	-75.383	-17.7274	-66.1721
4.60885	-17.706	-77.4376	-17.5232	-68.392
4.8088	-17.3805	-79.0299	-17.3192	-70.5548
5.00875	-17.1361	-80.8066	-17.1157	-72.663
5.2087	-16.873	-82.4771	-16.913	-74.7194
5.40865	-16.5928	-84.162	-16.7114	-76.7264
5.6086	-16.3405	-85.7325	-16.511	-78.6864
5.80855	-16.0827	-87.1498	-16.312	-80.6018
6.0085	-15.8582	-89.015	-16.1146	-82.4747
6.20845	-15.6079	-90.1674	-15.9189	-84.3074
6.4084	-15.3791	-91.7536	-15.725	-86.1019
6.60835	-15.1654	-92.8572	-15.533	-87.86
6.8083	-14.9317	-94.6198	-15.3429	-89.5837
7.00825	-14.7147	-95.7517	-15.1548	-91.2746
7.2082	-14.4813	-97.0483	-14.9688	-92.9343
7.40815	-14.2762	-98.4491	-14.7849	-94.5645
7.6081	-14.0878	-99.7204	-14.6031	-96.1666
7.80805	-13.8704	-101.104	-14.4234	-97.7419
8.008	-13.6703	-102.116	-14.2458	-99.2917
8.20795	-13.4746	-103.473	-14.0703	-100.817
8.4079	-13.3007	-104.602	-13.8969	-102.32
8.60785	-13.0796	-105.852	-13.7256	-103.8
8.8078	-12.9205	-107.046	-13.5564	-105.259
9.00775	-12.717	-108.12	-13.3893	-106.699
9.2077	-12.5662	-109.274	-13.2242	-108.119
9.40765	-12.3845	-110.471	-13.0611	-109.52
9.6076	-12.2103	-111.535	-12.9	-110.904
9.80755	-12.0585	-112.753	-12.7409	-112.272
10.0075	-11.8711	-113.656	-12.5838	-113.623
10.2074	-11.7552	-115.031	-12.4286	-114.958
10.4074	-11.5591	-115.921	-12.2753	-116.279
10.6074	-11.424	-117.196	-12.1238	-117.586
10.8073	-11.2444	-118.077	-11.9742	-118.879
11.0073	-11.1077	-119.103	-11.8265	-120.158
11.2072	-10.9696	-120.228	-11.6805	-121.425
11.4071	-10.8192	-121.356	-11.5363	-122.68
11.6071	-10.6514	-122.518	-11.3939	-123.923
11.8071	-10.5196	-123.225	-11.2531	-125.155
12.007	-10.3546	-124.686	-11.1141	-126.375
12.207	-10.2424	-125.281	-10.9767	-127.585
12.4069	-10.0709	-126.691	-10.841	-128.785
12.6068	-9.99231	-127.279	-10.7069	-129.975
12.8068	-9.83182	-128.715	-10.5744	-131.155
13.0068	-9.69674	-129.493	-10.4434	-132.326
13.2067	-9.58283	-130.699	-10.3141	-133.487
13.4067	-9.44997	-131.585	-10.1862	-134.64
13.6066	-9.35436	-132.552	-10.0599	-135.784
13.8065	-9.20671	-133.653	-9.93507	-136.92
14.0065	-9.1246	-134.606	-9.81171	-138.048
14.2065	-8.95665	-135.663	-9.68981	-139.168
14.4064	-8.87653	-136.521	-9.56935	-140.28
14.6064	-8.73725	-137.563	-9.4503	-141.385
14.8063	-8.65995	-138.639	-9.33266	-142.482
15.0062	-8.51702	-139.699	-9.2164	-143.573
15.2062	-8.41222	-140.716	-9.1015	-144.656
15.4062	-8.30325	-141.621	-8.98796	-145.732
15.6061	-8.20995	-142.68	-8.87576	-146.802
15.8061	-8.10429	-143.675	-8.76487	-147.865
16.006	-7.98931	-144.658	-8.6553	-148.921
16.206	-7.90415	-145.631	-8.54701	-149.971
16.4059	-7.77296	-146.635	-8.44001	-151.015
16.6059	-7.71449	-147.556	-8.33426	-152.053
16.8058	-7.6017	-148.601	-8.22978	-153.085
17.0057	-7.50457	-149.67	-8.12652	-154.111
17.2057	-7.40372	-150.558	-8.0245	-155.131
17.4057	-7.30747	-151.448	-7.92369	-156.145
17.6056	-7.24718	-152.52	-7.82408	-157.153
17.8056	-7.13444	-153.538	-7.72567	-158.157
18.0055	-7.06067	-154.503	-7.62843	-159.154
18.2054	-6.96655	-155.391	-7.53236	-160.146
18.4054	-6.8816	-156.497	-7.43745	-161.133
18.6054	-6.79131	-157.331	-7.34369	-162.114
18.8053	-6.68983	-158.364	-7.25106	-163.09
19.0053	-6.63886	-159.311	-7.15956	-164.061
19.2052	-6.53351	-160.291	-7.06917	-165.027
19.4051	-6.45194	-161.367	-6.97989	-165.987
19.6051	-6.36593	-162.167	-6.89171	-166.943
19.8051	-6.28177	-163.389	-6.80462	-167.893
20.005	-6.21058	-164.024	-6.7186	-168.839
20.205	-6.13669	-165.315	-6.63365	-169.779
20.4049	-6.055	-166.118	-6.54976	-170.715
20.6048	-5.99414	-167.155	-6.46692	-171.645
20.8048	-5.91106	-168.097	-6.38511	-172.571
21.0048	-5.87382	-169.064	-6.30435	-173.492
21.2047	-5.76702	-170.256	-6.2246	-174.408
21.4047	-5.71598	-171.088	-6.14587	-175.32
21.6046	-5.61459	-172.005	-6.06815	-176.226
21.8045	-5.62114	-173.073	-5.99142	-177.128
22.0045	-5.49273	-174.039	-5.91568	-178.026
22.2045	-5.47136	-175.09	-5.84092	-178.918
22.4044	-5.34637	-175.804	-5.76713	-179.806
22.6044	-5.33923	-177.051	-5.69431	179.311
22.8043	-5.25442	-177.706	-5.62244	178.432
23.0042	-5.17886	-178.913	-5.55151	177.558
23.2042	-5.12507	-179.847	-5.48153	176.689
23.4042	-5.05921	179.359	-5.41248	175.824
23.6041	-5.04084	178.24	-5.34434	174.964
23.8041	-4.95134	177.389	-5.27712	174.108
24.004	-4.90586	176.28	-5.21081	173.257
24.2039	-4.84743	175.459	-5.14539	172.411
24.4039	-4.78958	174.387	-5.08086	171.569
24.6039	-4.75087	173.427	-5.01722	170.732
24.8038	-4.66366	172.556	-4.95444	169.899
25.0038	-4.64291	171.603	-4.89253	169.071
25.2037	-4.59135	170.628	-4.83148	168.247
25.4036	-4.54486	169.464	-4.77127	167.428
25.6036	-4.50414	168.734	-4.7119	166.613
25.8036	-4.42604	167.435	-4.65337	165.802
26.0035	-4.39868	166.895	-4.59565	164.997
26.2035	-4.33913	165.574	-4.53876	164.195
26.4034	-4.31232	164.714	-4.48267	163.398
26.6033	-4.24367	163.729	-4.42738	162.606
26.8033	-4.21676	162.775	-4.37288	161.818
27.0033	-4.1667	162.133	-4.31916	161.035
27.2032	-4.14641	160.726	-4.26621	160.256
27.4032	-4.09131	160.041	-4.21404	159.481
27.6031	-4.0577	159.073	-4.16262	158.711
27.803	-4.05354	158.187	-4.11195	157.945
28.003	-3.98375	157.304	-4.06202	157.184
28.203	-3.95951	156.15	-4.01283	156.427
28.4029	-3.91193	155.566	-3.96436	155.675
28.6029	-3.87236	154.152	-3.91661	154.926
28.8028	-3.87542	153.269	-3.86957	154.183
29.0027	-3.78903	152.367	-3.82323	153.443
29.2027	-3.83772	151.369	-3.77758	152.709
29.4027	-3.72053	150.688	-3.73262	151.978
29.6026	-3.78871	149.459	-3.68834	151.252
29.8026	-3.68674	148.666	-3.64472	150.53
30.0025	-3.68022	147.637	-3.60177	149.812
30.2024	-3.61139	147.057	-3.55947	149.099
30.4024	-3.60175	146.344	-3.51782	148.39
30.6024	-3.61061	144.88	-3.4768	147.686
30.8023	-3.48436	144.581	-3.43641	146.986
31.0023	-3.50825	143.502	-3.39664	146.29
31.2022	-3.50704	143.509	-3.35749	145.598
31.4021	-3.5009	141.403	-3.31895	144.911
31.6021	-3.48969	141.149	-3.281	144.228
31.8021	-3.3663	139.718	-3.24364	143.549
32.002	-3.42822	140	-3.20687	142.874
32.2019	-3.39309	137.886	-3.17067	142.204
32.4019	-3.35101	137.267	-3.13504	141.538
32.6018	-3.32915	136.441	-3.09997	140.876
32.8018	-3.29351	135.527	-3.06546	140.218
33.0018	-3.35423	134.75	-3.03149	139.564
33.2017	-3.21206	133.501	-2.99805	138.915
33.4016	-3.28325	132.839	-2.96515	138.269
33.6016	-3.14017	132.187	-2.93277	137.628
33.8015	-3.25288	130.982	-2.90091	136.991
34.0015	-3.09389	130.764	-2.86956	136.358
34.2015	-3.10279	129.035	-2.8387	135.729
34.4014	-3.01404	129.481	-2.80835	135.104
34.6013	-3.06973	127.94	-2.77848	134.484
34.8013	-3.09603	127.103	-2.74909	133.867
35.0012	-2.96882	126.047	-2.72018	133.254
35.2012	-2.98313	124.951	-2.69173	132.645
35.4012	-2.84229	125.593	-2.66374	132.041
35.6011	-3.11916	123.798	-2.63621	131.44
35.801	-2.89264	123.117	-2.60913	130.843
36.001	-2.91976	121.13	-2.58248	130.25
36.2009	-2.89241	121.078	-2.55627	129.661
36.4009	-2.86472	119.683	-2.53049	129.076
36.6009	-2.96033	118.723	-2.50513	128.494
36.8008	-2.84047	117.785	-2.48018	127.917
37.0007	-2.89041	116.629	-2.45564	127.343
37.2007	-2.84361	116.351	-2.43151	126.774
37.4006	-2.8338	115.168	-2.40777	126.208
37.6006	-2.91055	114.475	-2.38442	125.645
37.8006	-2.7195	113.494	-2.36146	125.087
38.0005	-2.83854	112.844	-2.33887	124.532
38.2004	-2.68607	112.079	-2.31666	123.981
38.4004	-2.75283	111.394	-2.29481	123.434
38.6003	-2.74704	111.099	-2.27332	122.89
38.8003	-2.68764	109.162	-2.25219	122.35
39.0003	-2.74774	109.565	-2.23142	121.813
39.2002	-2.67941	107.014	-2.21098	121.281
39.4001	-2.73335	107.354	-2.19088	120.751
39.6001	-2.72113	105.759	-2.17112	120.226
39.8	-2.68898	105.094	-2.15169	119.703
40	-2.7347	104.461	-2.13258	119.185
