Freq_GHz	Re_S11_meas	Im_S11_meas	Re_S11_model	Im_S11_model
0.01	0.998748	0.00119352	0.999999	-0.00133813
0.20995	1.00046	-0.0282642	0.999562	-0.0280893
0.4099	0.9991	-0.0553672	0.998332	-0.0548144
0.60985	0.996795	-0.0820907	0.99631	-0.0814889
0.8098	0.994489	-0.109235	0.993499	-0.108088
1.00975	0.990084	-0.135939	0.9899	-0.134587
1.2097	0.985087	-0.162227	0.985518	-0.160962
1.40965	0.980643	-0.188306	0.980357	-0.187188
1.6096	0.974855	-0.214814	0.974424	-0.213242
1.80955	0.968037	-0.240971	0.967724	-0.239099
2.0095	0.960506	-0.266543	0.960264	-0.264735
2.20945	0.951951	-0.29182	0.952052	-0.290128
2.4094	0.942527	-0.316297	0.943097	-0.315255
2.60935	0.934257	-0.340786	0.933409	-0.340091
2.8093	0.923186	-0.364561	0.922997	-0.364616
3.00925	0.913277	-0.388901	0.911873	-0.388806
3.2092	0.901975	-0.412627	0.900048	-0.412641
3.40915	0.890624	-0.436398	0.887535	-0.436099
3.6091	0.87774	-0.46002	0.874346	-0.459159
3.80905	0.863698	-0.482197	0.860497	-0.481802
4.009	0.850047	-0.504411	0.846	-0.504007
4.20895	0.836142	-0.526571	0.830872	-0.525755
4.4089	0.820661	-0.547529	0.815129	-0.547027
4.60885	0.80446	-0.568521	0.798786	-0.567806
4.8088	0.789881	-0.588589	0.78186	-0.588074
5.00875	0.772688	-0.60875	0.76437	-0.607814
5.2087	0.755784	-0.628444	0.746334	-0.627011
5.40865	0.737853	-0.647788	0.72777	-0.645648
5.6086	0.719862	-0.665826	0.708697	-0.663711
5.80855	0.701643	-0.683957	0.689134	-0.681185
6.0085	0.682252	-0.701018	0.669103	-0.698058
6.20845	0.66295	-0.716955	0.648623	-0.714317
6.4084	0.641696	-0.732955	0.627716	-0.729949
6.60835	0.622862	-0.747974	0.606402	-0.744945
6.8083	0.601182	-0.763244	0.584703	-0.759293
7.00825	0.580873	-0.777427	0.562642	-0.772984
7.2082	0.560101	-0.79151	0.540238	-0.78601
7.40815	0.537556	-0.804311	0.517517	-0.798363
7.6081	0.515883	-0.816776	0.494499	-0.810035
7.80805	0.493587	-0.8276	0.471207	-0.82102
8.008	0.471796	-0.838781	0.447664	-0.831314
8.20795	0.449243	-0.849638	0.423893	-0.840911
8.4079	0.42708	-0.859776	0.399917	-0.849809
8.60785	0.396799	-0.871356	0.375759	-0.858003
8.8078	0.379402	-0.877691	0.351441	-0.865492
9.00775	0.35679	-0.88568	0.326987	-0.872276
9.2077	0.333638	-0.892146	0.302419	-0.878353
9.40765	0.310438	-0.899402	0.27776	-0.883724
9.6076	0.286315	-0.905116	0.253032	-0.888391
9.80755	0.262555	-0.908775	0.228258	-0.892355
10.0075	0.238749	-0.915136	0.203459	-0.895619
10.2074	0.212918	-0.917385	0.178658	-0.898188
10.4074	0.189596	-0.921728	0.153876	-0.900065
10.6074	0.168772	-0.922586	0.129134	-0.901256
10.8073	0.145337	-0.925689	0.104453	-0.901766
11.0073	0.121924	-0.927913	0.079854	-0.901602
11.2072	0.0979063	-0.928179	0.0553569	-0.900772
11.4071	0.0750655	-0.927756	0.0309813	-0.899283
11.6071	0.050269	-0.927544	0.00674646	-0.897144
11.8071	0.0287889	-0.927471	-0.0173287	-0.894364
12.007	0.00187304	-0.925043	-0.041226	-0.890954
12.207	-0.0197182	-0.924192	-0.0649276	-0.886922
12.4069	-0.0440488	-0.92119	-0.0884162	-0.882281
12.6068	-0.0630958	-0.91833	-0.111675	-0.877042
12.8068	-0.0879319	-0.9134	-0.134688	-0.871216
13.0068	-0.108477	-0.910499	-0.15744	-0.864816
13.2067	-0.131002	-0.904111	-0.179915	-0.857855
13.4067	-0.153371	-0.900384	-0.2021	-0.850346
13.6066	-0.114622	-0.910713	-0.22398	-0.842303
13.8065	-0.146079	-0.90312	-0.245542	-0.833739
14.0065	-0.174415	-0.894562	-0.266775	-0.824669
14.2065	-0.206261	-0.885491	-0.287665	-0.815107
14.4064	-0.232898	-0.875139	-0.308202	-0.805068
14.6064	-0.264097	-0.862979	-0.328376	-0.794567
14.8063	-0.292066	-0.849429	-0.348176	-0.78362
15.0062	-0.321931	-0.835048	-0.367592	-0.772241
15.2062	-0.34481	-0.822467	-0.386617	-0.760445
15.4062	-0.363852	-0.813049	-0.405243	-0.74825
15.6061	-0.381274	-0.801471	-0.423461	-0.73567
15.8061	-0.398944	-0.790626	-0.441266	-0.72272
16.006	-0.415374	-0.78048	-0.458651	-0.709418
16.206	-0.431829	-0.768653	-0.47561	-0.695777
16.4059	-0.449631	-0.757058	-0.492139	-0.681815
16.6059	-0.464918	-0.743455	-0.508234	-0.667547
16.8058	-0.481994	-0.730651	-0.52389	-0.652989
17.0057	-0.498913	-0.716422	-0.539105	-0.638155
17.2057	-0.513539	-0.703665	-0.553876	-0.623061
17.4057	-0.529093	-0.6896	-0.568201	-0.607724
17.6056	-0.542043	-0.67395	-0.582078	-0.592157
17.8056	-0.558301	-0.659187	-0.595507	-0.576375
18.0055	-0.570068	-0.644141	-0.608487	-0.560395
18.2054	-0.584554	-0.629511	-0.621017	-0.544229
18.4054	-0.596341	-0.613825	-0.633099	-0.527892
18.6054	-0.609723	-0.598774	-0.644734	-0.511399
18.8053	-0.622154	-0.582229	-0.655922	-0.494763
19.0053	-0.632859	-0.567011	-0.666665	-0.477998
19.2052	-0.645167	-0.550675	-0.676967	-0.461116
19.4051	-0.654702	-0.53322	-0.686828	-0.444133
19.6051	-0.66628	-0.518718	-0.696253	-0.427059
19.8051	-0.675692	-0.500524	-0.705244	-0.409907
20.005	-0.685486	-0.485414	-0.713805	-0.39269
20.205	-0.693639	-0.466534	-0.72194	-0.375419
20.4049	-0.702139	-0.450268	-0.729653	-0.358106
20.6048	-0.711088	-0.433273	-0.736949	-0.340762
20.8048	-0.71882	-0.416409	-0.743832	-0.323398
21.0048	-0.724911	-0.398778	-0.750308	-0.306024
21.2047	-0.732644	-0.379746	-0.756381	-0.288652
21.4047	-0.738633	-0.36318	-0.762058	-0.271289
21.6046	-0.746266	-0.346086	-0.767343	-0.253947
21.8045	-0.748263	-0.328238	-0.772242	-0.236634
22.0045	-0.756411	-0.309715	-0.776763	-0.219359
22.2045	-0.758963	-0.292315	-0.78091	-0.202131
22.4044	-0.765499	-0.275824	-0.784689	-0.184958
22.6044	-0.767325	-0.257129	-0.788109	-0.167848
22.8043	-0.771871	-0.241274	-0.791174	-0.150808
23.0042	-0.775095	-0.222763	-0.793891	-0.133846
23.2042	-0.777162	-0.205623	-0.796268	-0.116969
23.4042	-0.780456	-0.189323	-0.79831	-0.100183
23.6041	-0.78073	-0.170995	-0.800025	-0.0834946
23.8041	-0.782847	-0.155359	-0.80142	-0.0669099
24.004	-0.784326	-0.137096	-0.802501	-0.0504347
24.2039	-0.785363	-0.12055	-0.803275	-0.0340742
24.4039	-0.785678	-0.102913	-0.80375	-0.0178338
24.6039	-0.785783	-0.0863754	-0.803932	-0.00171819
24.8038	-0.786489	-0.0701893	-0.803828	0.014268
25.0038	-0.785071	-0.053231	-0.803445	0.0301203
25.2037	-0.784844	-0.0371797	-0.80279	0.0458348
25.4036	-0.78305	-0.0188474	-0.80187	0.0614076
25.6036	-0.781517	-0.00398429	-0.800692	0.0768352
25.8036	-0.780048	0.0141611	-0.799262	0.0921143
26.0035	-0.777729	0.0278664	-0.797588	0.107242
26.2035	-0.776309	0.0458378	-0.795675	0.122215
26.4034	-0.772528	0.0611268	-0.793531	0.13703
26.6033	-0.770801	0.077297	-0.791163	0.151686
26.8033	-0.766153	0.0923373	-0.788576	0.166181
27.0033	-0.764017	0.105741	-0.785778	0.180511
27.2032	-0.758091	0.123384	-0.782774	0.194676
27.4032	-0.754895	0.137025	-0.779571	0.208674
27.6031	-0.751589	0.151737	-0.776175	0.222503
27.803	-0.744322	0.164965	-0.772593	0.236162
28.003	-0.740496	0.177995	-0.768829	0.24965
28.203	-0.73533	0.194935	-0.764891	0.262965
28.4029	-0.731583	0.206888	-0.760784	0.276108
28.6029	-0.724981	0.224031	-0.756514	0.289078
28.8028	-0.716659	0.237406	-0.752087	0.301873
29.0027	-0.713838	0.252667	-0.747508	0.314494
29.2027	-0.702454	0.263374	-0.742782	0.32694
29.4027	-0.700772	0.277274	-0.737915	0.339212
29.6026	-0.688318	0.289601	-0.732912	0.351309
29.8026	-0.684432	0.303075	-0.727779	0.363231
30.0025	-0.676695	0.315496	-0.72252	0.374978
30.2024	-0.672279	0.326584	-0.71714	0.386552
30.4024	-0.665931	0.336314	-0.711644	0.397952
30.6024	-0.653905	0.350842	-0.706038	0.409179
30.8023	-0.653488	0.360752	-0.700324	0.420234
31.0023	-0.643559	0.372409	-0.694509	0.431117
31.2022	-0.63968	0.376217	-0.688597	0.441828
31.4021	-0.624419	0.393341	-0.682591	0.45237
31.6021	-0.618444	0.400144	-0.676497	0.462742
31.8021	-0.611566	0.417967	-0.670317	0.472946
32.002	-0.605617	0.417829	-0.664057	0.482983
32.2019	-0.591982	0.435719	-0.65772	0.492854
32.4019	-0.585881	0.446082	-0.65131	0.502559
32.6018	-0.577402	0.455432	-0.64483	0.512102
32.8018	-0.568628	0.465919	-0.638286	0.521481
33.0018	-0.555833	0.471394	-0.631678	0.5307
33.2017	-0.551415	0.487212	-0.625013	0.539759
33.4016	-0.540721	0.492307	-0.618292	0.548659
33.6016	-0.53754	0.503958	-0.611519	0.557402
33.8015	-0.521032	0.509058	-0.604697	0.56599
34.0015	-0.521972	0.52163	-0.597829	0.574424
34.2015	-0.505678	0.533872	-0.590919	0.582706
34.4014	-0.50505	0.538257	-0.583968	0.590836
34.6013	-0.490714	0.54576	-0.576981	0.598818
34.8013	-0.479785	0.552504	-0.569959	0.606651
35.0012	-0.471148	0.567193	-0.562906	0.614338
35.2012	-0.461724	0.57652	-0.555824	0.621881
35.4012	-0.464541	0.580873	-0.548715	0.629281
35.6011	-0.439443	0.581502	-0.541582	0.636539
35.801	-0.43727	0.595286	-0.534428	0.643658
36.001	-0.415419	0.607183	-0.527254	0.650639
36.2009	-0.412501	0.611353	-0.520063	0.657483
36.4009	-0.39755	0.621873	-0.512857	0.664194
36.6009	-0.3835	0.624025	-0.505638	0.670771
36.8008	-0.373454	0.635167	-0.498408	0.677217
37.0007	-0.357995	0.639928	-0.491169	0.683533
37.2007	-0.353917	0.645432	-0.483922	0.689722
37.4006	-0.33787	0.651977	-0.476671	0.695784
37.6006	-0.328258	0.651555	-0.469416	0.701722
37.8006	-0.319519	0.666724	-0.462159	0.707537
38.0005	-0.307896	0.665688	-0.454902	0.713231
38.2004	-0.301462	0.676595	-0.447646	0.718805
38.4004	-0.289073	0.677347	-0.440393	0.724262
38.6003	-0.281522	0.680006	-0.433145	0.729603
38.8003	-0.262078	0.690356	-0.425902	0.734829
39.0003	-0.261808	0.688191	-0.418666	0.739942
39.2002	-0.236385	0.701531	-0.411439	0.744944
39.4001	-0.232263	0.698167	-0.404222	0.749836
39.6001	-0.214301	0.703149	-0.397016	0.754621
39.8	-0.206813	0.707386	-0.389822	0.759299
40	-0.19418	0.707802	-0.382641	0.763872
