Freq_GHz	Re_S11_meas	Im_S11_meas	Re_S11_model	Im_S11_model
0.01	0.603637	0.00432586	0.599999	-0.000821056
0.20995	0.606775	-0.0191926	0.599742	-0.0172356
0.4099	0.605269	-0.0389984	0.599015	-0.0336364
0.60985	0.603516	-0.0582379	0.597821	-0.0500106
0.8098	0.601878	-0.0775727	0.596159	-0.0663452
1.00975	0.598571	-0.095969	0.594032	-0.0826271
1.2097	0.595462	-0.114652	0.59144	-0.0988436
1.40965	0.592286	-0.133308	0.588387	-0.114982
1.6096	0.587413	-0.152332	0.584874	-0.131029
1.80955	0.582245	-0.171065	0.580905	-0.146972
2.0095	0.576565	-0.189092	0.576482	-0.162799
2.20945	0.570019	-0.207415	0.571609	-0.178497
2.4094	0.563095	-0.223763	0.566291	-0.194053
2.60935	0.557714	-0.241122	0.56053	-0.209456
2.8093	0.548864	-0.257804	0.554332	-0.224692
3.00925	0.542302	-0.274773	0.547703	-0.239751
3.2092	0.533481	-0.291345	0.540647	-0.25462
3.40915	0.525845	-0.308017	0.533169	-0.269288
3.6091	0.515565	-0.325442	0.525277	-0.283742
3.80905	0.504701	-0.34026	0.516976	-0.297972
4.009	0.49508	-0.356847	0.508273	-0.311966
4.20895	0.484188	-0.370984	0.499176	-0.325714
4.4089	0.473642	-0.386513	0.489691	-0.339204
4.60885	0.46094	-0.400559	0.479826	-0.352426
4.8088	0.450781	-0.41499	0.46959	-0.36537
5.00875	0.438484	-0.428989	0.45899	-0.378026
5.2087	0.426477	-0.441724	0.448036	-0.390384
5.40865	0.412765	-0.455571	0.436735	-0.402434
5.6086	0.399401	-0.468026	0.425098	-0.414167
5.80855	0.387193	-0.480656	0.413134	-0.425574
6.0085	0.3715	-0.491374	0.400853	-0.436646
6.20845	0.358584	-0.503225	0.388264	-0.447376
6.4084	0.34245	-0.514235	0.375378	-0.457754
6.60835	0.329912	-0.524283	0.362205	-0.467774
6.8083	0.312655	-0.534491	0.348756	-0.477427
7.00825	0.298709	-0.543668	0.335042	-0.486707
7.2082	0.283139	-0.553405	0.321074	-0.495607
7.40815	0.26683	-0.561857	0.306864	-0.504121
7.6081	0.251002	-0.56995	0.292423	-0.512243
7.80805	0.234343	-0.57754	0.277762	-0.519966
8.008	0.219659	-0.584388	0.262894	-0.527286
8.20795	0.20184	-0.591722	0.247831	-0.534198
8.4079	0.186381	-0.597445	0.232584	-0.540698
8.60785	0.16923	-0.60481	0.217166	-0.546781
8.8078	0.152298	-0.608886	0.201589	-0.552443
9.00775	0.136039	-0.614872	0.185867	-0.557682
9.2077	0.119508	-0.618328	0.17001	-0.562494
9.40765	0.102548	-0.622809	0.154033	-0.566877
9.6076	0.0854133	-0.626135	0.137947	-0.570829
9.80755	0.0683709	-0.627854	0.121765	-0.574348
10.0075	0.0523793	-0.63273	0.1055	-0.577434
10.2074	0.0351183	-0.632003	0.089165	-0.580084
10.4074	0.018351	-0.635367	0.0727721	-0.582299
10.6074	0.000495295	-0.634635	0.0563341	-0.58408
10.8073	-0.014547	-0.637309	0.0398636	-0.585425
11.0073	-0.0325015	-0.636897	0.0233732	-0.586336
11.2072	-0.0479877	-0.636529	0.00687535	-0.586815
11.4071	-0.0656959	-0.635961	-0.00961756	-0.586863
11.6071	-0.0839593	-0.634809	-0.0260933	-0.586481
11.8071	-0.0976732	-0.635451	-0.0425396	-0.585673
12.007	-0.116982	-0.63249	-0.0589446	-0.584441
12.207	-0.129501	-0.631004	-0.0752963	-0.582789
12.4069	-0.150718	-0.62856	-0.091583	-0.580719
12.6068	-0.160616	-0.626606	-0.107793	-0.578237
12.8068	-0.182728	-0.621404	-0.123916	-0.575346
13.0068	-0.196501	-0.618877	-0.139939	-0.57205
13.2067	-0.213771	-0.613838	-0.155853	-0.568355
13.4067	-0.229399	-0.610151	-0.171646	-0.564267
13.6066	-0.243338	-0.604294	-0.187308	-0.55979
13.8065	-0.260741	-0.598929	-0.202829	-0.554932
14.0065	-0.273115	-0.592702	-0.218199	-0.549697
14.2065	-0.291138	-0.58801	-0.233408	-0.544092
14.4064	-0.303193	-0.580883	-0.248446	-0.538125
14.6064	-0.31979	-0.575361	-0.263306	-0.531803
14.8063	-0.333229	-0.56591	-0.277977	-0.525132
15.0062	-0.348664	-0.559889	-0.292452	-0.51812
15.2062	-0.363245	-0.551658	-0.306722	-0.510776
15.4062	-0.376038	-0.54493	-0.32078	-0.503106
15.6061	-0.390332	-0.534858	-0.334617	-0.495119
15.8061	-0.40272	-0.525722	-0.348227	-0.486824
16.006	-0.416912	-0.518151	-0.361603	-0.478229
16.206	-0.427879	-0.507772	-0.374738	-0.469343
16.4059	-0.442598	-0.499744	-0.387626	-0.460174
16.6059	-0.45241	-0.489074	-0.400261	-0.450731
16.8058	-0.464994	-0.479166	-0.412638	-0.441024
17.0057	-0.477749	-0.468244	-0.424752	-0.431061
17.2057	-0.488527	-0.459127	-0.436597	-0.420852
17.4057	-0.49938	-0.44962	-0.448169	-0.410406
17.6056	-0.508062	-0.436267	-0.459465	-0.399732
17.8056	-0.52058	-0.426116	-0.47048	-0.38884
18.0055	-0.529476	-0.414299	-0.48121	-0.377739
18.2054	-0.538904	-0.404577	-0.491653	-0.366438
18.4054	-0.548937	-0.390931	-0.501806	-0.354947
18.6054	-0.558219	-0.380375	-0.511666	-0.343275
18.8053	-0.568536	-0.369161	-0.521232	-0.331432
19.0053	-0.574868	-0.356495	-0.530501	-0.319426
19.2052	-0.585001	-0.345224	-0.539472	-0.307267
19.4051	-0.593315	-0.330602	-0.548143	-0.294965
19.6051	-0.600313	-0.321739	-0.556515	-0.282527
19.8051	-0.609749	-0.305441	-0.564585	-0.269965
20.005	-0.614832	-0.297225	-0.572354	-0.257285
20.205	-0.622773	-0.280085	-0.579822	-0.244498
20.4049	-0.628337	-0.26998	-0.586989	-0.231611
20.6048	-0.635408	-0.255722	-0.593856	-0.218635
20.8048	-0.641287	-0.243246	-0.600422	-0.205576
21.0048	-0.644611	-0.229161	-0.60669	-0.192444
21.2047	-0.653338	-0.213552	-0.61266	-0.179246
21.4047	-0.65651	-0.201213	-0.618334	-0.165991
21.6046	-0.665567	-0.1911	-0.623714	-0.152687
21.8045	-0.6625	-0.173185	-0.628801	-0.139341
22.0045	-0.673445	-0.160595	-0.633597	-0.125961
22.2045	-0.672024	-0.144409	-0.638105	-0.112555
22.4044	-0.679953	-0.135477	-0.642327	-0.0991298
22.6044	-0.678955	-0.115442	-0.646267	-0.0856923
22.8043	-0.684118	-0.108448	-0.649926	-0.0722497
23.0042	-0.688871	-0.090837	-0.653307	-0.0588087
23.2042	-0.689004	-0.0778981	-0.656415	-0.0453758
23.4042	-0.693666	-0.0657082	-0.659251	-0.0319574
23.6041	-0.69214	-0.0503572	-0.66182	-0.0185597
23.8041	-0.695518	-0.0387358	-0.664125	-0.0051888
24.004	-0.695724	-0.022523	-0.66617	0.00814959
24.2039	-0.696488	-0.0110776	-0.667957	0.0214498
24.4039	-0.698008	0.00449493	-0.669492	0.0347064
24.6039	-0.697001	0.0191161	-0.670779	0.0479142
24.8038	-0.701443	0.0309938	-0.67182	0.061068
25.0038	-0.697015	0.0451009	-0.672621	0.074163
25.2037	-0.697328	0.0570782	-0.673185	0.0871945
25.4036	-0.695564	0.0763592	-0.673516	0.100158
25.6036	-0.695302	0.0842259	-0.67362	0.113049
25.8036	-0.696964	0.103758	-0.6735	0.125864
26.0035	-0.692742	0.1091	-0.67316	0.138598
26.2035	-0.692565	0.129322	-0.672605	0.151249
26.4034	-0.688037	0.139821	-0.67184	0.163811
26.6033	-0.689221	0.15503	-0.670869	0.176282
26.8033	-0.68366	0.166379	-0.669695	0.188659
27.0033	-0.683736	0.175358	-0.668325	0.200938
27.2032	-0.677456	0.194431	-0.666762	0.213116
27.4032	-0.677044	0.203559	-0.665011	0.225191
27.6031	-0.675608	0.214734	-0.663076	0.23716
27.803	-0.667411	0.226936	-0.660961	0.249021
28.003	-0.66661	0.236665	-0.658672	0.260772
28.203	-0.659801	0.254525	-0.656212	0.272409
28.4029	-0.658708	0.260195	-0.653586	0.283931
28.6029	-0.652206	0.279874	-0.650799	0.295337
28.8028	-0.644127	0.288113	-0.647854	0.306625
29.0027	-0.647619	0.305432	-0.644757	0.317792
29.2027	-0.630911	0.310809	-0.64151	0.328838
29.4027	-0.636627	0.324665	-0.63812	0.33976
29.6026	-0.617331	0.335941	-0.634589	0.350559
29.8026	-0.621354	0.347179	-0.630922	0.361233
30.0025	-0.611162	0.361951	-0.627123	0.37178
30.2024	-0.614424	0.366178	-0.623196	0.3822
30.4024	-0.60522	0.375073	-0.619146	0.392492
30.6024	-0.590155	0.392011	-0.614975	0.402656
30.8023	-0.597839	0.398846	-0.610689	0.412691
31.0023	-0.58906	0.411223	-0.60629	0.422596
31.2022	-0.588483	0.40037	-0.601784	0.432371
31.4021	-0.563059	0.429912	-0.597172	0.442016
31.6021	-0.56337	0.427788	-0.59246	0.451531
31.8021	-0.561128	0.456791	-0.587651	0.460914
32.002	-0.556684	0.437799	-0.582748	0.470168
32.2019	-0.53651	0.467305	-0.577755	0.479291
32.4019	-0.534262	0.473738	-0.572675	0.488283
32.6018	-0.5282	0.480631	-0.567512	0.497145
32.8018	-0.517246	0.493019	-0.562269	0.505877
33.0018	-0.504797	0.493734	-0.556949	0.514479
33.2017	-0.504041	0.518876	-0.551556	0.522952
33.4016	-0.488675	0.513773	-0.546092	0.531297
33.6016	-0.494567	0.531543	-0.540561	0.539512
33.8015	-0.470056	0.530387	-0.534966	0.5476
34.0015	-0.482711	0.543275	-0.529309	0.555561
34.2015	-0.456675	0.558047	-0.523594	0.563395
34.4014	-0.472337	0.558258	-0.517822	0.571103
34.6013	-0.453465	0.56449	-0.511998	0.578686
34.8013	-0.438227	0.561326	-0.506124	0.586145
35.0012	-0.435976	0.589195	-0.500202	0.593479
35.2012	-0.420732	0.590892	-0.494235	0.600692
35.4012	-0.451077	0.596929	-0.488225	0.607782
35.6011	-0.402093	0.584162	-0.482175	0.614751
35.801	-0.409876	0.606286	-0.476087	0.6216
36.001	-0.376392	0.622804	-0.469964	0.62833
36.2009	-0.383698	0.620563	-0.463808	0.634942
36.4009	-0.366301	0.634317	-0.457621	0.641437
36.6009	-0.349112	0.628831	-0.451404	0.647816
36.8008	-0.343775	0.648985	-0.445162	0.65408
37.0007	-0.326473	0.648845	-0.438894	0.66023
37.2007	-0.328048	0.656859	-0.432604	0.666268
37.4006	-0.311534	0.665043	-0.426292	0.672193
37.6006	-0.301083	0.656143	-0.419962	0.678008
37.8006	-0.294872	0.683292	-0.413615	0.683714
38.0005	-0.281193	0.673115	-0.407253	0.689311
38.2004	-0.282881	0.689155	-0.400877	0.694802
38.4004	-0.264344	0.68831	-0.394488	0.700186
38.6003	-0.271642	0.68748	-0.38809	0.705466
38.8003	-0.237306	0.705317	-0.381683	0.710642
39.0003	-0.251508	0.691913	-0.375269	0.715715
39.2002	-0.207806	0.714211	-0.368849	0.720688
39.4001	-0.215296	0.704376	-0.362424	0.72556
39.6001	-0.192697	0.714016	-0.355997	0.730334
39.8	-0.18678	0.712231	-0.349568	0.73501
40	-0.174245	0.71476	-0.343139	0.73959
