Freq_GHz	S11_meas_dB	S11_meas_deg	S11_fit_dB	S11_fit_deg
0.01	-17.427933	-177.78883	-17.306022	-179.96876
0.20995	-17.350817	-179.36699	-17.303351	-179.34438
0.4099	-17.304142	-178.60423	-17.295829	-178.72147
0.60985	-17.299564	-178.01639	-17.283479	-178.10139
0.8098	-17.29138	-177.08931	-17.26634	-177.48552
1.00975	-17.285036	-176.63605	-17.244462	-176.8752
1.2097	-17.277536	-175.73172	-17.217909	-176.27172
1.40965	-17.215466	-175.34143	-17.18676	-175.67635
1.6096	-17.212065	-174.59863	-17.151103	-175.0903
1.80955	-17.137722	-173.81602	-17.11104	-174.51472
2.0095	-17.099874	-173.23543	-17.066682	-173.95072
2.20945	-17.087053	-172.69055	-17.018148	-173.39933
2.4094	-17.010839	-171.93224	-16.965567	-172.86151
2.60935	-16.974995	-171.24838	-16.909076	-172.33815
2.8093	-16.89382	-170.70804	-16.848815	-171.83006
3.00925	-16.884378	-170.19724	-16.78493	-171.33801
3.2092	-16.756676	-169.7529	-16.717574	-170.86265
3.40915	-16.730165	-169.09709	-16.646898	-170.40458
3.6091	-16.663357	-168.47868	-16.573057	-169.96431
3.80905	-16.584997	-168.13596	-16.496209	-169.54231
4.009	-16.510239	-167.36838	-16.416509	-169.13894
4.20895	-16.41069	-167.11989	-16.334111	-168.75452
4.4089	-16.360403	-166.40825	-16.249171	-168.38929
4.60885	-16.261627	-166.20303	-16.161839	-168.04343
4.8088	-16.204079	-165.47118	-16.072266	-167.71708
5.00875	-16.106384	-165.18791	-15.980596	-167.41031
5.2087	-16.032507	-164.84407	-15.886971	-167.12313
5.40865	-15.921911	-164.30743	-15.791531	-166.85551
5.6086	-15.845021	-164.06171	-15.694408	-166.6074
5.80855	-15.772372	-163.59979	-15.595732	-166.37868
6.0085	-15.634723	-163.36426	-15.495627	-166.1692
6.20845	-15.584273	-162.98863	-15.394214	-165.97879
6.4084	-15.450788	-162.67738	-15.291607	-165.80723
6.60835	-15.420479	-162.42632	-15.187915	-165.6543
6.8083	-15.256091	-162.20834	-15.083243	-165.51975
7.00825	-15.181181	-161.94446	-14.977691	-165.40329
7.2082	-15.077091	-161.49875	-14.871355	-165.30463
7.40815	-14.975417	-161.59509	-14.764323	-165.22346
7.6081	-14.878313	-161.38921	-14.656682	-165.15947
7.80805	-14.730887	-161.1167	-14.548512	-165.11232
8.008	-14.674653	-160.92055	-14.43989	-165.08168
8.20795	-14.529219	-160.76529	-14.330887	-165.0672
8.4079	-14.472864	-160.77892	-14.221572	-165.06854
8.60785	-14.313023	-160.5226	-14.112008	-165.08534
8.8078	-14.239074	-160.59729	-14.002255	-165.11725
9.00775	-14.120217	-160.21045	-13.892371	-165.16392
9.2077	-14.033386	-160.36339	-13.782406	-165.22498
9.40765	-13.905294	-160.31483	-13.672413	-165.3001
9.6076	-13.804749	-160.17664	-13.562435	-165.38892
9.80755	-13.695829	-160.38988	-13.452518	-165.4911
10.0075	-13.60491	-160.0957	-13.342702	-165.60629
10.2075	-13.494461	-160.64612	-13.232997	-165.73419
10.4074	-13.380438	-160.2525	-13.12352	-165.87437
10.6074	-13.252077	-160.5708	-13.014196	-166.02664
10.8073	-13.166287	-160.26555	-12.905164	-166.19053
11.0073	-13.048253	-160.58383	-12.796344	-166.36589
11.2072	-12.958525	-160.76825	-12.68787	-166.55223
11.4072	-12.828773	-160.82686	-12.57966	-166.74943
11.6071	-12.684865	-160.95239	-12.471845	-166.957
11.8071	-12.633934	-160.7867	-12.364337	-167.17487
12.007	-12.448009	-161.34514	-12.257264	-167.40253
12.207	-12.437675	-161.10652	-12.150538	-167.63992
12.4069	-12.215332	-161.50824	-12.044282	-167.88655
12.6069	-12.241683	-161.29927	-11.938405	-168.1424
12.8068	-12.043386	-162.06729	-11.833028	-168.40696
13.0068	-11.978368	-162.05797	-11.728059	-168.68024
13.2067	-11.852296	-162.44078	-11.623615	-168.96172
13.4067	-11.752309	-162.53249	-11.519603	-169.25146
13.6066	-11.689766	-162.92238	-11.416139	-169.54893
13.8066	-11.526129	-163.13589	-11.313127	-169.8542
14.0065	-11.495054	-163.50861	-11.21068	-170.16675
14.2065	-11.311527	-163.64575	-11.108705	-170.48668
14.4064	-11.280536	-163.97195	-11.00731	-170.81347
14.6064	-11.145564	-164.20511	-10.906401	-171.14724
14.8063	-11.080155	-164.83273	-10.806085	-171.48747
15.0063	-10.928907	-164.95995	-10.706268	-171.83429
15.2062	-10.819757	-165.40881	-10.607056	-172.18719
15.4062	-10.75006	-165.63705	-10.508354	-172.54634
15.6061	-10.650411	-166.06235	-10.410265	-172.9112
15.8061	-10.553985	-166.55525	-10.312695	-173.28197
16.006	-10.423848	-166.7588	-10.215747	-173.6581
16.206	-10.369203	-167.25981	-10.119325	-174.03983
16.4059	-10.219834	-167.505	-10.02353	-174.42661
16.6059	-10.171249	-167.9265	-9.9282698	-174.81868
16.8058	-10.070394	-168.37984	-9.8336412	-175.21549
17.0058	-9.9560747	-168.91701	-9.7395522	-175.6173
17.2057	-9.8602133	-169.19641	-9.6460994	-176.02356
17.4057	-9.7568359	-169.45024	-9.553191	-176.43456
17.6056	-9.7104979	-170.18379	-9.460922	-176.84974
17.8056	-9.5771351	-170.49986	-9.3692016	-177.26939
18.0055	-9.4938412	-171.04384	-9.2781232	-177.69296
18.2055	-9.4155922	-171.33635	-9.1875968	-178.12076
18.4054	-9.3112822	-171.97363	-9.0977144	-178.55224
18.6054	-9.2207527	-172.23581	-9.008387	-178.98772
18.8053	-9.0996408	-172.71678	-8.919705	-179.42664
19.0053	-9.0587463	-173.2476	-8.8315807	-179.86933
19.2052	-8.9277945	-173.68918	-8.7441028	179.68476
19.4052	-8.8335228	-174.40614	-8.6571847	179.23528
19.6051	-8.7645817	-174.54924	-8.5709138	178.78279
19.8051	-8.6327429	-175.42383	-8.4852044	178.32694
20.005	-8.5784092	-175.33064	-8.4001428	177.86828
20.205	-8.4824877	-176.41551	-8.3156441	177.40645
20.4049	-8.3976555	-176.68535	-8.2317934	176.94201
20.6049	-8.3036118	-177.33771	-8.148507	176.47457
20.8048	-8.2199516	-177.72769	-8.0658684	176.00471
21.0048	-8.1903067	-178.3662	-7.9837952	175.53203
21.2047	-8.0350761	-179.2057	-7.9023696	175.0571
21.4047	-7.9831252	-179.65717	-7.8215103	174.57953
21.6046	-7.8364468	-179.90358	-7.7412982	174.09987
21.8046	-7.8763361	179.08755	-7.661653	173.61772
22.0045	-7.6880193	178.74037	-7.5826545	173.13366
22.2045	-7.6873288	177.80959	-7.5042235	172.64726
22.4044	-7.5239272	177.74863	-7.4264383	172.15911
22.6044	-7.5095439	176.63132	-7.349221	171.66877
22.8043	-7.3958325	176.57024	-7.2726487	171.17682
23.0043	-7.3030386	175.56915	-7.1966446	170.68283
23.2042	-7.2450223	175.04587	-7.1212844	170.18737
23.4042	-7.1353312	174.64282	-7.0464925	169.69002
23.6041	-7.1193748	173.79083	-6.9723433	169.19134
23.8041	-6.9935379	173.30338	-6.8987624	168.6909
24.004	-6.9370618	172.48085	-6.8258229	168.18927
24.204	-6.8560824	172.08818	-6.7534515	167.686
24.4039	-6.7742338	171.32837	-6.68172	167.18168
24.6039	-6.7296576	170.62245	-6.6105563	166.67584
24.8038	-6.5972676	170.03522	-6.5400309	166.16908
25.0038	-6.5725088	169.38359	-6.4700727	165.66093
25.2037	-6.5003657	168.77568	-6.4007511	165.15197
25.4037	-6.4163332	167.7065	-6.331996	164.64174
25.6036	-6.3678694	167.44846	-6.2638756	164.13083
25.8036	-6.2408233	166.25986	-6.1963209	163.61877
26.0035	-6.2064376	166.17467	-6.1293988	163.10613
26.2035	-6.1159272	164.99031	-6.0630413	162.59245
26.4034	-6.0840836	164.50658	-5.9973141	162.07832
26.6034	-5.9864931	163.53964	-5.9321504	161.56326
26.8033	-5.9284616	162.86172	-5.8676145	161.04784
27.0033	-5.8539367	162.63597	-5.8036407	160.53161
27.2032	-5.8239036	161.32216	-5.740292	160.01513
27.4032	-5.7308216	161.01239	-5.6775038	159.49794
27.6031	-5.6512389	160.28351	-5.6153379	158.98061
27.8031	-5.649097	159.61739	-5.5537307	158.46266
28.003	-5.5537324	159.08177	-5.4927427	157.94467
28.203	-5.5144768	157.8945	-5.4323115	157.42617
28.4029	-5.4318833	157.79871	-5.3724961	156.90773
28.6029	-5.3673105	156.43884	-5.3132352	156.38888
28.8028	-5.3498416	155.7867	-5.2545867	155.87017
29.0028	-5.194387	155.05756	-5.1964903	155.35115
29.2027	-5.2714715	154.22032	-5.1390025	154.83237
29.4027	-5.0809407	153.7538	-5.0820641	154.31337
29.6026	-5.1762829	152.5616	-5.0257304	153.7947
29.8026	-5.037921	152.04451	-4.9699432	153.27589
30.0025	-5.0115294	151.02376	-4.9147565	152.75752
30.2025	-4.8847551	150.77914	-4.8601132	152.23909
30.4024	-4.8541207	150.19734	-4.8060659	151.72117
30.6024	-4.8761353	148.78238	-4.7525586	151.2033
30.8023	-4.6891484	148.67149	-4.6996428	150.68602
31.0023	-4.6602211	147.87231	-4.6472633	150.16885
31.2022	-4.6756749	148.19051	-4.5954704	149.65237
31.4022	-4.6709852	145.98631	-4.5442099	149.13609
31.6021	-4.6306539	146.10991	-4.493531	148.62057
31.8021	-4.4265285	144.33548	-4.4433804	148.10533
32.002	-4.5260606	145.21046	-4.3938059	147.59092
32.202	-4.4708347	142.80898	-4.3447555	147.07687
32.4019	-4.3646245	142.53358	-4.2962757	146.56373
32.6019	-4.3371434	141.90985	-4.2483154	146.05103
32.8018	-4.2682886	140.79012	-4.2009198	145.53931
33.0018	-4.3404679	140.32837	-4.154039	145.02809
33.2017	-4.116478	138.9001	-4.107717	144.51793
33.4017	-4.2183528	138.56082	-4.0619046	144.00835
33.6016	-4.0136876	137.88536	-4.0166448	143.49988
33.8016	-4.1271262	136.79051	-3.9718894	142.99206
34.0015	-3.9325452	136.63002	-3.9276803	142.48543
34.2015	-3.9599223	134.70137	-3.88397	141.97951
34.4014	-3.7959094	135.70953	-3.8407994	141.47484
34.6014	-3.8435743	134.25998	-3.7981221	140.97095
34.8013	-3.8865337	133.56927	-3.7559775	140.46837
35.0013	-3.6879823	132.20982	-3.7143204	139.96662
35.2012	-3.6949015	131.30739	-3.6731891	139.46625
35.4012	-3.4409251	132.52977	-3.6325391	138.96677
35.6011	-3.8356016	130.50749	-3.5924079	138.46872
35.8011	-3.5437255	129.7728	-3.5527517	137.97163
36.001	-3.567008	127.7075	-3.513607	137.47602
36.201	-3.4826806	127.89198	-3.474931	136.98141
36.4009	-3.4419627	126.34396	-3.4367588	136.48834
36.6009	-3.5399959	125.56622	-3.3990489	135.99634
