

z(m), Y
-1e-06, 1939
-1e-06, 1939
-9.69475e-07, 5121.16
-9.54213e-07, 6729.74
-9.38785e-07, 11459.9
-9.19482e-07, 16561.1
-8.52358e-07, 28879.4
-8.36531e-07, 32255.1
-8.13962e-07, 36315.4
-7.18942e-07, 55547.2
-6.08614e-07, 73806.3
-5.19185e-07, 92037
-4.48975e-07, 118581
-3.7773e-07, 168050
-3.41113e-07, 191292
-3.13437e-07, 231612
-2.66724e-07, 294904
-2.38919e-07, 386251
-2.27394e-07, 411225
-1.80441e-07, 566131
-1.75189e-07, 583980
-1.46346e-07, 1.0574e+06
-1.46119e-07, 1.06075e+06
-1.45844e-07, 1.07124e+06
-1.23832e-07, 1.80196e+06
-1.15979e-07, 2.42598e+06
-1.11696e-07, 3.11556e+06
-1.07957e-07, 4.0251e+06
-1.05313e-07, 5.78909e+06
-1.0496e-07, 6.14906e+06
-1.02708e-07, 8.75779e+06
-1e-07, 3.92095e+06
-9.79847e-08, 3.257e+06
-9.61518e-08, 1.87373e+06
-9.44663e-08, 1.37447e+06
-9.17402e-08, 695903
-8.79231e-08, 408724
-8.47946e-08, 147530
-8.00249e-08, 81464.2
-7.21443e-08, 16784.3
-6.61254e-08, 8984.46
-5.18778e-08, 2126.5
-4.46113e-08, 4411.21
-3.39584e-08, 18555.5
-2.36875e-08, 60892.2
-1.59082e-08, 555583
-1.32903e-08, 827290
-1.05879e-22, 2.42283e+06
1.42789e-08, 2.21333e+06
1.69698e-08, 1.86138e+06
2.52804e-08, 999940
3.37486e-08, 680306
6.56121e-08, 337557
7.45856e-08, 234739
7.74942e-08, 207481
7.97723e-08, 201155
8.42034e-08, 205677
1.33317e-07, 177791
1.65449e-07, 246078
2.74551e-07, 682868
3.07866e-07, 943186
3.5222e-07, 1.70426e+06
3.70171e-07, 2.00012e+06
3.78636e-07, 2.21053e+06
4.06252e-07, 2.83523e+06
4.09322e-07, 2.89875e+06
4.15557e-07, 3.04621e+06
4.24811e-07, 3.2592e+06
4.31375e-07, 3.4159e+06
4.34811e-07, 3.48308e+06
4.4e-07, 3.67648e+06
4.52717e-07, 3.87239e+06
4.59801e-07, 4.10932e+06
4.64418e-07, 4.28869e+06
4.66782e-07, 4.36913e+06
4.81848e-07, 4.93127e+06
4.95177e-07, 5.44548e+06
5.02189e-07, 5.6097e+06
5.60882e-07, 6.55455e+06
6.18813e-07, 7.18416e+06
6.57663e-07, 7.87758e+06
6.77908e-07, 8.51496e+06
7.00292e-07, 9.00953e+06
7.11258e-07, 9.28699e+06
7.21002e-07, 9.64237e+06
7.24194e-07, 9.74347e+06
7.27462e-07, 9.84047e+06
7.31638e-07, 9.96938e+06
7.34639e-07, 1.01442e+07
7.4e-07, 1.12e+07
7.5012e-07, 1.30403e+07
7.53161e-07, 1.419e+07
7.62776e-07, 1.67078e+07
7.66925e-07, 1.74179e+07
7.7654e-07, 1.99357e+07
7.78818e-07, 2.07665e+07
7.9e-07, 2.32497e+07
8.05e-07, 2.45367e+07
8.2e-07, 2.21879e+07
8.28842e-07, 1.75195e+07
8.34369e-07, 1.75678e+07
8.39422e-07, 1.76171e+07
8.45049e-07, 1.76842e+07
8.48813e-07, 1.773e+07
8.52577e-07, 1.77625e+07
8.58066e-07, 1.78282e+07
8.66668e-07, 1.79069e+07
8.67699e-07, 1.79153e+07
8.69157e-07, 1.79322e+07
8.76388e-07, 1.80118e+07
8.78438e-07, 1.80402e+07
8.85451e-07, 1.81119e+07
8.87698e-07, 1.81345e+07
8.89035e-07, 1.81495e+07
8.97036e-07, 1.82284e+07
9.00964e-07, 1.82677e+07
9.06774e-07, 1.83205e+07
9.11995e-07, 1.83875e+07
9.14456e-07, 1.84176e+07
9.16244e-07, 1.84472e+07
9.21222e-07, 1.85066e+07
9.29232e-07, 1.85636e+07
9.31018e-07, 1.8577e+07
9.33084e-07, 1.85952e+07
9.40934e-07, 1.86782e+07
9.48882e-07, 1.87725e+07
9.49783e-07, 1.87838e+07
9.50346e-07, 1.87891e+07
9.59399e-07, 1.88714e+07
9.64043e-07, 1.89312e+07
9.66672e-07, 1.89523e+07
9.73822e-07, 1.90082e+07
9.74406e-07, 1.90164e+07
9.74904e-07, 1.90272e+07
9.77256e-07, 1.90698e+07
9.78145e-07, 1.90887e+07
9.78617e-07, 1.90985e+07
9.8e-07, 1.90572e+07
9.80762e-07, 1.88123e+07
9.81246e-07, 1.84816e+07
9.81471e-07, 1.83195e+07
9.81584e-07, 1.82564e+07
9.82952e-07, 1.7774e+07
9.84486e-07, 1.69e+07
9.84841e-07, 1.67354e+07
9.8502e-07, 1.66278e+07
9.87617e-07, 1.46587e+07
9.9181e-07, 1.34499e+07
9.9758e-07, 1.17317e+07
1.00283e-06, 9.48359e+06
1.01023e-06, 6.74292e+06
1.01267e-06, 5.8869e+06
1.01407e-06, 5.36686e+06
1.02176e-06, 2.75658e+06
1.02734e-06, 1.74206e+06
1.03219e-06, 1.0218e+06
1.03509e-06, 706296
1.04211e-06, 274388
1.04239e-06, 258182
1.04255e-06, 254864
1.05289e-06, 95372.7
1.05808e-06, 56180.1
1.06267e-06, 26545.7
1.06844e-06, 15356.3
1.07278e-06, 9480.22
1.07662e-06, 5324.47
1.08241e-06, 2580.12
1.0833e-06, 2367.96
1.08987e-06, 1445.77
1.09345e-06, 1435.45
1.097e-06, 1742.07
1.10158e-06, 2538.12
1.11078e-06, 5425.35
1.1114e-06, 5792.24
1.1197e-06, 16255.3
1.12039e-06, 18012.3
1.12443e-06, 34023
1.12905e-06, 52939.1
1.12976e-06, 61705
1.13121e-06, 98958.4
1.13831e-06, 207999
1.14229e-06, 480798
1.14966e-06, 750810
1.16e-06, 1.07103e+06
1.16985e-06, 616349
1.1743e-06, 286078
1.17997e-06, 93716.2
1.18449e-06, 30805.8
1.19076e-06, 9363.39
1.19282e-06, 5032.26
1.19521e-06, 3799.99
1.20082e-06, 915.112
1.20565e-06, 523.828
1.20941e-06, 189.309
1.2181e-06, 44.1047
1.21863e-06, 35.1841
1.21959e-06, 33.5147
1.22812e-06, 13.9948
1.23424e-06, 12.0822
1.23767e-06, 10.9201
1.24277e-06, 10.8778
1.24597e-06, 10.8337
1.25723e-06, 11.2418
1.25805e-06, 11.2694
1.25816e-06, 11.288
1.25856e-06, 11.3896
1.26635e-06, 13.1902
1.26866e-06, 14.3871
1.27734e-06, 35.5224
1.2774e-06, 35.7119
1.2775e-06, 36.5248
1.28607e-06, 108.021
1.29034e-06, 448.85
1.29291e-06, 602.991
1.30097e-06, 2428.92
1.30221e-06, 2728.42
1.30245e-06, 3161.72
1.30942e-06, 14234.5
1.31184e-06, 23158
1.31746e-06, 57504.2
1.32111e-06, 140723
1.325e-06, 549437
1.32916e-06, 1.08385e+06
1.34e-06, 1.51035e+06
1.34832e-06, 708364
1.35257e-06, 286508
1.35898e-06, 34502.5
1.3629e-06, 12260.1
1.36872e-06, 1310.96
1.37267e-06, 481.759
1.37818e-06, 65.7125
1.38392e-06, 20.7585
1.38591e-06, 8.47765
1.39075e-06, 5.75659
1.39607e-06, 4.90829
1.39714e-06, 4.87679
1.40399e-06, 4.94057
1.40657e-06, 5.27775
1.41051e-06, 5.85545
1.4147e-06, 9.15559
1.41871e-06, 20.135
1.42207e-06, 74.4787
1.42824e-06, 406.29
1.4306e-06, 956.616
1.43673e-06, 14269.6
1.44001e-06, 28010.2
1.44615e-06, 132524
1.45102e-06, 298938
1.45432e-06, 1.52779e+06
1.45477e-06, 1.77944e+06
1.45593e-06, 3.83353e+06
1.45742e-06, 6.19351e+06
1.45815e-06, 1.14728e+07
1.45886e-06, 1.69429e+07
1.46e-06, 4.00829e+07
1.46103e-06, 5.66039e+07
1.4614e-06, 5.02431e+07
1.46222e-06, 4.24696e+07
1.46335e-06, 3.53489e+07
1.46444e-06, 2.50807e+07
1.46556e-06, 1.42242e+07
1.4675e-06, 7.71084e+06
1.475e-06, 7.5859e+06
1.49e-06, 7.54128e+06
1.49981e-06, 1.03608e+07
1.50417e-06, 5.1902e+06
1.5103e-06, 824207
1.52386e-06, 164904
1.53338e-06, 3853.25
1.55219e-06, 114624
1.55942e-06, 178356
1.56226e-06, 691265
1.57393e-06, 7.46805e+06
1.57792e-06, 1.42294e+07
1.59e-06, 1.74793e+07
1.59537e-06, 4.81787e+06
1.59806e-06, 471143
1.60208e-06, 244880
1.60512e-06, 52852.6
1.60833e-06, 4498.66
1.62078e-06, 260.77
1.62398e-06, 41.2149
1.63081e-06, 0.473235
1.63454e-06, 1.32226
1.64e-06, 1.59809



