

z(m), Y
-1e-06, 1930.47
-1e-06, 1930.47
-9.69812e-07, 5897.04
-9.56094e-07, 8665.05
-9.37841e-07, 12879.9
-9.02223e-07, 18946.2
-8.29742e-07, 29886.3
-8.18302e-07, 31577.2
-8.10893e-07, 33583.3
-7.1826e-07, 52912.1
-6.83548e-07, 58829.4
-6.49179e-07, 67215
-5.50027e-07, 89975.6
-4.53232e-07, 133694
-4.19762e-07, 146473
-3.76837e-07, 187216
-2.92116e-07, 253665
-2.132e-07, 406953
-1.91944e-07, 437873
-1.83081e-07, 513206
-1.56674e-07, 886727
-1.46238e-07, 1.02592e+06
-1.43073e-07, 1.12009e+06
-1.31362e-07, 1.61232e+06
-1.185e-07, 2.10188e+06
-1.15482e-07, 2.44748e+06
-1.12324e-07, 3.31398e+06
-1.07548e-07, 4.94031e+06
-1.0493e-07, 8.48603e+06
-1.04807e-07, 8.44771e+06
-1e-07, 2.59879e+06
-9.68305e-08, 1.60101e+06
-9.52407e-08, 3.18906e+06
-9.36474e-08, 2.48355e+06
-9.10663e-08, 683929
-8.48544e-08, 300116
-7.88159e-08, 108325
-7.39338e-08, 63097.3
-6.5106e-08, 8726.77
-5.72016e-08, 3161.78
-5.43129e-08, 1241.63
-4.98005e-08, 2551.46
-3.73764e-08, 5858.07
-3.03069e-08, 59234.3
-2.59102e-08, 82743.8
-2.30322e-08, 129046
-1.74271e-08, 595149
-1.04511e-08, 976977
-6.24945e-09, 1.48392e+06
-1.05879e-22, 2.8713e+06
1.14628e-08, 2.25855e+06
1.71132e-08, 1.7622e+06
2.43728e-08, 1.26331e+06
3.121e-08, 951355
4.10125e-08, 683241
4.32378e-08, 607375
5.00515e-08, 499221
5.48347e-08, 408213
5.91118e-08, 361221
6.59352e-08, 283353
7.5114e-08, 226717
7.74475e-08, 213696
7.98369e-08, 199222
8.70999e-08, 158152
9.14935e-08, 139248
1.02957e-07, 106697
1.13407e-07, 85138
1.17923e-07, 75252.3
1.2378e-07, 66172.3
1.30752e-07, 53449.6
1.37352e-07, 47572.5
1.44257e-07, 42075.3
1.57808e-07, 36100.2
1.59262e-07, 35307.3
1.60347e-07, 35125
1.70261e-07, 33752.1
1.73725e-07, 33205.7
1.74202e-07, 33209
1.76135e-07, 33584.8
1.87703e-07, 35613.6
1.90833e-07, 37268.5
1.98444e-07, 40994.9
2.09559e-07, 49755.2
2.10161e-07, 50383.3
2.21914e-07, 65053.8
2.24506e-07, 69093.3
2.35402e-07, 83414.6
2.39215e-07, 88670.6
2.40495e-07, 92027.8
2.4338e-07, 102727
2.49365e-07, 125563
2.53698e-07, 134747
2.6246e-07, 154463
2.69026e-07, 179761
2.78369e-07, 235312
2.80083e-07, 245360
2.81389e-07, 255394
2.93593e-07, 333109
2.97913e-07, 363055
3.08942e-07, 462043
3.14848e-07, 525878
3.25847e-07, 625277
3.31726e-07, 687743
3.41214e-07, 791105
3.46234e-07, 864481
3.58708e-07, 1.05776e+06
3.60084e-07, 1.08067e+06
3.61562e-07, 1.10506e+06
3.72153e-07, 1.30847e+06
3.79861e-07, 1.41695e+06
3.85104e-07, 1.49057e+06
3.90909e-07, 1.60875e+06
3.96762e-07, 1.7169e+06
3.98988e-07, 1.76902e+06
4.0879e-07, 1.92576e+06
4.15627e-07, 2.04261e+06
4.22887e-07, 2.15607e+06
4.28537e-07, 2.24112e+06
4.4e-07, 2.4453e+06
4.49038e-07, 2.66374e+06
4.54146e-07, 2.81087e+06
4.57079e-07, 2.90306e+06
4.60367e-07, 2.96396e+06
4.6939e-07, 3.13666e+06
4.76333e-07, 3.28906e+06
4.83316e-07, 3.42566e+06
4.89947e-07, 3.56763e+06
4.9761e-07, 3.72372e+06
5.02725e-07, 3.83987e+06
5.11551e-07, 4.02441e+06
5.20539e-07, 4.21722e+06
5.25135e-07, 4.316e+06
5.30297e-07, 4.44194e+06
5.36857e-07, 4.61239e+06
5.50185e-07, 4.88278e+06
5.51752e-07, 4.91105e+06
5.65267e-07, 5.22342e+06
5.67863e-07, 5.2933e+06
5.81175e-07, 5.57273e+06
5.81991e-07, 5.58639e+06
5.82621e-07, 5.60034e+06
5.96166e-07, 5.87906e+06
6.01545e-07, 6.04262e+06
6.08744e-07, 6.18131e+06
6.25682e-07, 6.51832e+06
6.27173e-07, 6.54192e+06
6.27442e-07, 6.55259e+06
6.30786e-07, 6.61751e+06
6.42925e-07, 6.86716e+06
6.44503e-07, 6.90481e+06
6.47026e-07, 6.97122e+06
6.55726e-07, 7.21618e+06
6.63793e-07, 7.38949e+06
6.69929e-07, 7.4764e+06
6.77615e-07, 7.58577e+06
6.85396e-07, 7.85585e+06
6.89104e-07, 7.96865e+06
6.97145e-07, 8.11268e+06
7.02573e-07, 8.20895e+06
7.06791e-07, 8.30583e+06
7.14875e-07, 8.46239e+06
7.18196e-07, 8.5547e+06
7.27468e-07, 8.7369e+06
7.30202e-07, 8.80891e+06
7.4e-07, 9.46383e+06
7.45458e-07, 1.09834e+07
7.49186e-07, 1.1624e+07
7.5602e-07, 1.41188e+07
7.59225e-07, 1.50049e+07
7.71671e-07, 1.71346e+07
7.74876e-07, 1.79163e+07
7.77917e-07, 1.91061e+07
7.8194e-07, 2.06826e+07
7.84626e-07, 2.14151e+07
7.9e-07, 2.28297e+07
8.05e-07, 2.34024e+07
8.2e-07, 2.17021e+07
8.26077e-07, 1.75381e+07
8.3038e-07, 1.67338e+07
8.37846e-07, 1.68359e+07
8.42917e-07, 1.6891e+07
8.54709e-07, 1.69711e+07
8.63823e-07, 1.70623e+07
8.6802e-07, 1.71153e+07
8.7318e-07, 1.71907e+07
8.78956e-07, 1.72566e+07
8.82125e-07, 1.73029e+07
8.92623e-07, 1.73808e+07
9.00661e-07, 1.74207e+07
9.09254e-07, 1.75287e+07
9.11085e-07, 1.75564e+07
9.15435e-07, 1.76252e+07
9.19016e-07, 1.76742e+07
9.20232e-07, 1.76872e+07
9.30504e-07, 1.77552e+07
9.34726e-07, 1.78273e+07
9.38608e-07, 1.78929e+07
9.44291e-07, 1.79315e+07
9.57303e-07, 1.80165e+07
9.6135e-07, 1.80558e+07
9.64734e-07, 1.80895e+07
9.70784e-07, 1.816e+07
9.73822e-07, 1.82126e+07
9.74406e-07, 1.82199e+07
9.74904e-07, 1.82271e+07
9.77256e-07, 1.82528e+07
9.78145e-07, 1.82697e+07
9.7845e-07, 1.82761e+07
9.8e-07, 1.82448e+07
9.80762e-07, 1.79871e+07
9.81246e-07, 1.76545e+07
9.81471e-07, 1.74914e+07
9.81584e-07, 1.74281e+07
9.82952e-07, 1.69439e+07
9.84486e-07, 1.60672e+07
9.84841e-07, 1.59022e+07
9.8502e-07, 1.57948e+07
9.87617e-07, 1.37875e+07
9.9181e-07, 1.15356e+07
9.9758e-07, 9.78082e+06
1.00856e-06, 6.16538e+06
1.01267e-06, 5.13356e+06
1.01615e-06, 4.33991e+06
1.02734e-06, 1.71259e+06
1.03151e-06, 1.29637e+06
1.04232e-06, 235903
1.04246e-06, 231713
1.04279e-06, 228199
1.05808e-06, 52471.5
1.06285e-06, 34373.2
1.07131e-06, 9825.91
1.08109e-06, 4072.4
1.08261e-06, 3151.92
1.0833e-06, 3027.18
1.09504e-06, 2027.66
1.10158e-06, 3676.8
1.10716e-06, 6557.33
1.11816e-06, 27514.6
1.12039e-06, 30603.6
1.12167e-06, 39365.7
1.1361e-06, 156375
1.14229e-06, 386251
1.14829e-06, 648804
1.16e-06, 1.0507e+06
1.17011e-06, 567696
1.17302e-06, 308930
1.18263e-06, 47566.2
1.18588e-06, 26165.6
1.19254e-06, 16760.3
1.19998e-06, 2263.21
1.20835e-06, 1192.59
1.21544e-06, 169.257
1.21941e-06, 119.413
1.23321e-06, 19.0893
1.23462e-06, 18.0282
1.24537e-06, 11.5631
1.2524e-06, 11.9373
1.2588e-06, 13.0855
1.27029e-06, 38.3183
1.27157e-06, 39.5276
1.27341e-06, 64.7073
1.28826e-06, 411.254
1.2926e-06, 980.06
1.30193e-06, 4984.97
1.30457e-06, 11257.3
1.3129e-06, 73506.7
1.31998e-06, 396026
1.32867e-06, 823632
1.34e-06, 1.5056e+06
1.34633e-06, 786318
1.35017e-06, 495878
1.35587e-06, 283577
1.36068e-06, 22972.3
1.36544e-06, 11898.7
1.38081e-06, 1929.33
1.38225e-06, 472.675
1.38256e-06, 308.05
1.38279e-06, 293.471
1.39218e-06, 9.46622
1.39498e-06, 7.59613
1.40323e-06, 5.94778
1.40514e-06, 6.29214
1.41125e-06, 30.2606
1.41493e-06, 43.0523
1.4164e-06, 168.536
1.42957e-06, 1372.26
1.43505e-06, 12672.5
1.44327e-06, 30521.9
1.44743e-06, 155263
1.45152e-06, 445890
1.45419e-06, 1.37926e+06
1.45596e-06, 2.73971e+06
1.45722e-06, 4.90878e+06
1.45814e-06, 1.1547e+07
1.45846e-06, 1.41371e+07
1.46e-06, 3.30448e+07
1.46103e-06, 5.74305e+07
1.4614e-06, 5.0756e+07
1.46222e-06, 4.27806e+07
1.46335e-06, 3.55866e+07
1.46444e-06, 2.5206e+07
1.46556e-06, 1.43297e+07
1.4675e-06, 7.66104e+06
1.475e-06, 7.54339e+06
1.49e-06, 7.78094e+06
1.50457e-06, 5.75079e+06
1.50834e-06, 3.62465e+06
1.51334e-06, 2.29247e+06
1.5196e-06, 171279
1.52789e-06, 43942.4
1.53059e-06, 11589
1.53893e-06, 1512.52
1.54051e-06, 534.317
1.54088e-06, 1142.91
1.54796e-06, 18108.3
1.55651e-06, 280668
1.55994e-06, 351463
1.56394e-06, 1.04441e+06
1.57507e-06, 8.09241e+06
1.57844e-06, 1.48291e+07
1.59e-06, 1.31512e+07
1.6014e-06, 208882
1.6068e-06, 91881.8
1.6153e-06, 60949.8
1.62398e-06, 191.457
1.62703e-06, 107.314
1.62935e-06, 70.4953
1.64e-06, 1.51125



