DEVICE NUMBER: 
COMMENTS: 
KEITHLEY VOLTAGE: -5.000000E+00 V
FREQUENCY SWEEP RUN TIME: 962.44 s
TOTAL RUN TIME: 1078.59 s
RF Link Loss File (.xlsx): None
RF Probe Loss File (.s2p): C:/Users/jcchighpower/Desktop/Jeongyong/Bias_tee+cable_cal/S21_cal_bias_tee_cal.s2p
INITIAL PHOTOCURRENT: -0.509 (mA)
STARTING WAVELENGTH FOR LASER 3: 1555.6 (nm) : STARTING WAVELENGTH FOR LASER 4: 1555.012 (nm) : DELAY: 3.5 (s) 
DATE: 03/27/2026
TIME: 13:42:36

F_BEAT(GHz)	I_PD (mA)	Raw RF POW (dBm)	Total RF Loss (dB)	Probe RF Loss (dB)	Link RF Loss (dB)	Cal RF POW (dBm)	VOA P Actual (dBm)
0.50      	-5.0900e-01	-22.36    	0.14      	0.14      	0.00      	-22.22    	0.336     
1.00      	-5.0900e-01	-22.63    	0.23      	0.23      	0.00      	-22.40    	0.334     
1.50      	-5.0800e-01	-22.61    	0.40      	0.40      	0.00      	-22.21    	0.330     
2.00      	-5.0900e-01	-23.04    	0.56      	0.56      	0.00      	-22.48    	0.330     
2.50      	-5.0900e-01	-23.45    	0.46      	0.46      	0.00      	-22.99    	0.328     
3.08      	-5.0900e-01	-23.25    	0.42      	0.42      	0.00      	-22.83    	0.325     
3.58      	-5.0900e-01	-22.88    	0.41      	0.41      	0.00      	-22.47    	0.322     
4.08      	-5.0900e-01	-23.15    	0.41      	0.41      	0.00      	-22.74    	0.319     
4.42      	-5.0900e-01	-22.87    	0.38      	0.38      	0.00      	-22.49    	0.317     
5.08      	-5.0900e-01	-23.64    	0.40      	0.40      	0.00      	-23.24    	0.314     
5.58      	-5.0900e-01	-23.10    	0.42      	0.42      	0.00      	-22.68    	0.312     
5.92      	-5.0900e-01	-23.91    	0.43      	0.43      	0.00      	-23.48    	0.311     
6.67      	-5.0900e-01	-23.77    	0.47      	0.47      	0.00      	-23.30    	0.308     
7.17      	-5.0900e-01	-23.83    	0.48      	0.48      	0.00      	-23.35    	0.306     
7.67      	-5.0800e-01	-23.53    	0.49      	0.49      	0.00      	-23.04    	0.300     
8.17      	-5.0800e-01	-23.50    	0.48      	0.48      	0.00      	-23.02    	0.298     
8.67      	-5.0900e-01	-23.87    	0.39      	0.39      	0.00      	-23.48    	0.296     
9.33      	-5.0900e-01	-24.35    	0.10      	0.10      	0.00      	-24.25    	0.298     
9.83      	-5.0900e-01	-24.12    	0.33      	0.33      	0.00      	-23.79    	0.297     
10.33     	-5.0900e-01	-24.73    	0.20      	0.20      	0.00      	-24.53    	0.296     
10.83     	-5.1000e-01	-24.35    	0.09      	0.09      	0.00      	-24.26    	0.296     
11.17     	-5.1000e-01	-24.10    	0.00      	0.00      	0.00      	-24.10    	0.297     
11.67     	-5.1000e-01	-23.77    	0.06      	0.06      	0.00      	-23.71    	0.297     
12.17     	-5.1100e-01	-24.99    	0.01      	0.01      	0.00      	-24.98    	0.299     
12.67     	-5.1100e-01	-24.92    	0.15      	0.15      	0.00      	-24.77    	0.301     
13.17     	-5.1100e-01	-25.16    	0.35      	0.35      	0.00      	-24.81    	0.303     
13.83     	-5.1200e-01	-25.92    	0.56      	0.56      	0.00      	-25.36    	0.305     
14.17     	-5.1300e-01	-25.50    	0.52      	0.52      	0.00      	-24.98    	0.308     
14.67     	-5.1300e-01	-25.29    	0.63      	0.63      	0.00      	-24.66    	0.310     
15.33     	-5.1300e-01	-25.36    	0.76      	0.76      	0.00      	-24.60    	0.311     
15.67     	-5.1400e-01	-25.76    	0.75      	0.75      	0.00      	-25.01    	0.312     
16.17     	-5.1400e-01	-25.12    	0.67      	0.67      	0.00      	-24.45    	0.312     
16.67     	-5.1400e-01	-27.19    	0.51      	0.51      	0.00      	-26.68    	0.312     
17.17     	-5.1400e-01	-26.81    	0.24      	0.24      	0.00      	-26.57    	0.312     
17.67     	-5.1400e-01	-26.83    	0.35      	0.35      	0.00      	-26.48    	0.313     
18.17     	-5.1500e-01	-26.19    	0.36      	0.36      	0.00      	-25.83    	0.314     
18.67     	-5.1500e-01	-26.26    	0.67      	0.67      	0.00      	-25.59    	0.316     
19.17     	-5.1600e-01	-26.42    	1.12      	1.12      	0.00      	-25.30    	0.318     
19.67     	-5.1600e-01	-26.65    	1.30      	1.30      	0.00      	-25.35    	0.320     
20.33     	-5.1600e-01	-27.20    	1.68      	1.68      	0.00      	-25.52    	0.321     
20.83     	-5.1700e-01	-28.72    	2.09      	2.09      	0.00      	-26.63    	0.321     
21.33     	-5.1700e-01	-27.38    	2.01      	2.01      	0.00      	-25.37    	0.321     
21.83     	-5.1700e-01	-27.81    	1.67      	1.67      	0.00      	-26.14    	0.321     
22.33     	-5.1700e-01	-27.11    	1.41      	1.41      	0.00      	-25.70    	0.321     
22.83     	-5.1700e-01	-27.91    	1.27      	1.27      	0.00      	-26.64    	0.322     
23.17     	-5.1700e-01	-27.68    	1.24      	1.24      	0.00      	-26.44    	0.322     
24.00     	-5.1700e-01	-28.96    	1.24      	1.24      	0.00      	-27.72    	0.323     
24.50     	-5.1800e-01	-29.22    	1.25      	1.25      	0.00      	-27.97    	0.325     
25.00     	-5.1800e-01	-29.40    	1.23      	1.23      	0.00      	-28.17    	0.325     
25.50     	-5.1800e-01	-29.26    	1.15      	1.15      	0.00      	-28.11    	0.326     
25.83     	-5.1800e-01	-29.18    	1.09      	1.09      	0.00      	-28.09    	0.325     
26.33     	-5.1800e-01	-28.84    	0.98      	0.98      	0.00      	-27.86    	0.324     
27.08     	-5.1800e-01	-30.29    	0.96      	0.96      	0.00      	-29.33    	0.323     
27.42     	-5.1700e-01	-30.12    	0.94      	0.94      	0.00      	-29.18    	0.321     
28.08     	-5.1700e-01	-30.82    	0.98      	0.98      	0.00      	-29.84    	0.319     
28.58     	-5.1700e-01	-30.69    	0.98      	0.98      	0.00      	-29.71    	0.316     
28.92     	-5.1700e-01	-30.27    	1.00      	1.00      	0.00      	-29.27    	0.314     
29.58     	-5.1600e-01	-30.17    	1.10      	1.10      	0.00      	-29.07    	0.312     
29.92     	-5.1600e-01	-30.07    	1.24      	1.24      	0.00      	-28.83    	0.309     
30.58     	-5.1600e-01	-32.58    	1.23      	1.23      	0.00      	-31.35    	0.307     
