Freq_GHz	Norm_dB_model_hole
0.1	-2.57956e-05
0.109982	-3.19605e-05
0.119964	-3.87115e-05
0.129946	-4.60487e-05
0.139928	-5.39721e-05
0.14991	-6.24816e-05
0.159892	-7.15772e-05
0.169874	-8.1259e-05
0.179856	-9.1527e-05
0.189838	-0.000102381
0.19982	-0.000113822
0.209802	-0.000125848
0.219784	-0.000138461
0.229766	-0.00015166
0.239748	-0.000165445
0.24973	-0.000179816
0.259712	-0.000194774
0.269694	-0.000210318
0.279676	-0.000226448
0.289658	-0.000243164
0.29964	-0.000260467
0.309622	-0.000278355
0.319604	-0.000296831
0.329586	-0.000315892
0.339568	-0.00033554
0.34955	-0.000355774
0.359532	-0.000376594
0.369514	-0.000398001
0.379496	-0.000419994
0.389478	-0.000442573
0.39946	-0.000465739
0.409442	-0.000489491
0.419424	-0.00051383
0.429406	-0.000538755
0.439388	-0.000564267
0.44937	-0.000590365
0.459352	-0.000617049
0.469334	-0.00064432
0.479316	-0.000672177
0.489298	-0.000700621
0.49928	-0.000729651
0.509262	-0.000759268
0.519244	-0.000789472
0.529226	-0.000820262
0.539208	-0.000851639
0.54919	-0.000883602
0.559172	-0.000916152
0.569154	-0.000949288
0.579136	-0.000983012
0.589118	-0.00101732
0.5991	-0.00105222
0.609082	-0.0010877
0.619064	-0.00112377
0.629046	-0.00116043
0.639028	-0.00119767
0.64901	-0.0012355
0.658992	-0.00127392
0.668974	-0.00131292
0.678956	-0.00135252
0.688938	-0.00139269
0.69892	-0.00143346
0.708902	-0.00147481
0.718884	-0.00151675
0.728866	-0.00155927
0.738848	-0.00160239
0.74883	-0.00164609
0.758812	-0.00169037
0.768794	-0.00173525
0.778776	-0.00178071
0.788758	-0.00182676
0.79874	-0.00187339
0.808722	-0.00192062
0.818704	-0.00196843
0.828686	-0.00201682
0.838668	-0.00206581
0.84865	-0.00211538
0.858632	-0.00216554
0.868614	-0.00221629
0.878596	-0.00226762
0.888578	-0.00231954
0.89856	-0.00237205
0.908542	-0.00242515
0.918524	-0.00247883
0.928506	-0.0025331
0.938488	-0.00258796
0.94847	-0.00264341
0.958452	-0.00269944
0.968434	-0.00275606
0.978416	-0.00281327
0.988398	-0.00287107
0.99838	-0.00292945
1.00836	-0.00298843
1.01834	-0.00304799
1.02833	-0.00310814
1.03831	-0.00316887
1.04829	-0.0032302
1.05827	-0.00329211
1.06825	-0.00335461
1.07824	-0.0034177
1.08822	-0.00348138
1.0982	-0.00354564
1.10818	-0.00361049
1.11816	-0.00367594
1.12815	-0.00374196
1.13813	-0.00380858
1.14811	-0.00387579
1.15809	-0.00394358
1.16807	-0.00401197
1.17806	-0.00408094
1.18804	-0.0041505
1.19802	-0.00422064
1.208	-0.00429138
1.21798	-0.00436271
1.22797	-0.00443462
1.23795	-0.00450712
1.24793	-0.00458021
1.25791	-0.0046539
1.26789	-0.00472816
1.27788	-0.00480302
1.28786	-0.00487847
1.29784	-0.0049545
1.30782	-0.00503113
1.3178	-0.00510834
1.32779	-0.00518615
1.33777	-0.00526454
1.34775	-0.00534352
1.35773	-0.00542309
1.36771	-0.00550325
1.3777	-0.005584
1.38768	-0.00566533
1.39766	-0.00574726
1.40764	-0.00582978
1.41762	-0.00591289
1.42761	-0.00599658
1.43759	-0.00608087
1.44757	-0.00616574
1.45755	-0.00625121
1.46753	-0.00633726
1.47752	-0.00642391
1.4875	-0.00651114
1.49748	-0.00659896
1.50746	-0.00668738
1.51744	-0.00677638
1.52743	-0.00686597
1.53741	-0.00695616
1.54739	-0.00704693
1.55737	-0.0071383
1.56735	-0.00723025
1.57734	-0.0073228
1.58732	-0.00741593
1.5973	-0.00750966
1.60728	-0.00760397
1.61726	-0.00769888
1.62725	-0.00779438
1.63723	-0.00789046
1.64721	-0.00798714
1.65719	-0.00808441
1.66717	-0.00818227
1.67716	-0.00828072
1.68714	-0.00837976
1.69712	-0.0084794
1.7071	-0.00857962
1.71708	-0.00868043
1.72707	-0.00878184
1.73705	-0.00888384
1.74703	-0.00898643
1.75701	-0.0090896
1.76699	-0.00919338
1.77698	-0.00929774
1.78696	-0.00940269
1.79694	-0.00950824
1.80692	-0.00961437
1.8169	-0.0097211
1.82689	-0.00982842
1.83687	-0.00993633
1.84685	-0.0100448
1.85683	-0.0101539
1.86681	-0.0102636
1.8768	-0.0103739
1.88678	-0.0104848
1.89676	-0.0105962
1.90674	-0.0107083
1.91672	-0.0108209
1.92671	-0.0109342
1.93669	-0.011048
1.94667	-0.0111624
1.95665	-0.0112775
1.96663	-0.0113931
1.97662	-0.0115093
1.9866	-0.0116261
1.99658	-0.0117435
2.00656	-0.0118614
2.01654	-0.01198
2.02653	-0.0120992
2.03651	-0.0122189
2.04649	-0.0123393
2.05647	-0.0124602
2.06645	-0.0125818
2.07644	-0.0127039
2.08642	-0.0128266
2.0964	-0.01295
2.10638	-0.0130739
2.11636	-0.0131984
2.12635	-0.0133235
2.13633	-0.0134492
2.14631	-0.0135755
2.15629	-0.0137024
2.16627	-0.0138298
2.17626	-0.0139579
2.18624	-0.0140866
2.19622	-0.0142158
2.2062	-0.0143457
2.21618	-0.0144761
2.22617	-0.0146072
2.23615	-0.0147388
2.24613	-0.0148711
2.25611	-0.0150039
2.26609	-0.0151373
2.27608	-0.0152713
2.28606	-0.0154059
2.29604	-0.0155411
2.30602	-0.0156769
2.316	-0.0158133
2.32599	-0.0159503
2.33597	-0.0160879
2.34595	-0.0162261
2.35593	-0.0163649
2.36591	-0.0165042
2.3759	-0.0166442
2.38588	-0.0167848
2.39586	-0.0169259
2.40584	-0.0170677
2.41582	-0.0172101
2.42581	-0.017353
2.43579	-0.0174965
2.44577	-0.0176407
2.45575	-0.0177854
2.46573	-0.0179308
2.47572	-0.0180767
2.4857	-0.0182232
2.49568	-0.0183703
2.50566	-0.0185181
2.51564	-0.0186664
2.52563	-0.0188153
2.53561	-0.0189648
2.54559	-0.0191149
2.55557	-0.0192656
2.56555	-0.0194169
2.57554	-0.0195688
2.58552	-0.0197213
2.5955	-0.0198744
2.60548	-0.0200281
2.61546	-0.0201824
2.62545	-0.0203373
2.63543	-0.0204927
2.64541	-0.0206488
2.65539	-0.0208055
2.66537	-0.0209628
2.67536	-0.0211207
2.68534	-0.0212791
2.69532	-0.0214382
2.7053	-0.0215979
2.71528	-0.0217581
2.72527	-0.021919
2.73525	-0.0220805
2.74523	-0.0222425
2.75521	-0.0224052
2.76519	-0.0225685
2.77518	-0.0227323
2.78516	-0.0228968
2.79514	-0.0230619
2.80512	-0.0232275
2.8151	-0.0233938
2.82509	-0.0235606
2.83507	-0.0237281
2.84505	-0.0238962
2.85503	-0.0240648
2.86501	-0.0242341
2.87499	-0.0244039
2.88498	-0.0245744
2.89496	-0.0247455
2.90494	-0.0249171
2.91492	-0.0250894
2.9249	-0.0252622
2.93489	-0.0254357
2.94487	-0.0256098
2.95485	-0.0257844
2.96483	-0.0259597
2.97481	-0.0261355
2.9848	-0.026312
2.99478	-0.0264891
3.00476	-0.0266667
3.01474	-0.026845
3.02472	-0.0270239
3.03471	-0.0272034
3.04469	-0.0273834
3.05467	-0.0275641
3.06465	-0.0277454
3.07463	-0.0279273
3.08462	-0.0281098
3.0946	-0.0282928
3.10458	-0.0284765
3.11456	-0.0286608
3.12454	-0.0288457
3.13453	-0.0290312
3.14451	-0.0292173
3.15449	-0.029404
3.16447	-0.0295913
3.17445	-0.0297792
3.18444	-0.0299677
3.19442	-0.0301568
3.2044	-0.0303465
3.21438	-0.0305369
3.22436	-0.0307278
3.23435	-0.0309193
3.24433	-0.0311114
3.25431	-0.0313042
3.26429	-0.0314975
3.27427	-0.0316915
3.28426	-0.031886
3.29424	-0.0320812
3.30422	-0.0322769
3.3142	-0.0324733
3.32418	-0.0326702
3.33417	-0.0328678
3.34415	-0.033066
3.35413	-0.0332648
3.36411	-0.0334642
3.37409	-0.0336641
3.38408	-0.0338647
3.39406	-0.0340659
3.40404	-0.0342678
3.41402	-0.0344702
3.424	-0.0346732
3.43399	-0.0348768
3.44397	-0.035081
3.45395	-0.0352859
3.46393	-0.0354913
3.47391	-0.0356974
3.4839	-0.035904
3.49388	-0.0361113
3.50386	-0.0363192
3.51384	-0.0365276
3.52382	-0.0367367
3.53381	-0.0369464
3.54379	-0.0371567
3.55377	-0.0373676
3.56375	-0.0375791
3.57373	-0.0377913
3.58372	-0.038004
3.5937	-0.0382173
3.60368	-0.0384313
3.61366	-0.0386458
3.62364	-0.038861
3.63363	-0.0390767
3.64361	-0.0392931
3.65359	-0.0395101
3.66357	-0.0397277
3.67355	-0.0399459
3.68354	-0.0401647
3.69352	-0.0403841
3.7035	-0.0406042
3.71348	-0.0408248
3.72346	-0.0410461
3.73345	-0.0412679
3.74343	-0.0414904
3.75341	-0.0417135
3.76339	-0.0419372
3.77337	-0.0421615
3.78336	-0.0423864
3.79334	-0.0426119
3.80332	-0.042838
3.8133	-0.0430648
3.82328	-0.0432921
3.83327	-0.0435201
3.84325	-0.0437487
3.85323	-0.0439778
3.86321	-0.0442076
3.87319	-0.044438
3.88318	-0.0446691
3.89316	-0.0449007
3.90314	-0.0451329
3.91312	-0.0453658
3.9231	-0.0455992
3.93309	-0.0458333
3.94307	-0.046068
3.95305	-0.0463033
3.96303	-0.0465392
3.97301	-0.0467758
3.983	-0.0470129
3.99298	-0.0472507
4.00296	-0.047489
4.01294	-0.047728
4.02292	-0.0479676
4.03291	-0.0482078
4.04289	-0.0484486
4.05287	-0.0486901
4.06285	-0.0489321
4.07283	-0.0491748
4.08282	-0.0494181
4.0928	-0.0496619
4.10278	-0.0499064
4.11276	-0.0501516
4.12274	-0.0503973
4.13273	-0.0506437
4.14271	-0.0508906
4.15269	-0.0511382
4.16267	-0.0513864
4.17265	-0.0516352
4.18264	-0.0518846
4.19262	-0.0521347
4.2026	-0.0523853
4.21258	-0.0526366
4.22256	-0.0528885
4.23255	-0.053141
4.24253	-0.0533941
4.25251	-0.0536479
4.26249	-0.0539022
4.27247	-0.0541572
4.28246	-0.0544128
4.29244	-0.054669
4.30242	-0.0549258
4.3124	-0.0551833
4.32238	-0.0554413
4.33237	-0.0557
4.34235	-0.0559593
4.35233	-0.0562192
4.36231	-0.0564797
4.37229	-0.0567409
4.38228	-0.0570026
4.39226	-0.057265
4.40224	-0.057528
4.41222	-0.0577917
4.4222	-0.0580559
4.43219	-0.0583208
4.44217	-0.0585862
4.45215	-0.0588523
4.46213	-0.0591191
4.47211	-0.0593864
4.4821	-0.0596544
4.49208	-0.0599229
4.50206	-0.0601921
4.51204	-0.060462
4.52202	-0.0607324
4.53201	-0.0610035
4.54199	-0.0612752
4.55197	-0.0615475
4.56195	-0.0618204
4.57193	-0.0620939
4.58192	-0.0623681
4.5919	-0.0626429
4.60188	-0.0629183
4.61186	-0.0631943
4.62184	-0.063471
4.63183	-0.0637483
4.64181	-0.0640262
4.65179	-0.0643047
4.66177	-0.0645838
4.67175	-0.0648636
4.68174	-0.065144
4.69172	-0.065425
4.7017	-0.0657066
4.71168	-0.0659889
4.72166	-0.0662718
4.73165	-0.0665553
4.74163	-0.0668394
4.75161	-0.0671242
4.76159	-0.0674096
4.77157	-0.0676956
4.78156	-0.0679822
4.79154	-0.0682695
4.80152	-0.0685573
4.8115	-0.0688458
4.82148	-0.069135
4.83147	-0.0694247
4.84145	-0.0697151
4.85143	-0.0700061
4.86141	-0.0702977
4.87139	-0.07059
4.88138	-0.0708829
4.89136	-0.0711764
4.90134	-0.0714705
4.91132	-0.0717653
4.9213	-0.0720607
4.93129	-0.0723567
4.94127	-0.0726533
4.95125	-0.0729506
4.96123	-0.0732485
4.97121	-0.073547
4.9812	-0.0738462
4.99118	-0.074146
5.00116	-0.0744464
5.01114	-0.0747474
5.02112	-0.0750491
5.03111	-0.0753514
5.04109	-0.0756543
5.05107	-0.0759579
5.06105	-0.0762621
5.07103	-0.0765669
5.08102	-0.0768723
5.091	-0.0771784
5.10098	-0.0774851
5.11096	-0.0777924
5.12094	-0.0781004
5.13093	-0.078409
5.14091	-0.0787182
5.15089	-0.0790281
5.16087	-0.0793386
5.17085	-0.0796497
5.18084	-0.0799614
5.19082	-0.0802738
5.2008	-0.0805868
5.21078	-0.0809005
5.22076	-0.0812147
5.23075	-0.0815296
5.24073	-0.0818452
5.25071	-0.0821613
5.26069	-0.0824782
5.27067	-0.0827956
5.28066	-0.0831137
5.29064	-0.0834324
5.30062	-0.0837517
5.3106	-0.0840717
5.32058	-0.0843923
5.33057	-0.0847135
5.34055	-0.0850354
5.35053	-0.0853579
5.36051	-0.085681
5.37049	-0.0860048
5.38048	-0.0863292
5.39046	-0.0866543
5.40044	-0.0869799
5.41042	-0.0873063
5.4204	-0.0876332
5.43039	-0.0879608
5.44037	-0.088289
5.45035	-0.0886179
5.46033	-0.0889474
5.47031	-0.0892775
5.4803	-0.0896083
5.49028	-0.0899397
5.50026	-0.0902717
5.51024	-0.0906044
5.52022	-0.0909377
5.53021	-0.0912717
5.54019	-0.0916063
5.55017	-0.0919415
5.56015	-0.0922774
5.57013	-0.0926139
5.58012	-0.092951
5.5901	-0.0932888
5.60008	-0.0936272
5.61006	-0.0939663
5.62004	-0.094306
5.63003	-0.0946463
5.64001	-0.0949873
5.64999	-0.0953289
5.65997	-0.0956712
5.66995	-0.0960141
5.67994	-0.0963576
5.68992	-0.0967018
5.6999	-0.0970466
5.70988	-0.0973921
5.71986	-0.0977382
5.72985	-0.0980849
5.73983	-0.0984323
5.74981	-0.0987803
5.75979	-0.099129
5.76977	-0.0994783
5.77976	-0.0998282
5.78974	-0.100179
5.79972	-0.10053
5.8097	-0.100882
5.81968	-0.101234
5.82967	-0.101588
5.83965	-0.101941
5.84963	-0.102296
5.85961	-0.102651
5.86959	-0.103007
5.87958	-0.103363
5.88956	-0.10372
5.89954	-0.104078
5.90952	-0.104436
5.9195	-0.104795
5.92949	-0.105155
5.93947	-0.105515
5.94945	-0.105876
5.95943	-0.106237
5.96941	-0.1066
5.9794	-0.106962
5.98938	-0.107326
5.99936	-0.10769
6.00934	-0.108055
6.01932	-0.10842
6.02931	-0.108786
6.03929	-0.109153
6.04927	-0.10952
6.05925	-0.109888
6.06923	-0.110257
6.07922	-0.110626
6.0892	-0.110996
6.09918	-0.111367
6.10916	-0.111738
6.11914	-0.11211
6.12913	-0.112483
6.13911	-0.112856
6.14909	-0.11323
6.15907	-0.113604
6.16905	-0.113979
6.17904	-0.114355
6.18902	-0.114732
6.199	-0.115109
6.20898	-0.115486
6.21896	-0.115865
6.22895	-0.116244
6.23893	-0.116624
6.24891	-0.117004
6.25889	-0.117385
6.26887	-0.117767
6.27886	-0.118149
6.28884	-0.118532
6.29882	-0.118916
6.3088	-0.1193
6.31878	-0.119685
6.32877	-0.12007
6.33875	-0.120457
6.34873	-0.120844
6.35871	-0.121231
6.36869	-0.121619
6.37868	-0.122008
6.38866	-0.122398
6.39864	-0.122788
6.40862	-0.123179
6.4186	-0.12357
6.42859	-0.123962
6.43857	-0.124355
6.44855	-0.124748
6.45853	-0.125142
6.46851	-0.125537
6.4785	-0.125933
6.48848	-0.126329
6.49846	-0.126725
6.50844	-0.127123
6.51842	-0.127521
6.52841	-0.127919
6.53839	-0.128319
6.54837	-0.128719
6.55835	-0.12912
6.56833	-0.129521
6.57832	-0.129923
6.5883	-0.130325
6.59828	-0.130729
6.60826	-0.131133
6.61824	-0.131537
6.62823	-0.131943
6.63821	-0.132349
6.64819	-0.132755
6.65817	-0.133162
6.66815	-0.13357
6.67814	-0.133979
6.68812	-0.134388
6.6981	-0.134798
6.70808	-0.135209
6.71806	-0.13562
6.72805	-0.136032
6.73803	-0.136444
6.74801	-0.136857
6.75799	-0.137271
6.76797	-0.137686
6.77796	-0.138101
6.78794	-0.138517
6.79792	-0.138933
6.8079	-0.139351
6.81788	-0.139769
6.82787	-0.140187
6.83785	-0.140606
6.84783	-0.141026
6.85781	-0.141447
6.86779	-0.141868
6.87778	-0.14229
6.88776	-0.142712
6.89774	-0.143135
6.90772	-0.143559
6.9177	-0.143984
6.92769	-0.144409
6.93767	-0.144835
6.94765	-0.145261
6.95763	-0.145688
6.96761	-0.146116
6.9776	-0.146545
6.98758	-0.146974
6.99756	-0.147404
7.00754	-0.147834
7.01752	-0.148265
7.02751	-0.148697
7.03749	-0.14913
7.04747	-0.149563
7.05745	-0.149997
7.06743	-0.150431
7.07742	-0.150867
7.0874	-0.151302
7.09738	-0.151739
7.10736	-0.152176
7.11734	-0.152614
7.12733	-0.153053
7.13731	-0.153492
7.14729	-0.153932
7.15727	-0.154372
7.16725	-0.154813
7.17724	-0.155255
7.18722	-0.155698
7.1972	-0.156141
7.20718	-0.156585
7.21716	-0.15703
7.22715	-0.157475
7.23713	-0.157921
7.24711	-0.158368
7.25709	-0.158815
7.26707	-0.159263
7.27706	-0.159711
7.28704	-0.160161
7.29702	-0.160611
7.307	-0.161061
7.31698	-0.161513
7.32697	-0.161965
7.33695	-0.162418
7.34693	-0.162871
7.35691	-0.163325
7.36689	-0.16378
7.37688	-0.164235
7.38686	-0.164691
7.39684	-0.165148
7.40682	-0.165605
7.4168	-0.166063
7.42679	-0.166522
7.43677	-0.166982
7.44675	-0.167442
7.45673	-0.167903
7.46671	-0.168364
7.4767	-0.168826
7.48668	-0.169289
7.49666	-0.169753
7.50664	-0.170217
7.51662	-0.170682
7.52661	-0.171148
7.53659	-0.171614
7.54657	-0.172081
7.55655	-0.172548
7.56653	-0.173017
7.57652	-0.173486
7.5865	-0.173955
7.59648	-0.174426
7.60646	-0.174897
7.61644	-0.175368
7.62643	-0.175841
7.63641	-0.176314
7.64639	-0.176788
7.65637	-0.177262
7.66635	-0.177737
7.67634	-0.178213
7.68632	-0.17869
7.6963	-0.179167
7.70628	-0.179645
7.71626	-0.180123
7.72625	-0.180603
7.73623	-0.181083
7.74621	-0.181563
7.75619	-0.182044
7.76617	-0.182526
7.77616	-0.183009
7.78614	-0.183493
7.79612	-0.183977
7.8061	-0.184461
7.81608	-0.184947
7.82607	-0.185433
7.83605	-0.18592
7.84603	-0.186407
7.85601	-0.186895
7.86599	-0.187384
7.87598	-0.187874
7.88596	-0.188364
7.89594	-0.188855
7.90592	-0.189347
7.9159	-0.189839
7.92589	-0.190332
7.93587	-0.190826
7.94585	-0.19132
7.95583	-0.191815
7.96581	-0.192311
7.9758	-0.192808
7.98578	-0.193305
7.99576	-0.193803
8.00574	-0.194301
8.01572	-0.1948
8.02571	-0.1953
8.03569	-0.195801
8.04567	-0.196302
8.05565	-0.196804
8.06563	-0.197307
8.07562	-0.19781
8.0856	-0.198315
8.09558	-0.198819
8.10556	-0.199325
8.11554	-0.199831
8.12553	-0.200338
8.13551	-0.200845
8.14549	-0.201354
8.15547	-0.201863
8.16545	-0.202372
8.17544	-0.202883
8.18542	-0.203394
8.1954	-0.203906
8.20538	-0.204418
8.21536	-0.204931
8.22535	-0.205445
8.23533	-0.20596
8.24531	-0.206475
8.25529	-0.206991
8.26527	-0.207508
8.27526	-0.208025
8.28524	-0.208543
8.29522	-0.209062
8.3052	-0.209581
8.31518	-0.210101
8.32517	-0.210622
8.33515	-0.211144
8.34513	-0.211666
8.35511	-0.212189
8.36509	-0.212713
8.37508	-0.213237
8.38506	-0.213762
8.39504	-0.214288
8.40502	-0.214814
8.415	-0.215342
8.42498	-0.21587
8.43497	-0.216398
8.44495	-0.216927
8.45493	-0.217457
8.46491	-0.217988
8.47489	-0.21852
8.48488	-0.219052
8.49486	-0.219585
8.50484	-0.220118
8.51482	-0.220652
8.5248	-0.221187
8.53479	-0.221723
8.54477	-0.222259
8.55475	-0.222796
8.56473	-0.223334
8.57471	-0.223873
8.5847	-0.224412
8.59468	-0.224952
8.60466	-0.225492
8.61464	-0.226034
8.62462	-0.226576
8.63461	-0.227118
8.64459	-0.227662
8.65457	-0.228206
8.66455	-0.228751
8.67453	-0.229297
8.68452	-0.229843
8.6945	-0.23039
8.70448	-0.230938
8.71446	-0.231486
8.72444	-0.232035
8.73443	-0.232585
8.74441	-0.233136
8.75439	-0.233687
8.76437	-0.234239
8.77435	-0.234792
8.78434	-0.235345
8.79432	-0.235899
8.8043	-0.236454
8.81428	-0.237009
8.82426	-0.237566
8.83425	-0.238123
8.84423	-0.23868
8.85421	-0.239239
8.86419	-0.239798
8.87417	-0.240358
8.88416	-0.240919
8.89414	-0.24148
8.90412	-0.242042
8.9141	-0.242605
8.92408	-0.243168
8.93407	-0.243732
8.94405	-0.244297
8.95403	-0.244863
8.96401	-0.245429
8.97399	-0.245996
8.98398	-0.246564
8.99396	-0.247132
9.00394	-0.247701
9.01392	-0.248271
9.0239	-0.248842
9.03389	-0.249413
9.04387	-0.249985
9.05385	-0.250558
9.06383	-0.251132
9.07381	-0.251706
9.0838	-0.252281
9.09378	-0.252857
9.10376	-0.253433
9.11374	-0.25401
9.12372	-0.254588
9.13371	-0.255167
9.14369	-0.255746
9.15367	-0.256326
9.16365	-0.256907
9.17363	-0.257488
9.18362	-0.258071
9.1936	-0.258654
9.20358	-0.259237
9.21356	-0.259822
9.22354	-0.260407
9.23353	-0.260993
9.24351	-0.261579
9.25349	-0.262166
9.26347	-0.262754
9.27345	-0.263343
9.28344	-0.263933
9.29342	-0.264523
9.3034	-0.265114
9.31338	-0.265706
9.32336	-0.266298
9.33335	-0.266891
9.34333	-0.267485
9.35331	-0.26808
9.36329	-0.268675
9.37327	-0.269271
9.38326	-0.269868
9.39324	-0.270465
9.40322	-0.271064
9.4132	-0.271663
9.42318	-0.272262
9.43317	-0.272863
9.44315	-0.273464
9.45313	-0.274066
9.46311	-0.274668
9.47309	-0.275272
9.48308	-0.275876
9.49306	-0.276481
9.50304	-0.277086
9.51302	-0.277693
9.523	-0.2783
9.53299	-0.278908
9.54297	-0.279516
9.55295	-0.280125
9.56293	-0.280735
9.57291	-0.281346
9.5829	-0.281958
9.59288	-0.28257
9.60286	-0.283183
9.61284	-0.283796
9.62282	-0.284411
9.63281	-0.285026
9.64279	-0.285642
9.65277	-0.286259
9.66275	-0.286876
9.67273	-0.287494
9.68272	-0.288113
9.6927	-0.288733
9.70268	-0.289353
9.71266	-0.289974
9.72264	-0.290596
9.73263	-0.291218
9.74261	-0.291842
9.75259	-0.292466
9.76257	-0.293091
9.77255	-0.293716
9.78254	-0.294343
9.79252	-0.29497
9.8025	-0.295597
9.81248	-0.296226
9.82246	-0.296855
9.83245	-0.297485
9.84243	-0.298116
9.85241	-0.298747
9.86239	-0.29938
9.87237	-0.300013
9.88236	-0.300646
9.89234	-0.301281
9.90232	-0.301916
9.9123	-0.302552
9.92228	-0.303189
9.93227	-0.303826
9.94225	-0.304465
9.95223	-0.305104
9.96221	-0.305743
9.97219	-0.306384
9.98218	-0.307025
9.99216	-0.307667
10.0021	-0.30831
10.0121	-0.308953
10.0221	-0.309597
10.0321	-0.310242
10.0421	-0.310888
10.0521	-0.311535
10.062	-0.312182
10.072	-0.31283
10.082	-0.313479
10.092	-0.314128
10.102	-0.314778
10.1119	-0.315429
10.1219	-0.316081
10.1319	-0.316734
10.1419	-0.317387
10.1519	-0.318041
10.1619	-0.318696
10.1718	-0.319351
10.1818	-0.320007
10.1918	-0.320665
10.2018	-0.321322
10.2118	-0.321981
10.2217	-0.32264
10.2317	-0.3233
10.2417	-0.323961
10.2517	-0.324623
10.2617	-0.325285
10.2717	-0.325948
10.2816	-0.326612
10.2916	-0.327277
10.3016	-0.327942
10.3116	-0.328608
10.3216	-0.329275
10.3315	-0.329943
10.3415	-0.330611
10.3515	-0.33128
10.3615	-0.33195
10.3715	-0.332621
10.3815	-0.333292
10.3914	-0.333965
10.4014	-0.334638
10.4114	-0.335311
10.4214	-0.335986
10.4314	-0.336661
10.4413	-0.337337
10.4513	-0.338014
10.4613	-0.338692
10.4713	-0.33937
10.4813	-0.340049
10.4913	-0.340729
10.5012	-0.34141
10.5112	-0.342091
10.5212	-0.342773
10.5312	-0.343456
10.5412	-0.34414
10.5512	-0.344825
10.5611	-0.34551
10.5711	-0.346196
10.5811	-0.346883
10.5911	-0.34757
10.6011	-0.348258
10.611	-0.348948
10.621	-0.349637
10.631	-0.350328
10.641	-0.35102
10.651	-0.351712
10.661	-0.352405
10.6709	-0.353098
10.6809	-0.353793
10.6909	-0.354488
10.7009	-0.355184
10.7109	-0.355881
10.7208	-0.356579
10.7308	-0.357277
10.7408	-0.357976
10.7508	-0.358676
10.7608	-0.359377
10.7708	-0.360078
10.7807	-0.36078
10.7907	-0.361483
10.8007	-0.362187
10.8107	-0.362892
10.8207	-0.363597
10.8306	-0.364303
10.8406	-0.36501
10.8506	-0.365718
10.8606	-0.366426
10.8706	-0.367135
10.8806	-0.367845
10.8905	-0.368556
10.9005	-0.369268
10.9105	-0.36998
10.9205	-0.370693
10.9305	-0.371407
10.9404	-0.372122
10.9504	-0.372837
10.9604	-0.373554
10.9704	-0.374271
10.9804	-0.374988
10.9904	-0.375707
11.0003	-0.376426
11.0103	-0.377147
11.0203	-0.377868
11.0303	-0.378589
11.0403	-0.379312
11.0503	-0.380035
11.0602	-0.380759
11.0702	-0.381484
11.0802	-0.38221
11.0902	-0.382936
11.1002	-0.383663
11.1101	-0.384391
11.1201	-0.38512
11.1301	-0.38585
11.1401	-0.38658
11.1501	-0.387311
11.1601	-0.388043
11.17	-0.388776
11.18	-0.38951
11.19	-0.390244
11.2	-0.390979
11.21	-0.391715
11.2199	-0.392452
11.2299	-0.393189
11.2399	-0.393927
11.2499	-0.394666
11.2599	-0.395406
11.2699	-0.396147
11.2798	-0.396888
11.2898	-0.39763
11.2998	-0.398374
11.3098	-0.399117
11.3198	-0.399862
11.3297	-0.400607
11.3397	-0.401354
11.3497	-0.402101
11.3597	-0.402848
11.3697	-0.403597
11.3797	-0.404346
11.3896	-0.405096
11.3996	-0.405847
11.4096	-0.406599
11.4196	-0.407352
11.4296	-0.408105
11.4395	-0.408859
11.4495	-0.409614
11.4595	-0.41037
11.4695	-0.411126
11.4795	-0.411884
11.4895	-0.412642
11.4994	-0.413401
11.5094	-0.414161
11.5194	-0.414921
11.5294	-0.415683
11.5394	-0.416445
11.5493	-0.417208
11.5593	-0.417971
11.5693	-0.418736
11.5793	-0.419501
11.5893	-0.420267
11.5993	-0.421034
11.6092	-0.421802
11.6192	-0.422571
11.6292	-0.42334
11.6392	-0.42411
11.6492	-0.424881
11.6592	-0.425653
11.6691	-0.426426
11.6791	-0.427199
11.6891	-0.427973
11.6991	-0.428748
11.7091	-0.429524
11.719	-0.430301
11.729	-0.431078
11.739	-0.431856
11.749	-0.432636
11.759	-0.433415
11.769	-0.434196
11.7789	-0.434978
11.7889	-0.43576
11.7989	-0.436543
11.8089	-0.437327
11.8189	-0.438112
11.8288	-0.438897
11.8388	-0.439683
11.8488	-0.440471
11.8588	-0.441259
11.8688	-0.442047
11.8788	-0.442837
11.8887	-0.443627
11.8987	-0.444419
11.9087	-0.445211
11.9187	-0.446003
11.9287	-0.446797
11.9386	-0.447592
11.9486	-0.448387
11.9586	-0.449183
11.9686	-0.44998
11.9786	-0.450778
11.9886	-0.451576
11.9985	-0.452376
12.0085	-0.453176
12.0185	-0.453977
12.0285	-0.454779
12.0385	-0.455581
12.0484	-0.456385
12.0584	-0.457189
12.0684	-0.457994
12.0784	-0.4588
12.0884	-0.459607
12.0984	-0.460414
12.1083	-0.461223
12.1183	-0.462032
12.1283	-0.462842
12.1383	-0.463653
12.1483	-0.464464
12.1583	-0.465277
12.1682	-0.46609
12.1782	-0.466904
12.1882	-0.467719
12.1982	-0.468535
12.2082	-0.469352
12.2181	-0.470169
12.2281	-0.470987
12.2381	-0.471807
12.2481	-0.472626
12.2581	-0.473447
12.2681	-0.474269
12.278	-0.475091
12.288	-0.475914
12.298	-0.476738
12.308	-0.477563
12.318	-0.478389
12.3279	-0.479216
12.3379	-0.480043
12.3479	-0.480871
12.3579	-0.4817
12.3679	-0.48253
12.3779	-0.483361
12.3878	-0.484192
12.3978	-0.485025
12.4078	-0.485858
12.4178	-0.486692
12.4278	-0.487527
12.4377	-0.488362
12.4477	-0.489199
12.4577	-0.490036
12.4677	-0.490874
12.4777	-0.491713
12.4877	-0.492553
12.4976	-0.493394
12.5076	-0.494235
12.5176	-0.495078
12.5276	-0.495921
12.5376	-0.496765
12.5475	-0.49761
12.5575	-0.498455
12.5675	-0.499302
12.5775	-0.500149
12.5875	-0.500998
12.5975	-0.501847
12.6074	-0.502696
12.6174	-0.503547
12.6274	-0.504399
12.6374	-0.505251
12.6474	-0.506104
12.6574	-0.506959
12.6673	-0.507813
12.6773	-0.508669
12.6873	-0.509526
12.6973	-0.510383
12.7073	-0.511242
12.7172	-0.512101
12.7272	-0.512961
12.7372	-0.513821
12.7472	-0.514683
12.7572	-0.515546
12.7672	-0.516409
12.7771	-0.517273
12.7871	-0.518138
12.7971	-0.519004
12.8071	-0.519871
12.8171	-0.520738
12.827	-0.521607
12.837	-0.522476
12.847	-0.523346
12.857	-0.524217
12.867	-0.525089
12.877	-0.525962
12.8869	-0.526835
12.8969	-0.52771
12.9069	-0.528585
12.9169	-0.529461
12.9269	-0.530338
12.9368	-0.531216
12.9468	-0.532094
12.9568	-0.532974
12.9668	-0.533854
12.9768	-0.534735
12.9868	-0.535617
12.9967	-0.5365
13.0067	-0.537384
13.0167	-0.538268
13.0267	-0.539154
13.0367	-0.54004
13.0466	-0.540927
13.0566	-0.541815
13.0666	-0.542704
13.0766	-0.543594
13.0866	-0.544484
13.0966	-0.545376
13.1065	-0.546268
13.1165	-0.547161
13.1265	-0.548055
13.1365	-0.54895
13.1465	-0.549846
13.1565	-0.550742
13.1664	-0.55164
13.1764	-0.552538
13.1864	-0.553437
13.1964	-0.554337
13.2064	-0.555238
13.2163	-0.55614
13.2263	-0.557043
13.2363	-0.557946
13.2463	-0.55885
13.2563	-0.559756
13.2663	-0.560662
13.2762	-0.561568
13.2862	-0.562476
13.2962	-0.563385
13.3062	-0.564294
13.3162	-0.565205
13.3261	-0.566116
13.3361	-0.567028
13.3461	-0.567941
13.3561	-0.568855
13.3661	-0.56977
13.3761	-0.570685
13.386	-0.571602
13.396	-0.572519
13.406	-0.573437
13.416	-0.574356
13.426	-0.575276
13.4359	-0.576197
13.4459	-0.577118
13.4559	-0.578041
13.4659	-0.578964
13.4759	-0.579888
13.4859	-0.580814
13.4958	-0.58174
13.5058	-0.582666
13.5158	-0.583594
13.5258	-0.584523
13.5358	-0.585452
13.5457	-0.586383
13.5557	-0.587314
13.5657	-0.588246
13.5757	-0.589179
13.5857	-0.590113
13.5957	-0.591048
13.6056	-0.591983
13.6156	-0.59292
13.6256	-0.593857
13.6356	-0.594795
13.6456	-0.595734
13.6556	-0.596674
13.6655	-0.597615
13.6755	-0.598557
13.6855	-0.599499
13.6955	-0.600443
13.7055	-0.601387
13.7154	-0.602333
13.7254	-0.603279
13.7354	-0.604226
13.7454	-0.605174
13.7554	-0.606122
13.7654	-0.607072
13.7753	-0.608023
13.7853	-0.608974
13.7953	-0.609926
13.8053	-0.610879
13.8153	-0.611833
13.8252	-0.612788
13.8352	-0.613744
13.8452	-0.614701
13.8552	-0.615659
13.8652	-0.616617
13.8752	-0.617576
13.8851	-0.618537
13.8951	-0.619498
13.9051	-0.62046
13.9151	-0.621423
13.9251	-0.622387
13.935	-0.623351
13.945	-0.624317
13.955	-0.625283
13.965	-0.626251
13.975	-0.627219
13.985	-0.628188
13.9949	-0.629158
14.0049	-0.630129
14.0149	-0.631101
14.0249	-0.632073
14.0349	-0.633047
14.0448	-0.634021
14.0548	-0.634997
14.0648	-0.635973
14.0748	-0.63695
14.0848	-0.637928
14.0948	-0.638907
14.1047	-0.639887
14.1147	-0.640868
14.1247	-0.641849
14.1347	-0.642832
14.1447	-0.643815
14.1547	-0.6448
14.1646	-0.645785
14.1746	-0.646771
14.1846	-0.647758
14.1946	-0.648746
14.2046	-0.649735
14.2145	-0.650724
14.2245	-0.651715
14.2345	-0.652706
14.2445	-0.653699
14.2545	-0.654692
14.2645	-0.655686
14.2744	-0.656681
14.2844	-0.657677
14.2944	-0.658674
14.3044	-0.659672
14.3144	-0.660671
14.3243	-0.66167
14.3343	-0.662671
14.3443	-0.663672
14.3543	-0.664674
14.3643	-0.665678
14.3743	-0.666682
14.3842	-0.667687
14.3942	-0.668693
14.4042	-0.669699
14.4142	-0.670707
14.4242	-0.671716
14.4341	-0.672725
14.4441	-0.673736
14.4541	-0.674747
14.4641	-0.675759
14.4741	-0.676772
14.4841	-0.677787
14.494	-0.678802
14.504	-0.679817
14.514	-0.680834
14.524	-0.681852
14.534	-0.682871
14.5439	-0.68389
14.5539	-0.68491
14.5639	-0.685932
14.5739	-0.686954
14.5839	-0.687977
14.5939	-0.689001
14.6038	-0.690026
14.6138	-0.691052
14.6238	-0.692079
14.6338	-0.693107
14.6438	-0.694135
14.6538	-0.695165
14.6637	-0.696195
14.6737	-0.697227
14.6837	-0.698259
14.6937	-0.699292
14.7037	-0.700326
14.7136	-0.701361
14.7236	-0.702397
14.7336	-0.703434
14.7436	-0.704472
14.7536	-0.705511
14.7636	-0.70655
14.7735	-0.707591
14.7835	-0.708633
14.7935	-0.709675
14.8035	-0.710718
14.8135	-0.711762
14.8234	-0.712808
14.8334	-0.713854
14.8434	-0.714901
14.8534	-0.715949
14.8634	-0.716997
14.8734	-0.718047
14.8833	-0.719098
14.8933	-0.720149
14.9033	-0.721202
14.9133	-0.722255
14.9233	-0.72331
14.9332	-0.724365
14.9432	-0.725421
14.9532	-0.726479
14.9632	-0.727537
14.9732	-0.728596
14.9832	-0.729656
14.9931	-0.730716
15.0031	-0.731778
15.0131	-0.732841
15.0231	-0.733905
15.0331	-0.734969
15.043	-0.736035
15.053	-0.737101
15.063	-0.738168
15.073	-0.739237
15.083	-0.740306
15.093	-0.741376
15.1029	-0.742447
15.1129	-0.743519
15.1229	-0.744592
15.1329	-0.745666
15.1429	-0.746741
15.1529	-0.747816
15.1628	-0.748893
15.1728	-0.749971
15.1828	-0.751049
15.1928	-0.752129
15.2028	-0.753209
15.2127	-0.75429
15.2227	-0.755373
15.2327	-0.756456
15.2427	-0.75754
15.2527	-0.758625
15.2627	-0.759711
15.2726	-0.760798
15.2826	-0.761886
15.2926	-0.762975
15.3026	-0.764065
15.3126	-0.765155
15.3225	-0.766247
15.3325	-0.76734
15.3425	-0.768433
15.3525	-0.769528
15.3625	-0.770623
15.3725	-0.771719
15.3824	-0.772817
15.3924	-0.773915
15.4024	-0.775014
15.4124	-0.776114
15.4224	-0.777215
15.4323	-0.778317
15.4423	-0.77942
15.4523	-0.780524
15.4623	-0.781629
15.4723	-0.782735
15.4823	-0.783841
15.4922	-0.784949
15.5022	-0.786058
15.5122	-0.787167
15.5222	-0.788278
15.5322	-0.789389
15.5421	-0.790501
15.5521	-0.791615
15.5621	-0.792729
15.5721	-0.793844
15.5821	-0.79496
15.5921	-0.796078
15.602	-0.797196
15.612	-0.798315
15.622	-0.799435
15.632	-0.800556
15.642	-0.801678
15.652	-0.8028
15.6619	-0.803924
15.6719	-0.805049
15.6819	-0.806175
15.6919	-0.807301
15.7019	-0.808429
15.7118	-0.809557
15.7218	-0.810687
15.7318	-0.811817
15.7418	-0.812949
15.7518	-0.814081
15.7618	-0.815214
15.7717	-0.816349
15.7817	-0.817484
15.7917	-0.81862
15.8017	-0.819757
15.8117	-0.820895
15.8216	-0.822034
15.8316	-0.823174
15.8416	-0.824315
15.8516	-0.825457
15.8616	-0.8266
15.8716	-0.827744
15.8815	-0.828889
15.8915	-0.830035
15.9015	-0.831181
15.9115	-0.832329
15.9215	-0.833478
15.9314	-0.834627
15.9414	-0.835778
15.9514	-0.836929
15.9614	-0.838082
15.9714	-0.839235
15.9814	-0.84039
15.9913	-0.841545
16.0013	-0.842702
16.0113	-0.843859
16.0213	-0.845017
16.0313	-0.846176
16.0412	-0.847337
16.0512	-0.848498
16.0612	-0.84966
16.0712	-0.850823
16.0812	-0.851987
16.0912	-0.853152
16.1011	-0.854318
16.1111	-0.855485
16.1211	-0.856653
16.1311	-0.857822
16.1411	-0.858992
16.1511	-0.860163
16.161	-0.861334
16.171	-0.862507
16.181	-0.863681
16.191	-0.864856
16.201	-0.866031
16.2109	-0.867208
16.2209	-0.868386
16.2309	-0.869564
16.2409	-0.870744
16.2509	-0.871924
16.2609	-0.873106
16.2708	-0.874288
16.2808	-0.875472
16.2908	-0.876656
16.3008	-0.877842
16.3108	-0.879028
16.3207	-0.880216
16.3307	-0.881404
16.3407	-0.882593
16.3507	-0.883784
16.3607	-0.884975
16.3707	-0.886167
16.3806	-0.88736
16.3906	-0.888555
16.4006	-0.88975
16.4106	-0.890946
16.4206	-0.892143
16.4305	-0.893341
16.4405	-0.89454
16.4505	-0.89574
16.4605	-0.896941
16.4705	-0.898144
16.4805	-0.899347
16.4904	-0.900551
16.5004	-0.901756
16.5104	-0.902962
16.5204	-0.904169
16.5304	-0.905376
16.5403	-0.906585
16.5503	-0.907795
16.5603	-0.909006
16.5703	-0.910218
16.5803	-0.911431
16.5903	-0.912645
16.6002	-0.91386
16.6102	-0.915075
16.6202	-0.916292
16.6302	-0.91751
16.6402	-0.918729
16.6502	-0.919948
16.6601	-0.921169
16.6701	-0.922391
16.6801	-0.923614
16.6901	-0.924837
16.7001	-0.926062
16.71	-0.927288
16.72	-0.928514
16.73	-0.929742
16.74	-0.930971
16.75	-0.9322
16.76	-0.933431
16.7699	-0.934663
16.7799	-0.935895
16.7899	-0.937129
16.7999	-0.938364
16.8099	-0.939599
16.8198	-0.940836
16.8298	-0.942073
16.8398	-0.943312
16.8498	-0.944551
16.8598	-0.945792
16.8698	-0.947034
16.8797	-0.948276
16.8897	-0.94952
16.8997	-0.950764
16.9097	-0.95201
16.9197	-0.953256
16.9296	-0.954504
16.9396	-0.955752
16.9496	-0.957002
16.9596	-0.958252
16.9696	-0.959504
16.9796	-0.960756
16.9895	-0.96201
16.9995	-0.963264
17.0095	-0.96452
17.0195	-0.965777
17.0295	-0.967034
17.0394	-0.968293
17.0494	-0.969552
17.0594	-0.970813
17.0694	-0.972074
17.0794	-0.973337
17.0894	-0.9746
17.0993	-0.975865
17.1093	-0.97713
17.1193	-0.978397
17.1293	-0.979664
17.1393	-0.980933
17.1492	-0.982202
17.1592	-0.983473
17.1692	-0.984745
17.1792	-0.986017
17.1892	-0.987291
17.1992	-0.988565
17.2091	-0.989841
17.2191	-0.991117
17.2291	-0.992395
17.2391	-0.993674
17.2491	-0.994953
17.2591	-0.996234
17.269	-0.997515
17.279	-0.998798
17.289	-1.00008
17.299	-1.00137
17.309	-1.00265
17.3189	-1.00394
17.3289	-1.00523
17.3389	-1.00652
17.3489	-1.0078
17.3589	-1.0091
17.3689	-1.01039
17.3788	-1.01168
17.3888	-1.01297
17.3988	-1.01427
17.4088	-1.01556
17.4188	-1.01686
17.4287	-1.01816
17.4387	-1.01946
17.4487	-1.02076
17.4587	-1.02206
17.4687	-1.02336
17.4787	-1.02466
17.4886	-1.02597
17.4986	-1.02727
17.5086	-1.02858
17.5186	-1.02988
17.5286	-1.03119
17.5385	-1.0325
17.5485	-1.03381
17.5585	-1.03512
17.5685	-1.03643
17.5785	-1.03775
17.5885	-1.03906
17.5984	-1.04038
17.6084	-1.04169
17.6184	-1.04301
17.6284	-1.04433
17.6384	-1.04565
17.6483	-1.04697
17.6583	-1.04829
17.6683	-1.04961
17.6783	-1.05093
17.6883	-1.05226
17.6983	-1.05358
17.7082	-1.05491
17.7182	-1.05624
17.7282	-1.05757
17.7382	-1.0589
17.7482	-1.06023
17.7582	-1.06156
17.7681	-1.06289
17.7781	-1.06422
17.7881	-1.06556
17.7981	-1.06689
17.8081	-1.06823
17.818	-1.06957
17.828	-1.07091
17.838	-1.07225
17.848	-1.07359
17.858	-1.07493
17.868	-1.07627
17.8779	-1.07761
17.8879	-1.07896
17.8979	-1.08031
17.9079	-1.08165
17.9179	-1.083
17.9278	-1.08435
17.9378	-1.0857
17.9478	-1.08705
17.9578	-1.0884
17.9678	-1.08976
17.9778	-1.09111
17.9877	-1.09246
17.9977	-1.09382
18.0077	-1.09518
18.0177	-1.09654
18.0277	-1.09789
18.0376	-1.09926
18.0476	-1.10062
18.0576	-1.10198
18.0676	-1.10334
18.0776	-1.10471
18.0876	-1.10607
18.0975	-1.10744
18.1075	-1.10881
18.1175	-1.11017
18.1275	-1.11154
18.1375	-1.11291
18.1474	-1.11429
18.1574	-1.11566
18.1674	-1.11703
18.1774	-1.11841
18.1874	-1.11978
18.1974	-1.12116
18.2073	-1.12254
18.2173	-1.12392
18.2273	-1.1253
18.2373	-1.12668
18.2473	-1.12806
18.2573	-1.12944
18.2672	-1.13083
18.2772	-1.13221
18.2872	-1.1336
18.2972	-1.13499
18.3072	-1.13637
18.3171	-1.13776
18.3271	-1.13915
18.3371	-1.14055
18.3471	-1.14194
18.3571	-1.14333
18.3671	-1.14473
18.377	-1.14612
18.387	-1.14752
18.397	-1.14892
18.407	-1.15031
18.417	-1.15171
18.4269	-1.15312
18.4369	-1.15452
18.4469	-1.15592
18.4569	-1.15732
18.4669	-1.15873
18.4769	-1.16014
18.4868	-1.16154
18.4968	-1.16295
18.5068	-1.16436
18.5168	-1.16577
18.5268	-1.16718
18.5367	-1.16859
18.5467	-1.17001
18.5567	-1.17142
18.5667	-1.17284
18.5767	-1.17425
18.5867	-1.17567
18.5966	-1.17709
18.6066	-1.17851
18.6166	-1.17993
18.6266	-1.18135
18.6366	-1.18278
18.6465	-1.1842
18.6565	-1.18562
18.6665	-1.18705
18.6765	-1.18848
18.6865	-1.18991
18.6965	-1.19133
18.7064	-1.19276
18.7164	-1.1942
18.7264	-1.19563
18.7364	-1.19706
18.7464	-1.1985
18.7564	-1.19993
18.7663	-1.20137
18.7763	-1.20281
18.7863	-1.20424
18.7963	-1.20568
18.8063	-1.20713
18.8162	-1.20857
18.8262	-1.21001
18.8362	-1.21145
18.8462	-1.2129
18.8562	-1.21435
18.8662	-1.21579
18.8761	-1.21724
18.8861	-1.21869
18.8961	-1.22014
18.9061	-1.22159
18.9161	-1.22304
18.926	-1.2245
18.936	-1.22595
18.946	-1.22741
18.956	-1.22886
18.966	-1.23032
18.976	-1.23178
18.9859	-1.23324
18.9959	-1.2347
19.0059	-1.23616
19.0159	-1.23763
19.0259	-1.23909
19.0358	-1.24056
19.0458	-1.24202
19.0558	-1.24349
19.0658	-1.24496
19.0758	-1.24643
19.0858	-1.2479
19.0957	-1.24937
19.1057	-1.25084
19.1157	-1.25232
19.1257	-1.25379
19.1357	-1.25527
19.1456	-1.25674
19.1556	-1.25822
19.1656	-1.2597
19.1756	-1.26118
19.1856	-1.26266
19.1956	-1.26414
19.2055	-1.26563
19.2155	-1.26711
19.2255	-1.2686
19.2355	-1.27008
19.2455	-1.27157
19.2555	-1.27306
19.2654	-1.27455
19.2754	-1.27604
19.2854	-1.27753
19.2954	-1.27903
19.3054	-1.28052
19.3153	-1.28201
19.3253	-1.28351
19.3353	-1.28501
19.3453	-1.28651
19.3553	-1.28801
19.3653	-1.28951
19.3752	-1.29101
19.3852	-1.29251
19.3952	-1.29401
19.4052	-1.29552
19.4152	-1.29703
19.4251	-1.29853
19.4351	-1.30004
19.4451	-1.30155
19.4551	-1.30306
19.4651	-1.30457
19.4751	-1.30608
19.485	-1.3076
19.495	-1.30911
19.505	-1.31063
19.515	-1.31214
19.525	-1.31366
19.5349	-1.31518
19.5449	-1.3167
19.5549	-1.31822
19.5649	-1.31974
19.5749	-1.32126
19.5849	-1.32279
19.5948	-1.32431
19.6048	-1.32584
19.6148	-1.32737
19.6248	-1.3289
19.6348	-1.33043
19.6447	-1.33196
19.6547	-1.33349
19.6647	-1.33502
19.6747	-1.33656
19.6847	-1.33809
19.6947	-1.33963
19.7046	-1.34116
19.7146	-1.3427
19.7246	-1.34424
19.7346	-1.34578
19.7446	-1.34732
19.7546	-1.34886
19.7645	-1.35041
19.7745	-1.35195
19.7845	-1.3535
19.7945	-1.35505
19.8045	-1.35659
19.8144	-1.35814
19.8244	-1.35969
19.8344	-1.36124
19.8444	-1.3628
19.8544	-1.36435
19.8644	-1.3659
19.8743	-1.36746
19.8843	-1.36902
19.8943	-1.37057
19.9043	-1.37213
19.9143	-1.37369
19.9242	-1.37525
19.9342	-1.37682
19.9442	-1.37838
19.9542	-1.37994
19.9642	-1.38151
19.9742	-1.38308
19.9841	-1.38464
19.9941	-1.38621
20.0041	-1.38778
20.0141	-1.38935
20.0241	-1.39092
20.034	-1.3925
20.044	-1.39407
20.054	-1.39565
20.064	-1.39722
20.074	-1.3988
20.084	-1.40038
20.0939	-1.40196
20.1039	-1.40354
20.1139	-1.40512
20.1239	-1.4067
20.1339	-1.40829
20.1438	-1.40987
20.1538	-1.41146
20.1638	-1.41304
20.1738	-1.41463
20.1838	-1.41622
20.1938	-1.41781
20.2037	-1.4194
20.2137	-1.421
20.2237	-1.42259
20.2337	-1.42419
20.2437	-1.42578
20.2537	-1.42738
20.2636	-1.42898
20.2736	-1.43058
20.2836	-1.43218
20.2936	-1.43378
20.3036	-1.43538
20.3135	-1.43698
20.3235	-1.43859
20.3335	-1.44019
20.3435	-1.4418
20.3535	-1.44341
20.3635	-1.44502
20.3734	-1.44663
20.3834	-1.44824
20.3934	-1.44985
20.4034	-1.45147
20.4134	-1.45308
20.4233	-1.4547
20.4333	-1.45631
20.4433	-1.45793
20.4533	-1.45955
20.4633	-1.46117
20.4733	-1.46279
20.4832	-1.46441
20.4932	-1.46604
20.5032	-1.46766
20.5132	-1.46929
20.5232	-1.47091
20.5331	-1.47254
20.5431	-1.47417
20.5531	-1.4758
20.5631	-1.47743
20.5731	-1.47906
20.5831	-1.4807
20.593	-1.48233
20.603	-1.48397
20.613	-1.4856
20.623	-1.48724
20.633	-1.48888
20.6429	-1.49052
20.6529	-1.49216
20.6629	-1.4938
20.6729	-1.49545
20.6829	-1.49709
20.6929	-1.49874
20.7028	-1.50038
20.7128	-1.50203
20.7228	-1.50368
20.7328	-1.50533
20.7428	-1.50698
20.7528	-1.50863
20.7627	-1.51029
20.7727	-1.51194
20.7827	-1.51359
20.7927	-1.51525
20.8027	-1.51691
20.8126	-1.51857
20.8226	-1.52023
20.8326	-1.52189
20.8426	-1.52355
20.8526	-1.52521
20.8626	-1.52688
20.8725	-1.52854
20.8825	-1.53021
20.8925	-1.53188
20.9025	-1.53355
20.9125	-1.53522
20.9224	-1.53689
20.9324	-1.53856
20.9424	-1.54023
20.9524	-1.54191
20.9624	-1.54358
20.9724	-1.54526
20.9823	-1.54694
20.9923	-1.54861
21.0023	-1.55029
21.0123	-1.55198
21.0223	-1.55366
21.0322	-1.55534
21.0422	-1.55703
21.0522	-1.55871
21.0622	-1.5604
21.0722	-1.56208
21.0822	-1.56377
21.0921	-1.56546
21.1021	-1.56715
21.1121	-1.56885
21.1221	-1.57054
21.1321	-1.57223
21.142	-1.57393
21.152	-1.57563
21.162	-1.57732
21.172	-1.57902
21.182	-1.58072
21.192	-1.58242
21.2019	-1.58412
21.2119	-1.58583
21.2219	-1.58753
21.2319	-1.58924
21.2419	-1.59094
21.2519	-1.59265
21.2618	-1.59436
21.2718	-1.59607
21.2818	-1.59778
21.2918	-1.59949
21.3018	-1.60121
21.3117	-1.60292
21.3217	-1.60464
21.3317	-1.60635
21.3417	-1.60807
21.3517	-1.60979
21.3617	-1.61151
21.3716	-1.61323
21.3816	-1.61495
21.3916	-1.61668
21.4016	-1.6184
21.4116	-1.62013
21.4215	-1.62185
21.4315	-1.62358
21.4415	-1.62531
21.4515	-1.62704
21.4615	-1.62877
21.4715	-1.6305
21.4814	-1.63224
21.4914	-1.63397
21.5014	-1.63571
21.5114	-1.63744
21.5214	-1.63918
21.5313	-1.64092
21.5413	-1.64266
21.5513	-1.6444
21.5613	-1.64614
21.5713	-1.64789
21.5813	-1.64963
21.5912	-1.65138
21.6012	-1.65313
21.6112	-1.65487
21.6212	-1.65662
21.6312	-1.65837
21.6411	-1.66012
21.6511	-1.66188
21.6611	-1.66363
21.6711	-1.66538
21.6811	-1.66714
21.6911	-1.6689
21.701	-1.67066
21.711	-1.67241
21.721	-1.67418
21.731	-1.67594
21.741	-1.6777
21.751	-1.67946
21.7609	-1.68123
21.7709	-1.68299
21.7809	-1.68476
21.7909	-1.68653
21.8009	-1.6883
21.8108	-1.69007
21.8208	-1.69184
21.8308	-1.69361
21.8408	-1.69539
21.8508	-1.69716
21.8608	-1.69894
21.8707	-1.70072
21.8807	-1.70249
21.8907	-1.70427
21.9007	-1.70605
21.9107	-1.70784
21.9206	-1.70962
21.9306	-1.7114
21.9406	-1.71319
21.9506	-1.71497
21.9606	-1.71676
21.9706	-1.71855
21.9805	-1.72034
21.9905	-1.72213
22.0005	-1.72392
22.0105	-1.72571
22.0205	-1.72751
22.0304	-1.7293
22.0404	-1.7311
22.0504	-1.7329
22.0604	-1.7347
22.0704	-1.7365
22.0804	-1.7383
22.0903	-1.7401
22.1003	-1.7419
22.1103	-1.74371
22.1203	-1.74551
22.1303	-1.74732
22.1402	-1.74913
22.1502	-1.75093
22.1602	-1.75274
22.1702	-1.75456
22.1802	-1.75637
22.1902	-1.75818
22.2001	-1.76
22.2101	-1.76181
22.2201	-1.76363
22.2301	-1.76545
22.2401	-1.76726
22.2501	-1.76909
22.26	-1.77091
22.27	-1.77273
22.28	-1.77455
22.29	-1.77638
22.3	-1.7782
22.3099	-1.78003
22.3199	-1.78186
22.3299	-1.78369
22.3399	-1.78552
22.3499	-1.78735
22.3599	-1.78918
22.3698	-1.79101
22.3798	-1.79285
22.3898	-1.79469
22.3998	-1.79652
22.4098	-1.79836
22.4197	-1.8002
22.4297	-1.80204
22.4397	-1.80388
22.4497	-1.80572
22.4597	-1.80757
22.4697	-1.80941
22.4796	-1.81126
22.4896	-1.81311
22.4996	-1.81496
22.5096	-1.81681
22.5196	-1.81866
22.5295	-1.82051
22.5395	-1.82236
22.5495	-1.82421
22.5595	-1.82607
22.5695	-1.82793
22.5795	-1.82978
22.5894	-1.83164
22.5994	-1.8335
22.6094	-1.83536
22.6194	-1.83723
22.6294	-1.83909
22.6393	-1.84095
22.6493	-1.84282
22.6593	-1.84468
22.6693	-1.84655
22.6793	-1.84842
22.6893	-1.85029
22.6992	-1.85216
22.7092	-1.85403
22.7192	-1.85591
22.7292	-1.85778
22.7392	-1.85966
22.7491	-1.86153
22.7591	-1.86341
22.7691	-1.86529
22.7791	-1.86717
22.7891	-1.86905
22.7991	-1.87094
22.809	-1.87282
22.819	-1.8747
22.829	-1.87659
22.839	-1.87848
22.849	-1.88037
22.859	-1.88225
22.8689	-1.88415
22.8789	-1.88604
22.8889	-1.88793
22.8989	-1.88982
22.9089	-1.89172
22.9188	-1.89361
22.9288	-1.89551
22.9388	-1.89741
22.9488	-1.89931
22.9588	-1.90121
22.9688	-1.90311
22.9787	-1.90502
22.9887	-1.90692
22.9987	-1.90882
23.0087	-1.91073
23.0187	-1.91264
23.0286	-1.91455
23.0386	-1.91646
23.0486	-1.91837
23.0586	-1.92028
23.0686	-1.92219
23.0786	-1.92411
23.0885	-1.92602
23.0985	-1.92794
23.1085	-1.92986
23.1185	-1.93178
23.1285	-1.9337
23.1384	-1.93562
23.1484	-1.93754
23.1584	-1.93946
23.1684	-1.94139
23.1784	-1.94331
23.1884	-1.94524
23.1983	-1.94717
23.2083	-1.9491
23.2183	-1.95103
23.2283	-1.95296
23.2383	-1.95489
23.2482	-1.95683
23.2582	-1.95876
23.2682	-1.9607
23.2782	-1.96263
23.2882	-1.96457
23.2982	-1.96651
23.3081	-1.96845
23.3181	-1.97039
23.3281	-1.97234
23.3381	-1.97428
23.3481	-1.97623
23.3581	-1.97817
23.368	-1.98012
23.378	-1.98207
23.388	-1.98402
23.398	-1.98597
23.408	-1.98792
23.4179	-1.98987
23.4279	-1.99183
23.4379	-1.99378
23.4479	-1.99574
23.4579	-1.9977
23.4679	-1.99966
23.4778	-2.00162
23.4878	-2.00358
23.4978	-2.00554
23.5078	-2.0075
23.5178	-2.00947
23.5277	-2.01143
23.5377	-2.0134
23.5477	-2.01537
23.5577	-2.01734
23.5677	-2.01931
23.5777	-2.02128
23.5876	-2.02325
23.5976	-2.02522
23.6076	-2.0272
23.6176	-2.02917
23.6276	-2.03115
23.6375	-2.03313
23.6475	-2.03511
23.6575	-2.03709
23.6675	-2.03907
23.6775	-2.04105
23.6875	-2.04304
23.6974	-2.04502
23.7074	-2.04701
23.7174	-2.049
23.7274	-2.05098
23.7374	-2.05297
23.7473	-2.05497
23.7573	-2.05696
23.7673	-2.05895
23.7773	-2.06094
23.7873	-2.06294
23.7973	-2.06494
23.8072	-2.06693
23.8172	-2.06893
23.8272	-2.07093
23.8372	-2.07293
23.8472	-2.07494
23.8572	-2.07694
23.8671	-2.07894
23.8771	-2.08095
23.8871	-2.08296
23.8971	-2.08496
23.9071	-2.08697
23.917	-2.08898
23.927	-2.09099
23.937	-2.09301
23.947	-2.09502
23.957	-2.09703
23.967	-2.09905
23.9769	-2.10107
23.9869	-2.10309
23.9969	-2.1051
24.0069	-2.10713
24.0169	-2.10915
24.0268	-2.11117
24.0368	-2.11319
24.0468	-2.11522
24.0568	-2.11724
24.0668	-2.11927
24.0768	-2.1213
24.0867	-2.12333
24.0967	-2.12536
24.1067	-2.12739
24.1167	-2.12943
24.1267	-2.13146
24.1366	-2.13349
24.1466	-2.13553
24.1566	-2.13757
24.1666	-2.13961
24.1766	-2.14165
24.1866	-2.14369
24.1965	-2.14573
24.2065	-2.14777
24.2165	-2.14982
24.2265	-2.15186
24.2365	-2.15391
24.2464	-2.15596
24.2564	-2.15801
24.2664	-2.16006
24.2764	-2.16211
24.2864	-2.16416
24.2964	-2.16621
24.3063	-2.16827
24.3163	-2.17032
24.3263	-2.17238
24.3363	-2.17444
24.3463	-2.1765
24.3563	-2.17856
24.3662	-2.18062
24.3762	-2.18268
24.3862	-2.18475
24.3962	-2.18681
24.4062	-2.18888
24.4161	-2.19095
24.4261	-2.19301
24.4361	-2.19508
24.4461	-2.19715
24.4561	-2.19923
24.4661	-2.2013
24.476	-2.20337
24.486	-2.20545
24.496	-2.20752
24.506	-2.2096
24.516	-2.21168
24.5259	-2.21376
24.5359	-2.21584
24.5459	-2.21792
24.5559	-2.22001
24.5659	-2.22209
24.5759	-2.22418
24.5858	-2.22626
24.5958	-2.22835
24.6058	-2.23044
24.6158	-2.23253
24.6258	-2.23462
24.6357	-2.23671
24.6457	-2.23881
24.6557	-2.2409
24.6657	-2.243
24.6757	-2.24509
24.6857	-2.24719
24.6956	-2.24929
24.7056	-2.25139
24.7156	-2.25349
24.7256	-2.2556
24.7356	-2.2577
24.7455	-2.2598
24.7555	-2.26191
24.7655	-2.26402
24.7755	-2.26613
24.7855	-2.26824
24.7955	-2.27035
24.8054	-2.27246
24.8154	-2.27457
24.8254	-2.27668
24.8354	-2.2788
24.8454	-2.28092
24.8554	-2.28303
24.8653	-2.28515
24.8753	-2.28727
24.8853	-2.28939
24.8953	-2.29151
24.9053	-2.29364
24.9152	-2.29576
24.9252	-2.29789
24.9352	-2.30001
24.9452	-2.30214
24.9552	-2.30427
24.9652	-2.3064
24.9751	-2.30853
24.9851	-2.31066
24.9951	-2.3128
25.0051	-2.31493
25.0151	-2.31707
25.025	-2.3192
25.035	-2.32134
25.045	-2.32348
25.055	-2.32562
25.065	-2.32776
25.075	-2.3299
25.0849	-2.33205
25.0949	-2.33419
25.1049	-2.33634
25.1149	-2.33848
25.1249	-2.34063
25.1348	-2.34278
25.1448	-2.34493
25.1548	-2.34708
25.1648	-2.34924
25.1748	-2.35139
25.1848	-2.35355
25.1947	-2.3557
25.2047	-2.35786
25.2147	-2.36002
25.2247	-2.36218
25.2347	-2.36434
25.2446	-2.3665
25.2546	-2.36866
25.2646	-2.37083
25.2746	-2.37299
25.2846	-2.37516
25.2946	-2.37732
25.3045	-2.37949
25.3145	-2.38166
25.3245	-2.38383
25.3345	-2.38601
25.3445	-2.38818
25.3545	-2.39035
25.3644	-2.39253
25.3744	-2.39471
25.3844	-2.39688
25.3944	-2.39906
25.4044	-2.40124
25.4143	-2.40342
25.4243	-2.4056
25.4343	-2.40779
25.4443	-2.40997
25.4543	-2.41216
25.4643	-2.41435
25.4742	-2.41653
25.4842	-2.41872
25.4942	-2.42091
25.5042	-2.4231
25.5142	-2.4253
25.5241	-2.42749
25.5341	-2.42968
25.5441	-2.43188
25.5541	-2.43408
25.5641	-2.43627
25.5741	-2.43847
25.584	-2.44067
25.594	-2.44288
25.604	-2.44508
25.614	-2.44728
25.624	-2.44949
25.6339	-2.45169
25.6439	-2.4539
25.6539	-2.45611
25.6639	-2.45832
25.6739	-2.46053
25.6839	-2.46274
25.6938	-2.46495
25.7038	-2.46717
25.7138	-2.46938
25.7238	-2.4716
25.7338	-2.47381
25.7437	-2.47603
25.7537	-2.47825
25.7637	-2.48047
25.7737	-2.4827
25.7837	-2.48492
25.7937	-2.48714
25.8036	-2.48937
25.8136	-2.49159
25.8236	-2.49382
25.8336	-2.49605
25.8436	-2.49828
25.8536	-2.50051
25.8635	-2.50274
25.8735	-2.50498
25.8835	-2.50721
25.8935	-2.50944
25.9035	-2.51168
25.9134	-2.51392
25.9234	-2.51616
25.9334	-2.5184
25.9434	-2.52064
25.9534	-2.52288
25.9634	-2.52512
25.9733	-2.52737
25.9833	-2.52961
25.9933	-2.53186
26.0033	-2.53411
26.0133	-2.53636
26.0232	-2.53861
26.0332	-2.54086
26.0432	-2.54311
26.0532	-2.54536
26.0632	-2.54762
26.0732	-2.54987
26.0831	-2.55213
26.0931	-2.55439
26.1031	-2.55665
26.1131	-2.55891
26.1231	-2.56117
26.133	-2.56343
26.143	-2.5657
26.153	-2.56796
26.163	-2.57023
26.173	-2.57249
26.183	-2.57476
26.1929	-2.57703
26.2029	-2.5793
26.2129	-2.58157
26.2229	-2.58384
26.2329	-2.58612
26.2428	-2.58839
26.2528	-2.59067
26.2628	-2.59295
26.2728	-2.59522
26.2828	-2.5975
26.2928	-2.59978
26.3027	-2.60206
26.3127	-2.60435
26.3227	-2.60663
26.3327	-2.60892
26.3427	-2.6112
26.3527	-2.61349
26.3626	-2.61578
26.3726	-2.61807
26.3826	-2.62036
26.3926	-2.62265
26.4026	-2.62494
26.4125	-2.62723
26.4225	-2.62953
26.4325	-2.63183
26.4425	-2.63412
26.4525	-2.63642
26.4625	-2.63872
26.4724	-2.64102
26.4824	-2.64332
26.4924	-2.64563
26.5024	-2.64793
26.5124	-2.65023
26.5223	-2.65254
26.5323	-2.65485
26.5423	-2.65716
26.5523	-2.65947
26.5623	-2.66178
26.5723	-2.66409
26.5822	-2.6664
26.5922	-2.66872
26.6022	-2.67103
26.6122	-2.67335
26.6222	-2.67566
26.6321	-2.67798
26.6421	-2.6803
26.6521	-2.68262
26.6621	-2.68494
26.6721	-2.68727
26.6821	-2.68959
26.692	-2.69192
26.702	-2.69424
26.712	-2.69657
26.722	-2.6989
26.732	-2.70123
26.7419	-2.70356
26.7519	-2.70589
26.7619	-2.70822
26.7719	-2.71056
26.7819	-2.71289
26.7919	-2.71523
26.8018	-2.71757
26.8118	-2.7199
26.8218	-2.72224
26.8318	-2.72458
26.8418	-2.72693
26.8518	-2.72927
26.8617	-2.73161
26.8717	-2.73396
26.8817	-2.7363
26.8917	-2.73865
26.9017	-2.741
26.9116	-2.74335
26.9216	-2.7457
26.9316	-2.74805
26.9416	-2.75041
26.9516	-2.75276
26.9616	-2.75511
26.9715	-2.75747
26.9815	-2.75983
26.9915	-2.76219
27.0015	-2.76455
27.0115	-2.76691
27.0214	-2.76927
27.0314	-2.77163
27.0414	-2.774
27.0514	-2.77636
27.0614	-2.77873
27.0714	-2.78109
27.0813	-2.78346
27.0913	-2.78583
27.1013	-2.7882
27.1113	-2.79057
27.1213	-2.79295
27.1312	-2.79532
27.1412	-2.7977
27.1512	-2.80007
27.1612	-2.80245
27.1712	-2.80483
27.1812	-2.80721
27.1911	-2.80959
27.2011	-2.81197
27.2111	-2.81435
27.2211	-2.81674
27.2311	-2.81912
27.241	-2.82151
27.251	-2.82389
27.261	-2.82628
27.271	-2.82867
27.281	-2.83106
27.291	-2.83345
27.3009	-2.83585
27.3109	-2.83824
27.3209	-2.84064
27.3309	-2.84303
27.3409	-2.84543
27.3509	-2.84783
27.3608	-2.85023
27.3708	-2.85263
27.3808	-2.85503
27.3908	-2.85743
27.4008	-2.85983
27.4107	-2.86224
27.4207	-2.86465
27.4307	-2.86705
27.4407	-2.86946
27.4507	-2.87187
27.4607	-2.87428
27.4706	-2.87669
27.4806	-2.8791
27.4906	-2.88152
27.5006	-2.88393
27.5106	-2.88635
27.5205	-2.88876
27.5305	-2.89118
27.5405	-2.8936
27.5505	-2.89602
27.5605	-2.89844
27.5705	-2.90087
27.5804	-2.90329
27.5904	-2.90571
27.6004	-2.90814
27.6104	-2.91057
27.6204	-2.91299
27.6303	-2.91542
27.6403	-2.91785
27.6503	-2.92028
27.6603	-2.92272
27.6703	-2.92515
27.6803	-2.92758
27.6902	-2.93002
27.7002	-2.93245
27.7102	-2.93489
27.7202	-2.93733
27.7302	-2.93977
27.7401	-2.94221
27.7501	-2.94465
27.7601	-2.9471
27.7701	-2.94954
27.7801	-2.95199
27.7901	-2.95443
27.8	-2.95688
27.81	-2.95933
27.82	-2.96178
27.83	-2.96423
27.84	-2.96668
27.8499	-2.96913
27.8599	-2.97159
27.8699	-2.97404
27.8799	-2.9765
27.8899	-2.97896
27.8999	-2.98141
27.9098	-2.98387
27.9198	-2.98633
27.9298	-2.9888
27.9398	-2.99126
27.9498	-2.99372
27.9598	-2.99619
27.9697	-2.99865
27.9797	-3.00112
27.9897	-3.00359
27.9997	-3.00606
28.0097	-3.00853
28.0196	-3.011
28.0296	-3.01347
28.0396	-3.01594
28.0496	-3.01842
28.0596	-3.02089
28.0696	-3.02337
28.0795	-3.02585
28.0895	-3.02833
28.0995	-3.03081
28.1095	-3.03329
28.1195	-3.03577
28.1294	-3.03825
28.1394	-3.04074
28.1494	-3.04322
28.1594	-3.04571
28.1694	-3.0482
28.1794	-3.05069
28.1893	-3.05318
28.1993	-3.05567
28.2093	-3.05816
28.2193	-3.06065
28.2293	-3.06314
28.2392	-3.06564
28.2492	-3.06814
28.2592	-3.07063
28.2692	-3.07313
28.2792	-3.07563
28.2892	-3.07813
28.2991	-3.08063
28.3091	-3.08313
28.3191	-3.08564
28.3291	-3.08814
28.3391	-3.09065
28.349	-3.09316
28.359	-3.09566
28.369	-3.09817
28.379	-3.10068
28.389	-3.10319
28.399	-3.10571
28.4089	-3.10822
28.4189	-3.11073
28.4289	-3.11325
28.4389	-3.11576
28.4489	-3.11828
28.4589	-3.1208
28.4688	-3.12332
28.4788	-3.12584
28.4888	-3.12836
28.4988	-3.13089
28.5088	-3.13341
28.5187	-3.13593
28.5287	-3.13846
28.5387	-3.14099
28.5487	-3.14352
28.5587	-3.14605
28.5687	-3.14858
28.5786	-3.15111
28.5886	-3.15364
28.5986	-3.15617
28.6086	-3.15871
28.6186	-3.16124
28.6285	-3.16378
28.6385	-3.16632
28.6485	-3.16886
28.6585	-3.1714
28.6685	-3.17394
28.6785	-3.17648
28.6884	-3.17902
28.6984	-3.18157
28.7084	-3.18411
28.7184	-3.18666
28.7284	-3.1892
28.7383	-3.19175
28.7483	-3.1943
28.7583	-3.19685
28.7683	-3.1994
28.7783	-3.20196
28.7883	-3.20451
28.7982	-3.20707
28.8082	-3.20962
28.8182	-3.21218
28.8282	-3.21474
28.8382	-3.21729
28.8481	-3.21985
28.8581	-3.22242
28.8681	-3.22498
28.8781	-3.22754
28.8881	-3.2301
28.8981	-3.23267
28.908	-3.23524
28.918	-3.2378
28.928	-3.24037
28.938	-3.24294
28.948	-3.24551
28.958	-3.24808
28.9679	-3.25066
28.9779	-3.25323
28.9879	-3.2558
28.9979	-3.25838
29.0079	-3.26096
29.0178	-3.26353
29.0278	-3.26611
29.0378	-3.26869
29.0478	-3.27127
29.0578	-3.27386
29.0678	-3.27644
29.0777	-3.27902
29.0877	-3.28161
29.0977	-3.2842
29.1077	-3.28678
29.1177	-3.28937
29.1276	-3.29196
29.1376	-3.29455
29.1476	-3.29714
29.1576	-3.29973
29.1676	-3.30233
29.1776	-3.30492
29.1875	-3.30752
29.1975	-3.31011
29.2075	-3.31271
29.2175	-3.31531
29.2275	-3.31791
29.2374	-3.32051
29.2474	-3.32311
29.2574	-3.32572
29.2674	-3.32832
29.2774	-3.33093
29.2874	-3.33353
29.2973	-3.33614
29.3073	-3.33875
29.3173	-3.34136
29.3273	-3.34397
29.3373	-3.34658
29.3472	-3.34919
29.3572	-3.3518
29.3672	-3.35442
29.3772	-3.35703
29.3872	-3.35965
29.3972	-3.36227
29.4071	-3.36488
29.4171	-3.3675
29.4271	-3.37012
29.4371	-3.37275
29.4471	-3.37537
29.4571	-3.37799
29.467	-3.38062
29.477	-3.38324
29.487	-3.38587
29.497	-3.3885
29.507	-3.39113
29.5169	-3.39375
29.5269	-3.39639
29.5369	-3.39902
29.5469	-3.40165
29.5569	-3.40428
29.5669	-3.40692
29.5768	-3.40956
29.5868	-3.41219
29.5968	-3.41483
29.6068	-3.41747
29.6168	-3.42011
29.6267	-3.42275
29.6367	-3.42539
29.6467	-3.42804
29.6567	-3.43068
29.6667	-3.43332
29.6767	-3.43597
29.6866	-3.43862
29.6966	-3.44127
29.7066	-3.44392
29.7166	-3.44657
29.7266	-3.44922
29.7365	-3.45187
29.7465	-3.45452
29.7565	-3.45718
29.7665	-3.45983
29.7765	-3.46249
29.7865	-3.46515
29.7964	-3.46781
29.8064	-3.47046
29.8164	-3.47313
29.8264	-3.47579
29.8364	-3.47845
29.8463	-3.48111
29.8563	-3.48378
29.8663	-3.48644
29.8763	-3.48911
29.8863	-3.49178
29.8963	-3.49445
29.9062	-3.49712
29.9162	-3.49979
29.9262	-3.50246
29.9362	-3.50513
29.9462	-3.5078
29.9562	-3.51048
29.9661	-3.51315
29.9761	-3.51583
29.9861	-3.51851
29.9961	-3.52119
30.0061	-3.52387
30.016	-3.52655
30.026	-3.52923
30.036	-3.53191
30.046	-3.5346
30.056	-3.53728
30.066	-3.53997
30.0759	-3.54265
30.0859	-3.54534
30.0959	-3.54803
30.1059	-3.55072
30.1159	-3.55341
30.1258	-3.5561
30.1358	-3.55879
30.1458	-3.56149
30.1558	-3.56418
30.1658	-3.56688
30.1758	-3.56958
30.1857	-3.57227
30.1957	-3.57497
30.2057	-3.57767
30.2157	-3.58037
30.2257	-3.58308
30.2356	-3.58578
30.2456	-3.58848
30.2556	-3.59119
30.2656	-3.59389
30.2756	-3.5966
30.2856	-3.59931
30.2955	-3.60202
30.3055	-3.60473
30.3155	-3.60744
30.3255	-3.61015
30.3355	-3.61286
30.3454	-3.61558
30.3554	-3.61829
30.3654	-3.62101
30.3754	-3.62372
30.3854	-3.62644
30.3954	-3.62916
30.4053	-3.63188
30.4153	-3.6346
30.4253	-3.63732
30.4353	-3.64004
30.4453	-3.64277
30.4553	-3.64549
30.4652	-3.64822
30.4752	-3.65094
30.4852	-3.65367
30.4952	-3.6564
30.5052	-3.65913
30.5151	-3.66186
30.5251	-3.66459
30.5351	-3.66733
30.5451	-3.67006
30.5551	-3.67279
30.5651	-3.67553
30.575	-3.67827
30.585	-3.681
30.595	-3.68374
30.605	-3.68648
30.615	-3.68922
30.6249	-3.69196
30.6349	-3.69471
30.6449	-3.69745
30.6549	-3.70019
30.6649	-3.70294
30.6749	-3.70569
30.6848	-3.70843
30.6948	-3.71118
30.7048	-3.71393
30.7148	-3.71668
30.7248	-3.71943
30.7347	-3.72218
30.7447	-3.72494
30.7547	-3.72769
30.7647	-3.73045
30.7747	-3.7332
30.7847	-3.73596
30.7946	-3.73872
30.8046	-3.74148
30.8146	-3.74424
30.8246	-3.747
30.8346	-3.74976
30.8445	-3.75252
30.8545	-3.75529
30.8645	-3.75805
30.8745	-3.76082
30.8845	-3.76358
30.8945	-3.76635
30.9044	-3.76912
30.9144	-3.77189
30.9244	-3.77466
30.9344	-3.77743
30.9444	-3.78021
30.9544	-3.78298
30.9643	-3.78575
30.9743	-3.78853
30.9843	-3.79131
30.9943	-3.79408
31.0043	-3.79686
31.0142	-3.79964
31.0242	-3.80242
31.0342	-3.8052
31.0442	-3.80798
31.0542	-3.81077
31.0642	-3.81355
31.0741	-3.81634
31.0841	-3.81912
31.0941	-3.82191
31.1041	-3.8247
31.1141	-3.82749
31.124	-3.83028
31.134	-3.83307
31.144	-3.83586
31.154	-3.83865
31.164	-3.84145
31.174	-3.84424
31.1839	-3.84704
31.1939	-3.84983
31.2039	-3.85263
31.2139	-3.85543
31.2239	-3.85823
31.2338	-3.86103
31.2438	-3.86383
31.2538	-3.86663
31.2638	-3.86944
31.2738	-3.87224
31.2838	-3.87505
31.2937	-3.87785
31.3037	-3.88066
31.3137	-3.88347
31.3237	-3.88628
31.3337	-3.88909
31.3436	-3.8919
31.3536	-3.89471
31.3636	-3.89752
31.3736	-3.90034
31.3836	-3.90315
31.3936	-3.90597
31.4035	-3.90878
31.4135	-3.9116
31.4235	-3.91442
31.4335	-3.91724
31.4435	-3.92006
31.4535	-3.92288
31.4634	-3.9257
31.4734	-3.92853
31.4834	-3.93135
31.4934	-3.93417
31.5034	-3.937
31.5133	-3.93983
31.5233	-3.94266
31.5333	-3.94548
31.5433	-3.94831
31.5533	-3.95114
31.5633	-3.95398
31.5732	-3.95681
31.5832	-3.95964
31.5932	-3.96248
31.6032	-3.96531
31.6132	-3.96815
31.6231	-3.97099
31.6331	-3.97382
31.6431	-3.97666
31.6531	-3.9795
31.6631	-3.98234
31.6731	-3.98519
31.683	-3.98803
31.693	-3.99087
31.703	-3.99372
31.713	-3.99656
31.723	-3.99941
31.7329	-4.00226
31.7429	-4.00511
31.7529	-4.00795
31.7629	-4.01081
31.7729	-4.01366
31.7829	-4.01651
31.7928	-4.01936
31.8028	-4.02222
31.8128	-4.02507
31.8228	-4.02793
31.8328	-4.03078
31.8427	-4.03364
31.8527	-4.0365
31.8627	-4.03936
31.8727	-4.04222
31.8827	-4.04508
31.8927	-4.04794
31.9026	-4.05081
31.9126	-4.05367
31.9226	-4.05653
31.9326	-4.0594
31.9426	-4.06227
31.9526	-4.06513
31.9625	-4.068
31.9725	-4.07087
31.9825	-4.07374
31.9925	-4.07662
32.0025	-4.07949
32.0124	-4.08236
32.0224	-4.08523
32.0324	-4.08811
32.0424	-4.09099
32.0524	-4.09386
32.0624	-4.09674
32.0723	-4.09962
32.0823	-4.1025
32.0923	-4.10538
32.1023	-4.10826
32.1123	-4.11114
32.1222	-4.11403
32.1322	-4.11691
32.1422	-4.1198
32.1522	-4.12268
32.1622	-4.12557
32.1722	-4.12846
32.1821	-4.13134
32.1921	-4.13423
32.2021	-4.13712
32.2121	-4.14002
32.2221	-4.14291
32.232	-4.1458
32.242	-4.1487
32.252	-4.15159
32.262	-4.15449
32.272	-4.15738
32.282	-4.16028
32.2919	-4.16318
32.3019	-4.16608
32.3119	-4.16898
32.3219	-4.17188
32.3319	-4.17478
32.3418	-4.17769
32.3518	-4.18059
32.3618	-4.18349
32.3718	-4.1864
32.3818	-4.18931
32.3918	-4.19221
32.4017	-4.19512
32.4117	-4.19803
32.4217	-4.20094
32.4317	-4.20385
32.4417	-4.20677
32.4517	-4.20968
32.4616	-4.21259
32.4716	-4.21551
32.4816	-4.21842
32.4916	-4.22134
32.5016	-4.22426
32.5115	-4.22717
32.5215	-4.23009
32.5315	-4.23301
32.5415	-4.23593
32.5515	-4.23886
32.5615	-4.24178
32.5714	-4.2447
32.5814	-4.24763
32.5914	-4.25055
32.6014	-4.25348
32.6114	-4.25641
32.6213	-4.25933
32.6313	-4.26226
32.6413	-4.26519
32.6513	-4.26812
32.6613	-4.27105
32.6713	-4.27399
32.6812	-4.27692
32.6912	-4.27985
32.7012	-4.28279
32.7112	-4.28572
32.7212	-4.28866
32.7311	-4.2916
32.7411	-4.29454
32.7511	-4.29748
32.7611	-4.30042
32.7711	-4.30336
32.7811	-4.3063
32.791	-4.30924
32.801	-4.31219
32.811	-4.31513
32.821	-4.31808
32.831	-4.32102
32.8409	-4.32397
32.8509	-4.32692
32.8609	-4.32987
32.8709	-4.33282
32.8809	-4.33577
32.8909	-4.33872
32.9008	-4.34167
32.9108	-4.34462
32.9208	-4.34758
32.9308	-4.35053
32.9408	-4.35349
32.9508	-4.35644
32.9607	-4.3594
32.9707	-4.36236
32.9807	-4.36532
32.9907	-4.36828
33.0007	-4.37124
33.0106	-4.3742
33.0206	-4.37717
33.0306	-4.38013
33.0406	-4.38309
33.0506	-4.38606
33.0606	-4.38902
33.0705	-4.39199
33.0805	-4.39496
33.0905	-4.39793
33.1005	-4.4009
33.1105	-4.40387
33.1204	-4.40684
33.1304	-4.40981
33.1404	-4.41278
33.1504	-4.41576
33.1604	-4.41873
33.1704	-4.42171
33.1803	-4.42468
33.1903	-4.42766
33.2003	-4.43064
33.2103	-4.43362
33.2203	-4.4366
33.2302	-4.43958
33.2402	-4.44256
33.2502	-4.44554
33.2602	-4.44852
33.2702	-4.45151
33.2802	-4.45449
33.2901	-4.45748
33.3001	-4.46047
33.3101	-4.46345
33.3201	-4.46644
33.3301	-4.46943
33.34	-4.47242
33.35	-4.47541
33.36	-4.4784
33.37	-4.48139
33.38	-4.48439
33.39	-4.48738
33.3999	-4.49038
33.4099	-4.49337
33.4199	-4.49637
33.4299	-4.49937
33.4399	-4.50236
33.4498	-4.50536
33.4598	-4.50836
33.4698	-4.51136
33.4798	-4.51437
33.4898	-4.51737
33.4998	-4.52037
33.5097	-4.52337
33.5197	-4.52638
33.5297	-4.52939
33.5397	-4.53239
33.5497	-4.5354
33.5597	-4.53841
33.5696	-4.54142
33.5796	-4.54443
33.5896	-4.54744
33.5996	-4.55045
33.6096	-4.55346
33.6195	-4.55647
33.6295	-4.55949
33.6395	-4.5625
33.6495	-4.56552
33.6595	-4.56853
33.6695	-4.57155
33.6794	-4.57457
33.6894	-4.57759
33.6994	-4.58061
33.7094	-4.58363
33.7194	-4.58665
33.7293	-4.58967
33.7393	-4.59269
33.7493	-4.59572
33.7593	-4.59874
33.7693	-4.60177
33.7793	-4.60479
33.7892	-4.60782
33.7992	-4.61085
33.8092	-4.61388
33.8192	-4.61691
33.8292	-4.61994
33.8391	-4.62297
33.8491	-4.626
33.8591	-4.62903
33.8691	-4.63207
33.8791	-4.6351
33.8891	-4.63814
33.899	-4.64117
33.909	-4.64421
33.919	-4.64725
33.929	-4.65028
33.939	-4.65332
33.9489	-4.65636
33.9589	-4.6594
33.9689	-4.66245
33.9789	-4.66549
33.9889	-4.66853
33.9989	-4.67157
34.0088	-4.67462
34.0188	-4.67766
34.0288	-4.68071
34.0388	-4.68376
34.0488	-4.68681
34.0588	-4.68985
34.0687	-4.6929
34.0787	-4.69595
34.0887	-4.69901
34.0987	-4.70206
34.1087	-4.70511
34.1186	-4.70816
34.1286	-4.71122
34.1386	-4.71427
34.1486	-4.71733
34.1586	-4.72039
34.1686	-4.72344
34.1785	-4.7265
34.1885	-4.72956
34.1985	-4.73262
34.2085	-4.73568
34.2185	-4.73874
34.2284	-4.7418
34.2384	-4.74487
34.2484	-4.74793
34.2584	-4.751
34.2684	-4.75406
34.2784	-4.75713
34.2883	-4.76019
34.2983	-4.76326
34.3083	-4.76633
34.3183	-4.7694
34.3283	-4.77247
34.3382	-4.77554
34.3482	-4.77861
34.3582	-4.78168
34.3682	-4.78476
34.3782	-4.78783
34.3882	-4.79091
34.3981	-4.79398
34.4081	-4.79706
34.4181	-4.80014
34.4281	-4.80321
34.4381	-4.80629
34.448	-4.80937
34.458	-4.81245
34.468	-4.81553
34.478	-4.81861
34.488	-4.8217
34.498	-4.82478
34.5079	-4.82786
34.5179	-4.83095
34.5279	-4.83403
34.5379	-4.83712
34.5479	-4.84021
34.5579	-4.84329
34.5678	-4.84638
34.5778	-4.84947
34.5878	-4.85256
34.5978	-4.85565
34.6078	-4.85875
34.6177	-4.86184
34.6277	-4.86493
34.6377	-4.86802
34.6477	-4.87112
34.6577	-4.87421
34.6677	-4.87731
34.6776	-4.88041
34.6876	-4.88351
34.6976	-4.8866
34.7076	-4.8897
34.7176	-4.8928
34.7275	-4.8959
34.7375	-4.89901
34.7475	-4.90211
34.7575	-4.90521
34.7675	-4.90831
34.7775	-4.91142
34.7874	-4.91452
34.7974	-4.91763
34.8074	-4.92074
34.8174	-4.92385
34.8274	-4.92695
34.8373	-4.93006
34.8473	-4.93317
34.8573	-4.93628
34.8673	-4.93939
34.8773	-4.94251
34.8873	-4.94562
34.8972	-4.94873
34.9072	-4.95185
34.9172	-4.95496
34.9272	-4.95808
34.9372	-4.96119
34.9471	-4.96431
34.9571	-4.96743
34.9671	-4.97055
34.9771	-4.97367
34.9871	-4.97679
34.9971	-4.97991
35.007	-4.98303
35.017	-4.98615
35.027	-4.98928
35.037	-4.9924
35.047	-4.99552
35.057	-4.99865
35.0669	-5.00178
35.0769	-5.0049
35.0869	-5.00803
35.0969	-5.01116
35.1069	-5.01429
35.1168	-5.01742
35.1268	-5.02055
35.1368	-5.02368
35.1468	-5.02681
35.1568	-5.02994
35.1668	-5.03308
35.1767	-5.03621
35.1867	-5.03935
35.1967	-5.04248
35.2067	-5.04562
35.2167	-5.04876
35.2266	-5.05189
35.2366	-5.05503
35.2466	-5.05817
35.2566	-5.06131
35.2666	-5.06445
35.2766	-5.06759
35.2865	-5.07074
35.2965	-5.07388
35.3065	-5.07702
35.3165	-5.08017
35.3265	-5.08331
35.3364	-5.08646
35.3464	-5.0896
35.3564	-5.09275
35.3664	-5.0959
35.3764	-5.09905
35.3864	-5.1022
35.3963	-5.10535
35.4063	-5.1085
35.4163	-5.11165
35.4263	-5.1148
35.4363	-5.11796
35.4462	-5.12111
35.4562	-5.12426
35.4662	-5.12742
35.4762	-5.13057
35.4862	-5.13373
35.4962	-5.13689
35.5061	-5.14005
35.5161	-5.1432
35.5261	-5.14636
35.5361	-5.14952
35.5461	-5.15268
35.5561	-5.15585
35.566	-5.15901
35.576	-5.16217
35.586	-5.16533
35.596	-5.1685
35.606	-5.17166
35.6159	-5.17483
35.6259	-5.178
35.6359	-5.18116
35.6459	-5.18433
35.6559	-5.1875
35.6659	-5.19067
35.6758	-5.19384
35.6858	-5.19701
35.6958	-5.20018
35.7058	-5.20335
35.7158	-5.20652
35.7257	-5.2097
35.7357	-5.21287
35.7457	-5.21605
35.7557	-5.21922
35.7657	-5.2224
35.7757	-5.22558
35.7856	-5.22875
35.7956	-5.23193
35.8056	-5.23511
35.8156	-5.23829
35.8256	-5.24147
35.8355	-5.24465
35.8455	-5.24783
35.8555	-5.25101
35.8655	-5.2542
35.8755	-5.25738
35.8855	-5.26057
35.8954	-5.26375
35.9054	-5.26694
35.9154	-5.27012
35.9254	-5.27331
35.9354	-5.2765
35.9453	-5.27969
35.9553	-5.28288
35.9653	-5.28607
35.9753	-5.28926
35.9853	-5.29245
35.9953	-5.29564
36.0052	-5.29883
36.0152	-5.30202
36.0252	-5.30522
36.0352	-5.30841
36.0452	-5.31161
36.0552	-5.3148
36.0651	-5.318
36.0751	-5.3212
36.0851	-5.3244
36.0951	-5.32759
36.1051	-5.33079
36.115	-5.33399
36.125	-5.33719
36.135	-5.3404
36.145	-5.3436
36.155	-5.3468
36.165	-5.35
36.1749	-5.35321
36.1849	-5.35641
36.1949	-5.35962
36.2049	-5.36282
36.2149	-5.36603
36.2248	-5.36924
36.2348	-5.37245
36.2448	-5.37565
36.2548	-5.37886
36.2648	-5.38207
36.2748	-5.38528
36.2847	-5.3885
36.2947	-5.39171
36.3047	-5.39492
36.3147	-5.39813
36.3247	-5.40135
36.3346	-5.40456
36.3446	-5.40778
36.3546	-5.41099
36.3646	-5.41421
36.3746	-5.41743
36.3846	-5.42064
36.3945	-5.42386
36.4045	-5.42708
36.4145	-5.4303
36.4245	-5.43352
36.4345	-5.43674
36.4444	-5.43996
36.4544	-5.44319
36.4644	-5.44641
36.4744	-5.44963
36.4844	-5.45286
36.4944	-5.45608
36.5043	-5.45931
36.5143	-5.46253
36.5243	-5.46576
36.5343	-5.46899
36.5443	-5.47222
36.5543	-5.47545
36.5642	-5.47868
36.5742	-5.48191
36.5842	-5.48514
36.5942	-5.48837
36.6042	-5.4916
36.6141	-5.49483
36.6241	-5.49807
36.6341	-5.5013
36.6441	-5.50453
36.6541	-5.50777
36.6641	-5.51101
36.674	-5.51424
36.684	-5.51748
36.694	-5.52072
36.704	-5.52396
36.714	-5.52719
36.7239	-5.53043
36.7339	-5.53367
36.7439	-5.53692
36.7539	-5.54016
36.7639	-5.5434
36.7739	-5.54664
36.7838	-5.54989
36.7938	-5.55313
36.8038	-5.55637
36.8138	-5.55962
36.8238	-5.56287
36.8337	-5.56611
36.8437	-5.56936
36.8537	-5.57261
36.8637	-5.57586
36.8737	-5.57911
36.8837	-5.58235
36.8936	-5.58561
36.9036	-5.58886
36.9136	-5.59211
36.9236	-5.59536
36.9336	-5.59861
36.9435	-5.60187
36.9535	-5.60512
36.9635	-5.60837
36.9735	-5.61163
36.9835	-5.61489
36.9935	-5.61814
37.0034	-5.6214
37.0134	-5.62466
37.0234	-5.62792
37.0334	-5.63117
37.0434	-5.63443
37.0534	-5.63769
37.0633	-5.64096
37.0733	-5.64422
37.0833	-5.64748
37.0933	-5.65074
37.1033	-5.654
37.1132	-5.65727
37.1232	-5.66053
37.1332	-5.6638
37.1432	-5.66706
37.1532	-5.67033
37.1632	-5.6736
37.1731	-5.67686
37.1831	-5.68013
37.1931	-5.6834
37.2031	-5.68667
37.2131	-5.68994
37.223	-5.69321
37.233	-5.69648
37.243	-5.69975
37.253	-5.70303
37.263	-5.7063
37.273	-5.70957
37.2829	-5.71285
37.2929	-5.71612
37.3029	-5.7194
37.3129	-5.72267
37.3229	-5.72595
37.3328	-5.72923
37.3428	-5.7325
37.3528	-5.73578
37.3628	-5.73906
37.3728	-5.74234
37.3828	-5.74562
37.3927	-5.7489
37.4027	-5.75218
37.4127	-5.75546
37.4227	-5.75875
37.4327	-5.76203
37.4426	-5.76531
37.4526	-5.7686
37.4626	-5.77188
37.4726	-5.77517
37.4826	-5.77845
37.4926	-5.78174
37.5025	-5.78503
37.5125	-5.78831
37.5225	-5.7916
37.5325	-5.79489
37.5425	-5.79818
37.5525	-5.80147
37.5624	-5.80476
37.5724	-5.80805
37.5824	-5.81134
37.5924	-5.81463
37.6024	-5.81793
37.6123	-5.82122
37.6223	-5.82452
37.6323	-5.82781
37.6423	-5.8311
37.6523	-5.8344
37.6623	-5.8377
37.6722	-5.84099
37.6822	-5.84429
37.6922	-5.84759
37.7022	-5.85089
37.7122	-5.85419
37.7221	-5.85749
37.7321	-5.86079
37.7421	-5.86409
37.7521	-5.86739
37.7621	-5.87069
37.7721	-5.87399
37.782	-5.8773
37.792	-5.8806
37.802	-5.8839
37.812	-5.88721
37.822	-5.89051
37.8319	-5.89382
37.8419	-5.89713
37.8519	-5.90043
37.8619	-5.90374
37.8719	-5.90705
37.8819	-5.91036
37.8918	-5.91367
37.9018	-5.91698
37.9118	-5.92029
37.9218	-5.9236
37.9318	-5.92691
37.9417	-5.93022
37.9517	-5.93354
37.9617	-5.93685
37.9717	-5.94016
37.9817	-5.94348
37.9917	-5.94679
38.0016	-5.95011
38.0116	-5.95342
38.0216	-5.95674
38.0316	-5.96006
38.0416	-5.96337
38.0516	-5.96669
38.0615	-5.97001
38.0715	-5.97333
38.0815	-5.97665
38.0915	-5.97997
38.1015	-5.98329
38.1114	-5.98661
38.1214	-5.98993
38.1314	-5.99326
38.1414	-5.99658
38.1514	-5.9999
38.1614	-6.00323
38.1713	-6.00655
38.1813	-6.00988
38.1913	-6.0132
38.2013	-6.01653
38.2113	-6.01986
38.2212	-6.02318
38.2312	-6.02651
38.2412	-6.02984
38.2512	-6.03317
38.2612	-6.0365
38.2712	-6.03983
38.2811	-6.04316
38.2911	-6.04649
38.3011	-6.04982
38.3111	-6.05315
38.3211	-6.05649
38.331	-6.05982
38.341	-6.06315
38.351	-6.06649
38.361	-6.06982
38.371	-6.07316
38.381	-6.07649
38.3909	-6.07983
38.4009	-6.08317
38.4109	-6.08651
38.4209	-6.08984
38.4309	-6.09318
38.4408	-6.09652
38.4508	-6.09986
38.4608	-6.1032
38.4708	-6.10654
38.4808	-6.10988
38.4908	-6.11322
38.5007	-6.11657
38.5107	-6.11991
38.5207	-6.12325
38.5307	-6.1266
38.5407	-6.12994
38.5507	-6.13328
38.5606	-6.13663
38.5706	-6.13998
38.5806	-6.14332
38.5906	-6.14667
38.6006	-6.15002
38.6105	-6.15336
38.6205	-6.15671
38.6305	-6.16006
38.6405	-6.16341
38.6505	-6.16676
38.6605	-6.17011
38.6704	-6.17346
38.6804	-6.17681
38.6904	-6.18017
38.7004	-6.18352
38.7104	-6.18687
38.7203	-6.19022
38.7303	-6.19358
38.7403	-6.19693
38.7503	-6.20029
38.7603	-6.20364
38.7703	-6.207
38.7802	-6.21036
38.7902	-6.21371
38.8002	-6.21707
38.8102	-6.22043
38.8202	-6.22379
38.8301	-6.22715
38.8401	-6.2305
38.8501	-6.23386
38.8601	-6.23723
38.8701	-6.24059
38.8801	-6.24395
38.89	-6.24731
38.9	-6.25067
38.91	-6.25404
38.92	-6.2574
38.93	-6.26076
38.9399	-6.26413
38.9499	-6.26749
38.9599	-6.27086
38.9699	-6.27422
38.9799	-6.27759
38.9899	-6.28096
38.9998	-6.28432
39.0098	-6.28769
39.0198	-6.29106
39.0298	-6.29443
39.0398	-6.2978
39.0497	-6.30117
39.0597	-6.30454
39.0697	-6.30791
39.0797	-6.31128
39.0897	-6.31465
39.0997	-6.31802
39.1096	-6.3214
39.1196	-6.32477
39.1296	-6.32814
39.1396	-6.33152
39.1496	-6.33489
39.1596	-6.33827
39.1695	-6.34164
39.1795	-6.34502
39.1895	-6.3484
39.1995	-6.35177
39.2095	-6.35515
39.2194	-6.35853
39.2294	-6.36191
39.2394	-6.36529
39.2494	-6.36867
39.2594	-6.37205
39.2694	-6.37543
39.2793	-6.37881
39.2893	-6.38219
39.2993	-6.38557
39.3093	-6.38895
39.3193	-6.39234
39.3292	-6.39572
39.3392	-6.3991
39.3492	-6.40249
39.3592	-6.40587
39.3692	-6.40926
39.3792	-6.41264
39.3891	-6.41603
39.3991	-6.41941
39.4091	-6.4228
39.4191	-6.42619
39.4291	-6.42958
39.439	-6.43296
39.449	-6.43635
39.459	-6.43974
39.469	-6.44313
39.479	-6.44652
39.489	-6.44991
39.4989	-6.4533
39.5089	-6.4567
39.5189	-6.46009
39.5289	-6.46348
39.5389	-6.46687
39.5488	-6.47027
39.5588	-6.47366
39.5688	-6.47705
39.5788	-6.48045
39.5888	-6.48384
39.5988	-6.48724
39.6087	-6.49064
39.6187	-6.49403
39.6287	-6.49743
39.6387	-6.50083
39.6487	-6.50422
39.6587	-6.50762
39.6686	-6.51102
39.6786	-6.51442
39.6886	-6.51782
39.6986	-6.52122
39.7086	-6.52462
39.7185	-6.52802
39.7285	-6.53142
39.7385	-6.53483
39.7485	-6.53823
39.7585	-6.54163
39.7685	-6.54503
39.7784	-6.54844
39.7884	-6.55184
39.7984	-6.55525
39.8084	-6.55865
39.8184	-6.56206
39.8283	-6.56546
39.8383	-6.56887
39.8483	-6.57228
39.8583	-6.57568
39.8683	-6.57909
39.8783	-6.5825
39.8882	-6.58591
39.8982	-6.58932
39.9082	-6.59272
39.9182	-6.59613
39.9282	-6.59954
39.9381	-6.60296
39.9481	-6.60637
39.9581	-6.60978
39.9681	-6.61319
39.9781	-6.6166
39.9881	-6.62002
39.998	-6.62343
