Freq_GHz	Norm_dB_model_hole
0.1	-2.57956e-05
0.109982	-4.02585e-05
0.119964	-5.60965e-05
0.129946	-7.33097e-05
0.139928	-9.1898e-05
0.14991	-0.000111861
0.159892	-0.0001332
0.169874	-0.000155914
0.179856	-0.000180003
0.189838	-0.000205467
0.19982	-0.000232307
0.209802	-0.000260522
0.219784	-0.000290112
0.229766	-0.000321078
0.239748	-0.000353419
0.24973	-0.000387135
0.259712	-0.000422227
0.269694	-0.000458694
0.279676	-0.000496537
0.289658	-0.000535755
0.29964	-0.000576349
0.309622	-0.000618319
0.319604	-0.000661664
0.329586	-0.000706385
0.339568	-0.000752482
0.34955	-0.000799955
0.359532	-0.000848803
0.369514	-0.000899027
0.379496	-0.000950628
0.389478	-0.0010036
0.39946	-0.00105796
0.409442	-0.00111368
0.419424	-0.00117079
0.429406	-0.00122927
0.439388	-0.00128913
0.44937	-0.00135036
0.459352	-0.00141297
0.469334	-0.00147696
0.479316	-0.00154232
0.489298	-0.00160906
0.49928	-0.00167717
0.509262	-0.00174667
0.519244	-0.00181753
0.529226	-0.00188978
0.539208	-0.0019634
0.54919	-0.0020384
0.559172	-0.00211478
0.569154	-0.00219253
0.579136	-0.00227167
0.589118	-0.00235217
0.5991	-0.00243406
0.609082	-0.00251732
0.619064	-0.00260196
0.629046	-0.00268798
0.639028	-0.00277538
0.64901	-0.00286415
0.658992	-0.0029543
0.668974	-0.00304583
0.678956	-0.00313874
0.688938	-0.00323303
0.69892	-0.00332869
0.708902	-0.00342573
0.718884	-0.00352415
0.728866	-0.00362395
0.738848	-0.00372513
0.74883	-0.00382768
0.758812	-0.00393162
0.768794	-0.00403693
0.778776	-0.00414362
0.788758	-0.0042517
0.79874	-0.00436115
0.808722	-0.00447198
0.818704	-0.00458419
0.828686	-0.00469778
0.838668	-0.00481274
0.84865	-0.00492909
0.858632	-0.00504682
0.868614	-0.00516593
0.878596	-0.00528642
0.888578	-0.00540828
0.89856	-0.00553153
0.908542	-0.00565616
0.918524	-0.00578217
0.928506	-0.00590956
0.938488	-0.00603833
0.94847	-0.00616848
0.958452	-0.00630001
0.968434	-0.00643293
0.978416	-0.00656722
0.988398	-0.0067029
0.99838	-0.00683996
1.00836	-0.0069784
1.01834	-0.00711822
1.02833	-0.00725942
1.03831	-0.007402
1.04829	-0.00754597
1.05827	-0.00769132
1.06825	-0.00783805
1.07824	-0.00798617
1.08822	-0.00813566
1.0982	-0.00828654
1.10818	-0.00843881
1.11816	-0.00859245
1.12815	-0.00874748
1.13813	-0.0089039
1.14811	-0.00906169
1.15809	-0.00922087
1.16807	-0.00938144
1.17806	-0.00954339
1.18804	-0.00970672
1.19802	-0.00987144
1.208	-0.0100375
1.21798	-0.010205
1.22797	-0.0103739
1.23795	-0.0105441
1.24793	-0.0107158
1.25791	-0.0108888
1.26789	-0.0110632
1.27788	-0.011239
1.28786	-0.0114162
1.29784	-0.0115948
1.30782	-0.0117747
1.3178	-0.0119561
1.32779	-0.0121388
1.33777	-0.0123229
1.34775	-0.0125084
1.35773	-0.0126953
1.36771	-0.0128836
1.3777	-0.0130733
1.38768	-0.0132643
1.39766	-0.0134567
1.40764	-0.0136506
1.41762	-0.0138458
1.42761	-0.0140424
1.43759	-0.0142404
1.44757	-0.0144398
1.45755	-0.0146405
1.46753	-0.0148427
1.47752	-0.0150462
1.4875	-0.0152512
1.49748	-0.0154575
1.50746	-0.0156652
1.51744	-0.0158743
1.52743	-0.0160848
1.53741	-0.0162967
1.54739	-0.01651
1.55737	-0.0167246
1.56735	-0.0169407
1.57734	-0.0171582
1.58732	-0.017377
1.5973	-0.0175972
1.60728	-0.0178189
1.61726	-0.0180419
1.62725	-0.0182663
1.63723	-0.0184921
1.64721	-0.0187193
1.65719	-0.0189479
1.66717	-0.0191779
1.67716	-0.0194092
1.68714	-0.019642
1.69712	-0.0198762
1.7071	-0.0201117
1.71708	-0.0203487
1.72707	-0.020587
1.73705	-0.0208267
1.74703	-0.0210679
1.75701	-0.0213104
1.76699	-0.0215543
1.77698	-0.0217997
1.78696	-0.0220464
1.79694	-0.0222945
1.80692	-0.022544
1.8169	-0.0227949
1.82689	-0.0230472
1.83687	-0.0233009
1.84685	-0.023556
1.85683	-0.0238125
1.86681	-0.0240704
1.8768	-0.0243297
1.88678	-0.0245903
1.89676	-0.0248524
1.90674	-0.0251159
1.91672	-0.0253808
1.92671	-0.0256471
1.93669	-0.0259148
1.94667	-0.0261838
1.95665	-0.0264543
1.96663	-0.0267262
1.97662	-0.0269995
1.9866	-0.0272742
1.99658	-0.0275503
2.00656	-0.0278277
2.01654	-0.0281066
2.02653	-0.0283869
2.03651	-0.0286686
2.04649	-0.0289517
2.05647	-0.0292362
2.06645	-0.0295221
2.07644	-0.0298094
2.08642	-0.0300981
2.0964	-0.0303882
2.10638	-0.0306797
2.11636	-0.0309726
2.12635	-0.0312669
2.13633	-0.0315627
2.14631	-0.0318598
2.15629	-0.0321583
2.16627	-0.0324583
2.17626	-0.0327596
2.18624	-0.0330624
2.19622	-0.0333665
2.2062	-0.0336721
2.21618	-0.033979
2.22617	-0.0342874
2.23615	-0.0345972
2.24613	-0.0349084
2.25611	-0.035221
2.26609	-0.035535
2.27608	-0.0358504
2.28606	-0.0361673
2.29604	-0.0364855
2.30602	-0.0368051
2.316	-0.0371262
2.32599	-0.0374487
2.33597	-0.0377725
2.34595	-0.0380978
2.35593	-0.0384245
2.36591	-0.0387526
2.3759	-0.0390822
2.38588	-0.0394131
2.39586	-0.0397454
2.40584	-0.0400792
2.41582	-0.0404144
2.42581	-0.0407509
2.43579	-0.0410889
2.44577	-0.0414283
2.45575	-0.0417692
2.46573	-0.0421114
2.47572	-0.0424551
2.4857	-0.0428001
2.49568	-0.0431466
2.50566	-0.0434945
2.51564	-0.0438438
2.52563	-0.0441946
2.53561	-0.0445467
2.54559	-0.0449003
2.55557	-0.0452553
2.56555	-0.0456117
2.57554	-0.0459695
2.58552	-0.0463287
2.5955	-0.0466894
2.60548	-0.0470514
2.61546	-0.0474149
2.62545	-0.0477798
2.63543	-0.0481462
2.64541	-0.0485139
2.65539	-0.0488831
2.66537	-0.0492537
2.67536	-0.0496257
2.68534	-0.0499991
2.69532	-0.050374
2.7053	-0.0507503
2.71528	-0.051128
2.72527	-0.0515071
2.73525	-0.0518876
2.74523	-0.0522696
2.75521	-0.052653
2.76519	-0.0530378
2.77518	-0.0534241
2.78516	-0.0538118
2.79514	-0.0542008
2.80512	-0.0545914
2.8151	-0.0549833
2.82509	-0.0553767
2.83507	-0.0557715
2.84505	-0.0561677
2.85503	-0.0565654
2.86501	-0.0569645
2.87499	-0.057365
2.88498	-0.0577669
2.89496	-0.0581703
2.90494	-0.0585751
2.91492	-0.0589813
2.9249	-0.059389
2.93489	-0.059798
2.94487	-0.0602086
2.95485	-0.0606205
2.96483	-0.0610339
2.97481	-0.0614487
2.9848	-0.061865
2.99478	-0.0622826
3.00476	-0.0627017
3.01474	-0.0631223
3.02472	-0.0635443
3.03471	-0.0639677
3.04469	-0.0643925
3.05467	-0.0648188
3.06465	-0.0652465
3.07463	-0.0656757
3.08462	-0.0661063
3.0946	-0.0665383
3.10458	-0.0669718
3.11456	-0.0674067
3.12454	-0.067843
3.13453	-0.0682808
3.14451	-0.06872
3.15449	-0.0691606
3.16447	-0.0696027
3.17445	-0.0700463
3.18444	-0.0704912
3.19442	-0.0709376
3.2044	-0.0713855
3.21438	-0.0718348
3.22436	-0.0722855
3.23435	-0.0727377
3.24433	-0.0731913
3.25431	-0.0736464
3.26429	-0.0741029
3.27427	-0.0745608
3.28426	-0.0750202
3.29424	-0.075481
3.30422	-0.0759433
3.3142	-0.0764071
3.32418	-0.0768722
3.33417	-0.0773388
3.34415	-0.0778069
3.35413	-0.0782764
3.36411	-0.0787474
3.37409	-0.0792198
3.38408	-0.0796936
3.39406	-0.0801689
3.40404	-0.0806457
3.41402	-0.0811239
3.424	-0.0816035
3.43399	-0.0820846
3.44397	-0.0825672
3.45395	-0.0830512
3.46393	-0.0835366
3.47391	-0.0840236
3.4839	-0.0845119
3.49388	-0.0850017
3.50386	-0.085493
3.51384	-0.0859857
3.52382	-0.0864799
3.53381	-0.0869755
3.54379	-0.0874726
3.55377	-0.0879711
3.56375	-0.0884711
3.57373	-0.0889726
3.58372	-0.0894755
3.5937	-0.0899798
3.60368	-0.0904856
3.61366	-0.0909929
3.62364	-0.0915016
3.63363	-0.0920118
3.64361	-0.0925235
3.65359	-0.0930366
3.66357	-0.0935512
3.67355	-0.0940672
3.68354	-0.0945847
3.69352	-0.0951037
3.7035	-0.0956241
3.71348	-0.096146
3.72346	-0.0966693
3.73345	-0.0971941
3.74343	-0.0977204
3.75341	-0.0982481
3.76339	-0.0987773
3.77337	-0.099308
3.78336	-0.0998401
3.79334	-0.100374
3.80332	-0.100909
3.8133	-0.101445
3.82328	-0.101983
3.83327	-0.102523
3.84325	-0.103064
3.85323	-0.103606
3.86321	-0.10415
3.87319	-0.104695
3.88318	-0.105242
3.89316	-0.10579
3.90314	-0.10634
3.91312	-0.106891
3.9231	-0.107444
3.93309	-0.107998
3.94307	-0.108554
3.95305	-0.109111
3.96303	-0.10967
3.97301	-0.11023
3.983	-0.110791
3.99298	-0.111354
4.00296	-0.111919
4.01294	-0.112485
4.02292	-0.113052
4.03291	-0.113621
4.04289	-0.114191
4.05287	-0.114763
4.06285	-0.115337
4.07283	-0.115911
4.08282	-0.116488
4.0928	-0.117066
4.10278	-0.117645
4.11276	-0.118226
4.12274	-0.118808
4.13273	-0.119392
4.14271	-0.119977
4.15269	-0.120563
4.16267	-0.121152
4.17265	-0.121741
4.18264	-0.122332
4.19262	-0.122925
4.2026	-0.123519
4.21258	-0.124115
4.22256	-0.124712
4.23255	-0.12531
4.24253	-0.12591
4.25251	-0.126512
4.26249	-0.127115
4.27247	-0.12772
4.28246	-0.128326
4.29244	-0.128933
4.30242	-0.129542
4.3124	-0.130153
4.32238	-0.130765
4.33237	-0.131378
4.34235	-0.131993
4.35233	-0.132609
4.36231	-0.133227
4.37229	-0.133847
4.38228	-0.134468
4.39226	-0.13509
4.40224	-0.135714
4.41222	-0.13634
4.4222	-0.136966
4.43219	-0.137595
4.44217	-0.138225
4.45215	-0.138856
4.46213	-0.139489
4.47211	-0.140124
4.4821	-0.140759
4.49208	-0.141397
4.50206	-0.142036
4.51204	-0.142676
4.52202	-0.143318
4.53201	-0.143962
4.54199	-0.144606
4.55197	-0.145253
4.56195	-0.145901
4.57193	-0.14655
4.58192	-0.147201
4.5919	-0.147854
4.60188	-0.148508
4.61186	-0.149163
4.62184	-0.14982
4.63183	-0.150479
4.64181	-0.151138
4.65179	-0.1518
4.66177	-0.152463
4.67175	-0.153128
4.68174	-0.153794
4.69172	-0.154461
4.7017	-0.15513
4.71168	-0.155801
4.72166	-0.156473
4.73165	-0.157146
4.74163	-0.157821
4.75161	-0.158498
4.76159	-0.159176
4.77157	-0.159856
4.78156	-0.160537
4.79154	-0.16122
4.80152	-0.161904
4.8115	-0.16259
4.82148	-0.163277
4.83147	-0.163966
4.84145	-0.164656
4.85143	-0.165348
4.86141	-0.166041
4.87139	-0.166736
4.88138	-0.167432
4.89136	-0.16813
4.90134	-0.168829
4.91132	-0.16953
4.9213	-0.170233
4.93129	-0.170937
4.94127	-0.171642
4.95125	-0.172349
4.96123	-0.173058
4.97121	-0.173768
4.9812	-0.174479
4.99118	-0.175192
5.00116	-0.175907
5.01114	-0.176623
5.02112	-0.177341
5.03111	-0.17806
5.04109	-0.178781
5.05107	-0.179503
5.06105	-0.180227
5.07103	-0.180952
5.08102	-0.181679
5.091	-0.182408
5.10098	-0.183138
5.11096	-0.183869
5.12094	-0.184602
5.13093	-0.185337
5.14091	-0.186073
5.15089	-0.186811
5.16087	-0.18755
5.17085	-0.18829
5.18084	-0.189033
5.19082	-0.189777
5.2008	-0.190522
5.21078	-0.191269
5.22076	-0.192017
5.23075	-0.192767
5.24073	-0.193519
5.25071	-0.194272
5.26069	-0.195026
5.27067	-0.195782
5.28066	-0.19654
5.29064	-0.197299
5.30062	-0.19806
5.3106	-0.198822
5.32058	-0.199586
5.33057	-0.200352
5.34055	-0.201119
5.35053	-0.201887
5.36051	-0.202657
5.37049	-0.203429
5.38048	-0.204202
5.39046	-0.204976
5.40044	-0.205753
5.41042	-0.206531
5.4204	-0.20731
5.43039	-0.208091
5.44037	-0.208873
5.45035	-0.209657
5.46033	-0.210443
5.47031	-0.21123
5.4803	-0.212019
5.49028	-0.212809
5.50026	-0.213601
5.51024	-0.214394
5.52022	-0.215189
5.53021	-0.215985
5.54019	-0.216783
5.55017	-0.217583
5.56015	-0.218384
5.57013	-0.219187
5.58012	-0.219991
5.5901	-0.220797
5.60008	-0.221604
5.61006	-0.222413
5.62004	-0.223224
5.63003	-0.224036
5.64001	-0.22485
5.64999	-0.225665
5.65997	-0.226482
5.66995	-0.2273
5.67994	-0.22812
5.68992	-0.228941
5.6999	-0.229764
5.70988	-0.230589
5.71986	-0.231415
5.72985	-0.232243
5.73983	-0.233072
5.74981	-0.233903
5.75979	-0.234736
5.76977	-0.23557
5.77976	-0.236406
5.78974	-0.237243
5.79972	-0.238082
5.8097	-0.238922
5.81968	-0.239764
5.82967	-0.240607
5.83965	-0.241453
5.84963	-0.242299
5.85961	-0.243147
5.86959	-0.243997
5.87958	-0.244849
5.88956	-0.245702
5.89954	-0.246556
5.90952	-0.247412
5.9195	-0.24827
5.92949	-0.24913
5.93947	-0.24999
5.94945	-0.250853
5.95943	-0.251717
5.96941	-0.252583
5.9794	-0.25345
5.98938	-0.254319
5.99936	-0.255189
6.00934	-0.256061
6.01932	-0.256935
6.02931	-0.25781
6.03929	-0.258687
6.04927	-0.259565
6.05925	-0.260445
6.06923	-0.261327
6.07922	-0.26221
6.0892	-0.263095
6.09918	-0.263981
6.10916	-0.264869
6.11914	-0.265758
6.12913	-0.26665
6.13911	-0.267542
6.14909	-0.268437
6.15907	-0.269333
6.16905	-0.27023
6.17904	-0.271129
6.18902	-0.27203
6.199	-0.272932
6.20898	-0.273836
6.21896	-0.274742
6.22895	-0.275649
6.23893	-0.276557
6.24891	-0.277468
6.25889	-0.27838
6.26887	-0.279293
6.27886	-0.280208
6.28884	-0.281125
6.29882	-0.282044
6.3088	-0.282964
6.31878	-0.283885
6.32877	-0.284808
6.33875	-0.285733
6.34873	-0.286659
6.35871	-0.287587
6.36869	-0.288517
6.37868	-0.289448
6.38866	-0.290381
6.39864	-0.291316
6.40862	-0.292252
6.4186	-0.293189
6.42859	-0.294129
6.43857	-0.29507
6.44855	-0.296012
6.45853	-0.296956
6.46851	-0.297902
6.4785	-0.298849
6.48848	-0.299798
6.49846	-0.300749
6.50844	-0.301701
6.51842	-0.302655
6.52841	-0.303611
6.53839	-0.304568
6.54837	-0.305527
6.55835	-0.306487
6.56833	-0.307449
6.57832	-0.308413
6.5883	-0.309378
6.59828	-0.310345
6.60826	-0.311313
6.61824	-0.312283
6.62823	-0.313255
6.63821	-0.314228
6.64819	-0.315203
6.65817	-0.31618
6.66815	-0.317158
6.67814	-0.318138
6.68812	-0.31912
6.6981	-0.320103
6.70808	-0.321088
6.71806	-0.322074
6.72805	-0.323062
6.73803	-0.324052
6.74801	-0.325043
6.75799	-0.326036
6.76797	-0.327031
6.77796	-0.328027
6.78794	-0.329025
6.79792	-0.330024
6.8079	-0.331025
6.81788	-0.332028
6.82787	-0.333033
6.83785	-0.334039
6.84783	-0.335047
6.85781	-0.336056
6.86779	-0.337067
6.87778	-0.33808
6.88776	-0.339094
6.89774	-0.34011
6.90772	-0.341127
6.9177	-0.342147
6.92769	-0.343168
6.93767	-0.34419
6.94765	-0.345214
6.95763	-0.34624
6.96761	-0.347268
6.9776	-0.348297
6.98758	-0.349327
6.99756	-0.35036
7.00754	-0.351394
7.01752	-0.35243
7.02751	-0.353467
7.03749	-0.354506
7.04747	-0.355547
7.05745	-0.356589
7.06743	-0.357633
7.07742	-0.358679
7.0874	-0.359726
7.09738	-0.360775
7.10736	-0.361826
7.11734	-0.362878
7.12733	-0.363932
7.13731	-0.364988
7.14729	-0.366045
7.15727	-0.367104
7.16725	-0.368165
7.17724	-0.369227
7.18722	-0.370291
7.1972	-0.371357
7.20718	-0.372424
7.21716	-0.373493
7.22715	-0.374564
7.23713	-0.375636
7.24711	-0.37671
7.25709	-0.377785
7.26707	-0.378863
7.27706	-0.379942
7.28704	-0.381022
7.29702	-0.382105
7.307	-0.383189
7.31698	-0.384274
7.32697	-0.385362
7.33695	-0.386451
7.34693	-0.387541
7.35691	-0.388634
7.36689	-0.389728
7.37688	-0.390823
7.38686	-0.391921
7.39684	-0.39302
7.40682	-0.394121
7.4168	-0.395223
7.42679	-0.396327
7.43677	-0.397433
7.44675	-0.398541
7.45673	-0.39965
7.46671	-0.400761
7.4767	-0.401873
7.48668	-0.402987
7.49666	-0.404103
7.50664	-0.405221
7.51662	-0.40634
7.52661	-0.407461
7.53659	-0.408584
7.54657	-0.409708
7.55655	-0.410834
7.56653	-0.411962
7.57652	-0.413091
7.5865	-0.414222
7.59648	-0.415355
7.60646	-0.416489
7.61644	-0.417626
7.62643	-0.418763
7.63641	-0.419903
7.64639	-0.421044
7.65637	-0.422187
7.66635	-0.423332
7.67634	-0.424478
7.68632	-0.425626
7.6963	-0.426776
7.70628	-0.427927
7.71626	-0.429081
7.72625	-0.430235
7.73623	-0.431392
7.74621	-0.43255
7.75619	-0.43371
7.76617	-0.434872
7.77616	-0.436035
7.78614	-0.4372
7.79612	-0.438367
7.8061	-0.439535
7.81608	-0.440706
7.82607	-0.441878
7.83605	-0.443051
7.84603	-0.444226
7.85601	-0.445403
7.86599	-0.446582
7.87598	-0.447763
7.88596	-0.448945
7.89594	-0.450129
7.90592	-0.451314
7.9159	-0.452501
7.92589	-0.45369
7.93587	-0.454881
7.94585	-0.456074
7.95583	-0.457268
7.96581	-0.458464
7.9758	-0.459661
7.98578	-0.46086
7.99576	-0.462061
8.00574	-0.463264
8.01572	-0.464469
8.02571	-0.465675
8.03569	-0.466883
8.04567	-0.468092
8.05565	-0.469304
8.06563	-0.470517
8.07562	-0.471732
8.0856	-0.472948
8.09558	-0.474166
8.10556	-0.475386
8.11554	-0.476608
8.12553	-0.477831
8.13551	-0.479056
8.14549	-0.480283
8.15547	-0.481512
8.16545	-0.482742
8.17544	-0.483974
8.18542	-0.485208
8.1954	-0.486444
8.20538	-0.487681
8.21536	-0.48892
8.22535	-0.490161
8.23533	-0.491403
8.24531	-0.492647
8.25529	-0.493893
8.26527	-0.495141
8.27526	-0.49639
8.28524	-0.497641
8.29522	-0.498894
8.3052	-0.500149
8.31518	-0.501405
8.32517	-0.502663
8.33515	-0.503923
8.34513	-0.505185
8.35511	-0.506448
8.36509	-0.507713
8.37508	-0.50898
8.38506	-0.510248
8.39504	-0.511519
8.40502	-0.512791
8.415	-0.514065
8.42498	-0.51534
8.43497	-0.516617
8.44495	-0.517896
8.45493	-0.519177
8.46491	-0.52046
8.47489	-0.521744
8.48488	-0.52303
8.49486	-0.524318
8.50484	-0.525607
8.51482	-0.526899
8.5248	-0.528192
8.53479	-0.529486
8.54477	-0.530783
8.55475	-0.532081
8.56473	-0.533381
8.57471	-0.534683
8.5847	-0.535987
8.59468	-0.537292
8.60466	-0.538599
8.61464	-0.539908
8.62462	-0.541219
8.63461	-0.542531
8.64459	-0.543845
8.65457	-0.545161
8.66455	-0.546479
8.67453	-0.547798
8.68452	-0.549119
8.6945	-0.550442
8.70448	-0.551767
8.71446	-0.553093
8.72444	-0.554422
8.73443	-0.555752
8.74441	-0.557083
8.75439	-0.558417
8.76437	-0.559752
8.77435	-0.561089
8.78434	-0.562428
8.79432	-0.563769
8.8043	-0.565111
8.81428	-0.566455
8.82426	-0.567801
8.83425	-0.569149
8.84423	-0.570498
8.85421	-0.57185
8.86419	-0.573203
8.87417	-0.574558
8.88416	-0.575914
8.89414	-0.577273
8.90412	-0.578633
8.9141	-0.579995
8.92408	-0.581358
8.93407	-0.582724
8.94405	-0.584091
8.95403	-0.58546
8.96401	-0.586831
8.97399	-0.588204
8.98398	-0.589578
8.99396	-0.590954
9.00394	-0.592332
9.01392	-0.593712
9.0239	-0.595093
9.03389	-0.596477
9.04387	-0.597862
9.05385	-0.599249
9.06383	-0.600637
9.07381	-0.602028
9.0838	-0.60342
9.09378	-0.604814
9.10376	-0.60621
9.11374	-0.607608
9.12372	-0.609007
9.13371	-0.610408
9.14369	-0.611811
9.15367	-0.613216
9.16365	-0.614623
9.17363	-0.616031
9.18362	-0.617441
9.1936	-0.618853
9.20358	-0.620267
9.21356	-0.621682
9.22354	-0.6231
9.23353	-0.624519
9.24351	-0.62594
9.25349	-0.627363
9.26347	-0.628787
9.27345	-0.630214
9.28344	-0.631642
9.29342	-0.633072
9.3034	-0.634503
9.31338	-0.635937
9.32336	-0.637372
9.33335	-0.63881
9.34333	-0.640249
9.35331	-0.641689
9.36329	-0.643132
9.37327	-0.644576
9.38326	-0.646023
9.39324	-0.647471
9.40322	-0.64892
9.4132	-0.650372
9.42318	-0.651826
9.43317	-0.653281
9.44315	-0.654738
9.45313	-0.656197
9.46311	-0.657658
9.47309	-0.65912
9.48308	-0.660584
9.49306	-0.662051
9.50304	-0.663518
9.51302	-0.664988
9.523	-0.66646
9.53299	-0.667933
9.54297	-0.669408
9.55295	-0.670885
9.56293	-0.672364
9.57291	-0.673845
9.5829	-0.675328
9.59288	-0.676812
9.60286	-0.678298
9.61284	-0.679786
9.62282	-0.681276
9.63281	-0.682767
9.64279	-0.684261
9.65277	-0.685756
9.66275	-0.687253
9.67273	-0.688752
9.68272	-0.690253
9.6927	-0.691755
9.70268	-0.69326
9.71266	-0.694766
9.72264	-0.696274
9.73263	-0.697784
9.74261	-0.699295
9.75259	-0.700809
9.76257	-0.702324
9.77255	-0.703842
9.78254	-0.705361
9.79252	-0.706881
9.8025	-0.708404
9.81248	-0.709929
9.82246	-0.711455
9.83245	-0.712983
9.84243	-0.714513
9.85241	-0.716045
9.86239	-0.717579
9.87237	-0.719114
9.88236	-0.720652
9.89234	-0.722191
9.90232	-0.723732
9.9123	-0.725275
9.92228	-0.726819
9.93227	-0.728366
9.94225	-0.729914
9.95223	-0.731465
9.96221	-0.733017
9.97219	-0.734571
9.98218	-0.736126
9.99216	-0.737684
10.0021	-0.739244
10.0121	-0.740805
10.0221	-0.742368
10.0321	-0.743933
10.0421	-0.7455
10.0521	-0.747069
10.062	-0.748639
10.072	-0.750211
10.082	-0.751786
10.092	-0.753362
10.102	-0.75494
10.1119	-0.75652
10.1219	-0.758101
10.1319	-0.759685
10.1419	-0.76127
10.1519	-0.762857
10.1619	-0.764446
10.1718	-0.766037
10.1818	-0.76763
10.1918	-0.769224
10.2018	-0.770821
10.2118	-0.772419
10.2217	-0.774019
10.2317	-0.775621
10.2417	-0.777225
10.2517	-0.778831
10.2617	-0.780439
10.2717	-0.782048
10.2816	-0.78366
10.2916	-0.785273
10.3016	-0.786888
10.3116	-0.788505
10.3216	-0.790123
10.3315	-0.791744
10.3415	-0.793367
10.3515	-0.794991
10.3615	-0.796617
10.3715	-0.798245
10.3815	-0.799875
10.3914	-0.801507
10.4014	-0.803141
10.4114	-0.804776
10.4214	-0.806414
10.4314	-0.808053
10.4413	-0.809694
10.4513	-0.811337
10.4613	-0.812982
10.4713	-0.814629
10.4813	-0.816277
10.4913	-0.817928
10.5012	-0.81958
10.5112	-0.821235
10.5212	-0.822891
10.5312	-0.824549
10.5412	-0.826209
10.5512	-0.82787
10.5611	-0.829534
10.5711	-0.831199
10.5811	-0.832867
10.5911	-0.834536
10.6011	-0.836207
10.611	-0.83788
10.621	-0.839555
10.631	-0.841232
10.641	-0.84291
10.651	-0.844591
10.661	-0.846273
10.6709	-0.847958
10.6809	-0.849644
10.6909	-0.851332
10.7009	-0.853022
10.7109	-0.854713
10.7208	-0.856407
10.7308	-0.858103
10.7408	-0.8598
10.7508	-0.861499
10.7608	-0.863201
10.7708	-0.864904
10.7807	-0.866609
10.7907	-0.868316
10.8007	-0.870024
10.8107	-0.871735
10.8207	-0.873448
10.8306	-0.875162
10.8406	-0.876878
10.8506	-0.878596
10.8606	-0.880317
10.8706	-0.882039
10.8806	-0.883762
10.8905	-0.885488
10.9005	-0.887216
10.9105	-0.888945
10.9205	-0.890677
10.9305	-0.89241
10.9404	-0.894145
10.9504	-0.895882
10.9604	-0.897622
10.9704	-0.899362
10.9804	-0.901105
10.9904	-0.90285
11.0003	-0.904596
11.0103	-0.906345
11.0203	-0.908095
11.0303	-0.909848
11.0403	-0.911602
11.0503	-0.913358
11.0602	-0.915116
11.0702	-0.916876
11.0802	-0.918638
11.0902	-0.920401
11.1002	-0.922167
11.1101	-0.923934
11.1201	-0.925704
11.1301	-0.927475
11.1401	-0.929248
11.1501	-0.931023
11.1601	-0.9328
11.17	-0.934579
11.18	-0.93636
11.19	-0.938143
11.2	-0.939927
11.21	-0.941714
11.2199	-0.943502
11.2299	-0.945293
11.2399	-0.947085
11.2499	-0.948879
11.2599	-0.950675
11.2699	-0.952473
11.2798	-0.954273
11.2898	-0.956075
11.2998	-0.957878
11.3098	-0.959684
11.3198	-0.961491
11.3297	-0.963301
11.3397	-0.965112
11.3497	-0.966925
11.3597	-0.968741
11.3697	-0.970558
11.3797	-0.972377
11.3896	-0.974197
11.3996	-0.97602
11.4096	-0.977845
11.4196	-0.979672
11.4296	-0.9815
11.4395	-0.983331
11.4495	-0.985163
11.4595	-0.986997
11.4695	-0.988834
11.4795	-0.990672
11.4895	-0.992512
11.4994	-0.994354
11.5094	-0.996198
11.5194	-0.998043
11.5294	-0.999891
11.5394	-1.00174
11.5493	-1.00359
11.5593	-1.00545
11.5693	-1.0073
11.5793	-1.00916
11.5893	-1.01102
11.5993	-1.01288
11.6092	-1.01474
11.6192	-1.01661
11.6292	-1.01847
11.6392	-1.02034
11.6492	-1.02221
11.6592	-1.02409
11.6691	-1.02596
11.6791	-1.02784
11.6891	-1.02972
11.6991	-1.0316
11.7091	-1.03348
11.719	-1.03536
11.729	-1.03725
11.739	-1.03914
11.749	-1.04103
11.759	-1.04292
11.769	-1.04481
11.7789	-1.04671
11.7889	-1.04861
11.7989	-1.05051
11.8089	-1.05241
11.8189	-1.05431
11.8288	-1.05622
11.8388	-1.05812
11.8488	-1.06003
11.8588	-1.06195
11.8688	-1.06386
11.8788	-1.06577
11.8887	-1.06769
11.8987	-1.06961
11.9087	-1.07153
11.9187	-1.07345
11.9287	-1.07538
11.9386	-1.07731
11.9486	-1.07923
11.9586	-1.08116
11.9686	-1.0831
11.9786	-1.08503
11.9886	-1.08697
11.9985	-1.08891
12.0085	-1.09085
12.0185	-1.09279
12.0285	-1.09473
12.0385	-1.09668
12.0484	-1.09863
12.0584	-1.10058
12.0684	-1.10253
12.0784	-1.10448
12.0884	-1.10644
12.0984	-1.1084
12.1083	-1.11036
12.1183	-1.11232
12.1283	-1.11428
12.1383	-1.11625
12.1483	-1.11821
12.1583	-1.12018
12.1682	-1.12216
12.1782	-1.12413
12.1882	-1.1261
12.1982	-1.12808
12.2082	-1.13006
12.2181	-1.13204
12.2281	-1.13402
12.2381	-1.13601
12.2481	-1.138
12.2581	-1.13998
12.2681	-1.14198
12.278	-1.14397
12.288	-1.14596
12.298	-1.14796
12.308	-1.14996
12.318	-1.15196
12.3279	-1.15396
12.3379	-1.15597
12.3479	-1.15797
12.3579	-1.15998
12.3679	-1.16199
12.3779	-1.164
12.3878	-1.16602
12.3978	-1.16803
12.4078	-1.17005
12.4178	-1.17207
12.4278	-1.17409
12.4377	-1.17612
12.4477	-1.17814
12.4577	-1.18017
12.4677	-1.1822
12.4777	-1.18423
12.4877	-1.18627
12.4976	-1.1883
12.5076	-1.19034
12.5176	-1.19238
12.5276	-1.19442
12.5376	-1.19646
12.5475	-1.19851
12.5575	-1.20056
12.5675	-1.2026
12.5775	-1.20466
12.5875	-1.20671
12.5975	-1.20876
12.6074	-1.21082
12.6174	-1.21288
12.6274	-1.21494
12.6374	-1.217
12.6474	-1.21907
12.6574	-1.22114
12.6673	-1.22321
12.6773	-1.22528
12.6873	-1.22735
12.6973	-1.22942
12.7073	-1.2315
12.7172	-1.23358
12.7272	-1.23566
12.7372	-1.23774
12.7472	-1.23983
12.7572	-1.24191
12.7672	-1.244
12.7771	-1.24609
12.7871	-1.24818
12.7971	-1.25028
12.8071	-1.25237
12.8171	-1.25447
12.827	-1.25657
12.837	-1.25867
12.847	-1.26078
12.857	-1.26288
12.867	-1.26499
12.877	-1.2671
12.8869	-1.26921
12.8969	-1.27133
12.9069	-1.27344
12.9169	-1.27556
12.9269	-1.27768
12.9368	-1.2798
12.9468	-1.28193
12.9568	-1.28405
12.9668	-1.28618
12.9768	-1.28831
12.9868	-1.29044
12.9967	-1.29257
13.0067	-1.29471
13.0167	-1.29685
13.0267	-1.29899
13.0367	-1.30113
13.0466	-1.30327
13.0566	-1.30542
13.0666	-1.30756
13.0766	-1.30971
13.0866	-1.31186
13.0966	-1.31402
13.1065	-1.31617
13.1165	-1.31833
13.1265	-1.32049
13.1365	-1.32265
13.1465	-1.32481
13.1565	-1.32698
13.1664	-1.32914
13.1764	-1.33131
13.1864	-1.33348
13.1964	-1.33566
13.2064	-1.33783
13.2163	-1.34001
13.2263	-1.34219
13.2363	-1.34437
13.2463	-1.34655
13.2563	-1.34873
13.2663	-1.35092
13.2762	-1.35311
13.2862	-1.3553
13.2962	-1.35749
13.3062	-1.35969
13.3162	-1.36188
13.3261	-1.36408
13.3361	-1.36628
13.3461	-1.36848
13.3561	-1.37069
13.3661	-1.37289
13.3761	-1.3751
13.386	-1.37731
13.396	-1.37953
13.406	-1.38174
13.416	-1.38396
13.426	-1.38617
13.4359	-1.38839
13.4459	-1.39062
13.4559	-1.39284
13.4659	-1.39507
13.4759	-1.39729
13.4859	-1.39952
13.4958	-1.40175
13.5058	-1.40399
13.5158	-1.40622
13.5258	-1.40846
13.5358	-1.4107
13.5457	-1.41294
13.5557	-1.41519
13.5657	-1.41743
13.5757	-1.41968
13.5857	-1.42193
13.5957	-1.42418
13.6056	-1.42643
13.6156	-1.42869
13.6256	-1.43095
13.6356	-1.43321
13.6456	-1.43547
13.6556	-1.43773
13.6655	-1.44
13.6755	-1.44226
13.6855	-1.44453
13.6955	-1.4468
13.7055	-1.44908
13.7154	-1.45135
13.7254	-1.45363
13.7354	-1.45591
13.7454	-1.45819
13.7554	-1.46047
13.7654	-1.46276
13.7753	-1.46505
13.7853	-1.46733
13.7953	-1.46963
13.8053	-1.47192
13.8153	-1.47421
13.8252	-1.47651
13.8352	-1.47881
13.8452	-1.48111
13.8552	-1.48341
13.8652	-1.48572
13.8752	-1.48802
13.8851	-1.49033
13.8951	-1.49264
13.9051	-1.49496
13.9151	-1.49727
13.9251	-1.49959
13.935	-1.50191
13.945	-1.50423
13.955	-1.50655
13.965	-1.50887
13.975	-1.5112
13.985	-1.51353
13.9949	-1.51586
14.0049	-1.51819
14.0149	-1.52053
14.0249	-1.52286
14.0349	-1.5252
14.0448	-1.52754
14.0548	-1.52988
14.0648	-1.53223
14.0748	-1.53457
14.0848	-1.53692
14.0948	-1.53927
14.1047	-1.54162
14.1147	-1.54398
14.1247	-1.54633
14.1347	-1.54869
14.1447	-1.55105
14.1547	-1.55341
14.1646	-1.55578
14.1746	-1.55814
14.1846	-1.56051
14.1946	-1.56288
14.2046	-1.56525
14.2145	-1.56763
14.2245	-1.57
14.2345	-1.57238
14.2445	-1.57476
14.2545	-1.57714
14.2645	-1.57952
14.2744	-1.58191
14.2844	-1.5843
14.2944	-1.58669
14.3044	-1.58908
14.3144	-1.59147
14.3243	-1.59387
14.3343	-1.59627
14.3443	-1.59866
14.3543	-1.60107
14.3643	-1.60347
14.3743	-1.60587
14.3842	-1.60828
14.3942	-1.61069
14.4042	-1.6131
14.4142	-1.61552
14.4242	-1.61793
14.4341	-1.62035
14.4441	-1.62277
14.4541	-1.62519
14.4641	-1.62761
14.4741	-1.63004
14.4841	-1.63246
14.494	-1.63489
14.504	-1.63732
14.514	-1.63976
14.524	-1.64219
14.534	-1.64463
14.5439	-1.64707
14.5539	-1.64951
14.5639	-1.65195
14.5739	-1.65439
14.5839	-1.65684
14.5939	-1.65929
14.6038	-1.66174
14.6138	-1.66419
14.6238	-1.66665
14.6338	-1.6691
14.6438	-1.67156
14.6538	-1.67402
14.6637	-1.67649
14.6737	-1.67895
14.6837	-1.68142
14.6937	-1.68388
14.7037	-1.68635
14.7136	-1.68883
14.7236	-1.6913
14.7336	-1.69378
14.7436	-1.69626
14.7536	-1.69874
14.7636	-1.70122
14.7735	-1.7037
14.7835	-1.70619
14.7935	-1.70868
14.8035	-1.71117
14.8135	-1.71366
14.8234	-1.71615
14.8334	-1.71865
14.8434	-1.72115
14.8534	-1.72365
14.8634	-1.72615
14.8734	-1.72865
14.8833	-1.73116
14.8933	-1.73366
14.9033	-1.73617
14.9133	-1.73869
14.9233	-1.7412
14.9332	-1.74371
14.9432	-1.74623
14.9532	-1.74875
14.9632	-1.75127
14.9732	-1.7538
14.9832	-1.75632
14.9931	-1.75885
15.0031	-1.76138
15.0131	-1.76391
15.0231	-1.76644
15.0331	-1.76898
15.043	-1.77152
15.053	-1.77405
15.063	-1.7766
15.073	-1.77914
15.083	-1.78168
15.093	-1.78423
15.1029	-1.78678
15.1129	-1.78933
15.1229	-1.79188
15.1329	-1.79444
15.1429	-1.79699
15.1529	-1.79955
15.1628	-1.80211
15.1728	-1.80468
15.1828	-1.80724
15.1928	-1.80981
15.2028	-1.81238
15.2127	-1.81495
15.2227	-1.81752
15.2327	-1.82009
15.2427	-1.82267
15.2527	-1.82525
15.2627	-1.82783
15.2726	-1.83041
15.2826	-1.83299
15.2926	-1.83558
15.3026	-1.83817
15.3126	-1.84076
15.3225	-1.84335
15.3325	-1.84594
15.3425	-1.84854
15.3525	-1.85114
15.3625	-1.85374
15.3725	-1.85634
15.3824	-1.85894
15.3924	-1.86155
15.4024	-1.86416
15.4124	-1.86677
15.4224	-1.86938
15.4323	-1.87199
15.4423	-1.87461
15.4523	-1.87722
15.4623	-1.87984
15.4723	-1.88246
15.4823	-1.88509
15.4922	-1.88771
15.5022	-1.89034
15.5122	-1.89297
15.5222	-1.8956
15.5322	-1.89823
15.5421	-1.90087
15.5521	-1.90351
15.5621	-1.90614
15.5721	-1.90878
15.5821	-1.91143
15.5921	-1.91407
15.602	-1.91672
15.612	-1.91937
15.622	-1.92202
15.632	-1.92467
15.642	-1.92733
15.652	-1.92998
15.6619	-1.93264
15.6719	-1.9353
15.6819	-1.93796
15.6919	-1.94063
15.7019	-1.94329
15.7118	-1.94596
15.7218	-1.94863
15.7318	-1.9513
15.7418	-1.95398
15.7518	-1.95665
15.7618	-1.95933
15.7717	-1.96201
15.7817	-1.96469
15.7917	-1.96737
15.8017	-1.97006
15.8117	-1.97275
15.8216	-1.97544
15.8316	-1.97813
15.8416	-1.98082
15.8516	-1.98352
15.8616	-1.98621
15.8716	-1.98891
15.8815	-1.99161
15.8915	-1.99432
15.9015	-1.99702
15.9115	-1.99973
15.9215	-2.00244
15.9314	-2.00515
15.9414	-2.00786
15.9514	-2.01058
15.9614	-2.01329
15.9714	-2.01601
15.9814	-2.01873
15.9913	-2.02145
16.0013	-2.02418
16.0113	-2.0269
16.0213	-2.02963
16.0313	-2.03236
16.0412	-2.0351
16.0512	-2.03783
16.0612	-2.04057
16.0712	-2.0433
16.0812	-2.04604
16.0912	-2.04878
16.1011	-2.05153
16.1111	-2.05427
16.1211	-2.05702
16.1311	-2.05977
16.1411	-2.06252
16.1511	-2.06528
16.161	-2.06803
16.171	-2.07079
16.181	-2.07355
16.191	-2.07631
16.201	-2.07907
16.2109	-2.08184
16.2209	-2.0846
16.2309	-2.08737
16.2409	-2.09014
16.2509	-2.09291
16.2609	-2.09569
16.2708	-2.09846
16.2808	-2.10124
16.2908	-2.10402
16.3008	-2.10681
16.3108	-2.10959
16.3207	-2.11238
16.3307	-2.11516
16.3407	-2.11795
16.3507	-2.12074
16.3607	-2.12354
16.3707	-2.12633
16.3806	-2.12913
16.3906	-2.13193
16.4006	-2.13473
16.4106	-2.13754
16.4206	-2.14034
16.4305	-2.14315
16.4405	-2.14596
16.4505	-2.14877
16.4605	-2.15158
16.4705	-2.1544
16.4805	-2.15721
16.4904	-2.16003
16.5004	-2.16285
16.5104	-2.16567
16.5204	-2.1685
16.5304	-2.17132
16.5403	-2.17415
16.5503	-2.17698
16.5603	-2.17981
16.5703	-2.18265
16.5803	-2.18548
16.5903	-2.18832
16.6002	-2.19116
16.6102	-2.194
16.6202	-2.19685
16.6302	-2.19969
16.6402	-2.20254
16.6502	-2.20539
16.6601	-2.20824
16.6701	-2.21109
16.6801	-2.21395
16.6901	-2.2168
16.7001	-2.21966
16.71	-2.22252
16.72	-2.22539
16.73	-2.22825
16.74	-2.23112
16.75	-2.23398
16.76	-2.23685
16.7699	-2.23973
16.7799	-2.2426
16.7899	-2.24548
16.7999	-2.24835
16.8099	-2.25123
16.8198	-2.25412
16.8298	-2.257
16.8398	-2.25988
16.8498	-2.26277
16.8598	-2.26566
16.8698	-2.26855
16.8797	-2.27144
16.8897	-2.27434
16.8997	-2.27724
16.9097	-2.28013
16.9197	-2.28303
16.9296	-2.28594
16.9396	-2.28884
16.9496	-2.29175
16.9596	-2.29465
16.9696	-2.29756
16.9796	-2.30048
16.9895	-2.30339
16.9995	-2.30631
17.0095	-2.30922
17.0195	-2.31214
17.0295	-2.31506
17.0394	-2.31799
17.0494	-2.32091
17.0594	-2.32384
17.0694	-2.32677
17.0794	-2.3297
17.0894	-2.33263
17.0993	-2.33556
17.1093	-2.3385
17.1193	-2.34144
17.1293	-2.34438
17.1393	-2.34732
17.1492	-2.35026
17.1592	-2.35321
17.1692	-2.35616
17.1792	-2.35911
17.1892	-2.36206
17.1992	-2.36501
17.2091	-2.36797
17.2191	-2.37092
17.2291	-2.37388
17.2391	-2.37684
17.2491	-2.3798
17.2591	-2.38277
17.269	-2.38574
17.279	-2.3887
17.289	-2.39167
17.299	-2.39465
17.309	-2.39762
17.3189	-2.40059
17.3289	-2.40357
17.3389	-2.40655
17.3489	-2.40953
17.3589	-2.41252
17.3689	-2.4155
17.3788	-2.41849
17.3888	-2.42148
17.3988	-2.42447
17.4088	-2.42746
17.4188	-2.43045
17.4287	-2.43345
17.4387	-2.43645
17.4487	-2.43945
17.4587	-2.44245
17.4687	-2.44545
17.4787	-2.44846
17.4886	-2.45147
17.4986	-2.45447
17.5086	-2.45749
17.5186	-2.4605
17.5286	-2.46351
17.5385	-2.46653
17.5485	-2.46955
17.5585	-2.47257
17.5685	-2.47559
17.5785	-2.47861
17.5885	-2.48164
17.5984	-2.48467
17.6084	-2.4877
17.6184	-2.49073
17.6284	-2.49376
17.6384	-2.4968
17.6483	-2.49983
17.6583	-2.50287
17.6683	-2.50591
17.6783	-2.50895
17.6883	-2.512
17.6983	-2.51505
17.7082	-2.51809
17.7182	-2.52114
17.7282	-2.52419
17.7382	-2.52725
17.7482	-2.5303
17.7582	-2.53336
17.7681	-2.53642
17.7781	-2.53948
17.7881	-2.54254
17.7981	-2.54561
17.8081	-2.54867
17.818	-2.55174
17.828	-2.55481
17.838	-2.55788
17.848	-2.56096
17.858	-2.56403
17.868	-2.56711
17.8779	-2.57019
17.8879	-2.57327
17.8979	-2.57635
17.9079	-2.57944
17.9179	-2.58252
17.9278	-2.58561
17.9378	-2.5887
17.9478	-2.59179
17.9578	-2.59489
17.9678	-2.59798
17.9778	-2.60108
17.9877	-2.60418
17.9977	-2.60728
18.0077	-2.61038
18.0177	-2.61349
18.0277	-2.6166
18.0376	-2.6197
18.0476	-2.62281
18.0576	-2.62593
18.0676	-2.62904
18.0776	-2.63216
18.0876	-2.63527
18.0975	-2.63839
18.1075	-2.64151
18.1175	-2.64464
18.1275	-2.64776
18.1375	-2.65089
18.1474	-2.65401
18.1574	-2.65714
18.1674	-2.66028
18.1774	-2.66341
18.1874	-2.66655
18.1974	-2.66968
18.2073	-2.67282
18.2173	-2.67596
18.2273	-2.67911
18.2373	-2.68225
18.2473	-2.6854
18.2573	-2.68855
18.2672	-2.69169
18.2772	-2.69485
18.2872	-2.698
18.2972	-2.70116
18.3072	-2.70431
18.3171	-2.70747
18.3271	-2.71063
18.3371	-2.71379
18.3471	-2.71696
18.3571	-2.72013
18.3671	-2.72329
18.377	-2.72646
18.387	-2.72963
18.397	-2.73281
18.407	-2.73598
18.417	-2.73916
18.4269	-2.74234
18.4369	-2.74552
18.4469	-2.7487
18.4569	-2.75188
18.4669	-2.75507
18.4769	-2.75826
18.4868	-2.76145
18.4968	-2.76464
18.5068	-2.76783
18.5168	-2.77103
18.5268	-2.77422
18.5367	-2.77742
18.5467	-2.78062
18.5567	-2.78382
18.5667	-2.78703
18.5767	-2.79023
18.5867	-2.79344
18.5966	-2.79665
18.6066	-2.79986
18.6166	-2.80307
18.6266	-2.80628
18.6366	-2.8095
18.6465	-2.81272
18.6565	-2.81594
18.6665	-2.81916
18.6765	-2.82238
18.6865	-2.82561
18.6965	-2.82883
18.7064	-2.83206
18.7164	-2.83529
18.7264	-2.83852
18.7364	-2.84176
18.7464	-2.84499
18.7564	-2.84823
18.7663	-2.85147
18.7763	-2.85471
18.7863	-2.85795
18.7963	-2.8612
18.8063	-2.86444
18.8162	-2.86769
18.8262	-2.87094
18.8362	-2.87419
18.8462	-2.87744
18.8562	-2.8807
18.8662	-2.88395
18.8761	-2.88721
18.8861	-2.89047
18.8961	-2.89373
18.9061	-2.897
18.9161	-2.90026
18.926	-2.90353
18.936	-2.9068
18.946	-2.91007
18.956	-2.91334
18.966	-2.91661
18.976	-2.91989
18.9859	-2.92317
18.9959	-2.92645
19.0059	-2.92973
19.0159	-2.93301
19.0259	-2.93629
19.0358	-2.93958
19.0458	-2.94287
19.0558	-2.94616
19.0658	-2.94945
19.0758	-2.95274
19.0858	-2.95604
19.0957	-2.95933
19.1057	-2.96263
19.1157	-2.96593
19.1257	-2.96923
19.1357	-2.97254
19.1456	-2.97584
19.1556	-2.97915
19.1656	-2.98246
19.1756	-2.98577
19.1856	-2.98908
19.1956	-2.99239
19.2055	-2.99571
19.2155	-2.99903
19.2255	-3.00234
19.2355	-3.00566
19.2455	-3.00899
19.2555	-3.01231
19.2654	-3.01564
19.2754	-3.01896
19.2854	-3.02229
19.2954	-3.02562
19.3054	-3.02896
19.3153	-3.03229
19.3253	-3.03563
19.3353	-3.03896
19.3453	-3.0423
19.3553	-3.04564
19.3653	-3.04899
19.3752	-3.05233
19.3852	-3.05568
19.3952	-3.05903
19.4052	-3.06238
19.4152	-3.06573
19.4251	-3.06908
19.4351	-3.07243
19.4451	-3.07579
19.4551	-3.07915
19.4651	-3.08251
19.4751	-3.08587
19.485	-3.08923
19.495	-3.0926
19.505	-3.09596
19.515	-3.09933
19.525	-3.1027
19.5349	-3.10607
19.5449	-3.10945
19.5549	-3.11282
19.5649	-3.1162
19.5749	-3.11958
19.5849	-3.12296
19.5948	-3.12634
19.6048	-3.12972
19.6148	-3.13311
19.6248	-3.13649
19.6348	-3.13988
19.6447	-3.14327
19.6547	-3.14667
19.6647	-3.15006
19.6747	-3.15345
19.6847	-3.15685
19.6947	-3.16025
19.7046	-3.16365
19.7146	-3.16705
19.7246	-3.17045
19.7346	-3.17386
19.7446	-3.17727
19.7546	-3.18067
19.7645	-3.18408
19.7745	-3.1875
19.7845	-3.19091
19.7945	-3.19433
19.8045	-3.19774
19.8144	-3.20116
19.8244	-3.20458
19.8344	-3.208
19.8444	-3.21143
19.8544	-3.21485
19.8644	-3.21828
19.8743	-3.22171
19.8843	-3.22514
19.8943	-3.22857
19.9043	-3.232
19.9143	-3.23544
19.9242	-3.23887
19.9342	-3.24231
19.9442	-3.24575
19.9542	-3.24919
19.9642	-3.25264
19.9742	-3.25608
19.9841	-3.25953
19.9941	-3.26298
20.0041	-3.26643
20.0141	-3.26988
20.0241	-3.27333
20.034	-3.27678
20.044	-3.28024
20.054	-3.2837
20.064	-3.28716
20.074	-3.29062
20.084	-3.29408
20.0939	-3.29755
20.1039	-3.30101
20.1139	-3.30448
20.1239	-3.30795
20.1339	-3.31142
20.1438	-3.31489
20.1538	-3.31837
20.1638	-3.32184
20.1738	-3.32532
20.1838	-3.3288
20.1938	-3.33228
20.2037	-3.33576
20.2137	-3.33925
20.2237	-3.34273
20.2337	-3.34622
20.2437	-3.34971
20.2537	-3.3532
20.2636	-3.35669
20.2736	-3.36019
20.2836	-3.36368
20.2936	-3.36718
20.3036	-3.37068
20.3135	-3.37418
20.3235	-3.37768
20.3335	-3.38118
20.3435	-3.38469
20.3535	-3.38819
20.3635	-3.3917
20.3734	-3.39521
20.3834	-3.39872
20.3934	-3.40224
20.4034	-3.40575
20.4134	-3.40927
20.4233	-3.41278
20.4333	-3.4163
20.4433	-3.41982
20.4533	-3.42335
20.4633	-3.42687
20.4733	-3.4304
20.4832	-3.43392
20.4932	-3.43745
20.5032	-3.44098
20.5132	-3.44452
20.5232	-3.44805
20.5331	-3.45158
20.5431	-3.45512
20.5531	-3.45866
20.5631	-3.4622
20.5731	-3.46574
20.5831	-3.46928
20.593	-3.47283
20.603	-3.47637
20.613	-3.47992
20.623	-3.48347
20.633	-3.48702
20.6429	-3.49058
20.6529	-3.49413
20.6629	-3.49769
20.6729	-3.50124
20.6829	-3.5048
20.6929	-3.50836
20.7028	-3.51192
20.7128	-3.51549
20.7228	-3.51905
20.7328	-3.52262
20.7428	-3.52619
20.7528	-3.52976
20.7627	-3.53333
20.7727	-3.5369
20.7827	-3.54048
20.7927	-3.54405
20.8027	-3.54763
20.8126	-3.55121
20.8226	-3.55479
20.8326	-3.55837
20.8426	-3.56196
20.8526	-3.56554
20.8626	-3.56913
20.8725	-3.57272
20.8825	-3.57631
20.8925	-3.5799
20.9025	-3.58349
20.9125	-3.58709
20.9224	-3.59068
20.9324	-3.59428
20.9424	-3.59788
20.9524	-3.60148
20.9624	-3.60508
20.9724	-3.60868
20.9823	-3.61229
20.9923	-3.6159
21.0023	-3.61951
21.0123	-3.62312
21.0223	-3.62673
21.0322	-3.63034
21.0422	-3.63395
21.0522	-3.63757
21.0622	-3.64119
21.0722	-3.64481
21.0822	-3.64843
21.0921	-3.65205
21.1021	-3.65567
21.1121	-3.6593
21.1221	-3.66293
21.1321	-3.66655
21.142	-3.67018
21.152	-3.67381
21.162	-3.67745
21.172	-3.68108
21.182	-3.68472
21.192	-3.68835
21.2019	-3.69199
21.2119	-3.69563
21.2219	-3.69928
21.2319	-3.70292
21.2419	-3.70656
21.2519	-3.71021
21.2618	-3.71386
21.2718	-3.71751
21.2818	-3.72116
21.2918	-3.72481
21.3018	-3.72846
21.3117	-3.73212
21.3217	-3.73578
21.3317	-3.73943
21.3417	-3.74309
21.3517	-3.74676
21.3617	-3.75042
21.3716	-3.75408
21.3816	-3.75775
21.3916	-3.76142
21.4016	-3.76508
21.4116	-3.76875
21.4215	-3.77243
21.4315	-3.7761
21.4415	-3.77977
21.4515	-3.78345
21.4615	-3.78713
21.4715	-3.79081
21.4814	-3.79449
21.4914	-3.79817
21.5014	-3.80185
21.5114	-3.80554
21.5214	-3.80922
21.5313	-3.81291
21.5413	-3.8166
21.5513	-3.82029
21.5613	-3.82398
21.5713	-3.82768
21.5813	-3.83137
21.5912	-3.83507
21.6012	-3.83877
21.6112	-3.84247
21.6212	-3.84617
21.6312	-3.84987
21.6411	-3.85358
21.6511	-3.85728
21.6611	-3.86099
21.6711	-3.8647
21.6811	-3.86841
21.6911	-3.87212
21.701	-3.87583
21.711	-3.87954
21.721	-3.88326
21.731	-3.88698
21.741	-3.8907
21.751	-3.89442
21.7609	-3.89814
21.7709	-3.90186
21.7809	-3.90558
21.7909	-3.90931
21.8009	-3.91304
21.8108	-3.91677
21.8208	-3.9205
21.8308	-3.92423
21.8408	-3.92796
21.8508	-3.93169
21.8608	-3.93543
21.8707	-3.93917
21.8807	-3.94291
21.8907	-3.94665
21.9007	-3.95039
21.9107	-3.95413
21.9206	-3.95787
21.9306	-3.96162
21.9406	-3.96537
21.9506	-3.96912
21.9606	-3.97287
21.9706	-3.97662
21.9805	-3.98037
21.9905	-3.98412
22.0005	-3.98788
22.0105	-3.99164
22.0205	-3.9954
22.0304	-3.99916
22.0404	-4.00292
22.0504	-4.00668
22.0604	-4.01044
22.0704	-4.01421
22.0804	-4.01798
22.0903	-4.02174
22.1003	-4.02551
22.1103	-4.02929
22.1203	-4.03306
22.1303	-4.03683
22.1402	-4.04061
22.1502	-4.04438
22.1602	-4.04816
22.1702	-4.05194
22.1802	-4.05572
22.1902	-4.0595
22.2001	-4.06329
22.2101	-4.06707
22.2201	-4.07086
22.2301	-4.07465
22.2401	-4.07844
22.2501	-4.08223
22.26	-4.08602
22.27	-4.08981
22.28	-4.09361
22.29	-4.0974
22.3	-4.1012
22.3099	-4.105
22.3199	-4.1088
22.3299	-4.1126
22.3399	-4.1164
22.3499	-4.12021
22.3599	-4.12401
22.3698	-4.12782
22.3798	-4.13163
22.3898	-4.13544
22.3998	-4.13925
22.4098	-4.14306
22.4197	-4.14688
22.4297	-4.15069
22.4397	-4.15451
22.4497	-4.15833
22.4597	-4.16215
22.4697	-4.16597
22.4796	-4.16979
22.4896	-4.17361
22.4996	-4.17744
22.5096	-4.18126
22.5196	-4.18509
22.5295	-4.18892
22.5395	-4.19275
22.5495	-4.19658
22.5595	-4.20041
22.5695	-4.20425
22.5795	-4.20808
22.5894	-4.21192
22.5994	-4.21576
22.6094	-4.2196
22.6194	-4.22344
22.6294	-4.22728
22.6393	-4.23113
22.6493	-4.23497
22.6593	-4.23882
22.6693	-4.24266
22.6793	-4.24651
22.6893	-4.25036
22.6992	-4.25422
22.7092	-4.25807
22.7192	-4.26192
22.7292	-4.26578
22.7392	-4.26963
22.7491	-4.27349
22.7591	-4.27735
22.7691	-4.28121
22.7791	-4.28508
22.7891	-4.28894
22.7991	-4.2928
22.809	-4.29667
22.819	-4.30054
22.829	-4.30441
22.839	-4.30828
22.849	-4.31215
22.859	-4.31602
22.8689	-4.31989
22.8789	-4.32377
22.8889	-4.32764
22.8989	-4.33152
22.9089	-4.3354
22.9188	-4.33928
22.9288	-4.34316
22.9388	-4.34705
22.9488	-4.35093
22.9588	-4.35482
22.9688	-4.3587
22.9787	-4.36259
22.9887	-4.36648
22.9987	-4.37037
23.0087	-4.37426
23.0187	-4.37816
23.0286	-4.38205
23.0386	-4.38595
23.0486	-4.38985
23.0586	-4.39374
23.0686	-4.39764
23.0786	-4.40155
23.0885	-4.40545
23.0985	-4.40935
23.1085	-4.41326
23.1185	-4.41716
23.1285	-4.42107
23.1384	-4.42498
23.1484	-4.42889
23.1584	-4.4328
23.1684	-4.43671
23.1784	-4.44063
23.1884	-4.44454
23.1983	-4.44846
23.2083	-4.45237
23.2183	-4.45629
23.2283	-4.46021
23.2383	-4.46413
23.2482	-4.46806
23.2582	-4.47198
23.2682	-4.47591
23.2782	-4.47983
23.2882	-4.48376
23.2982	-4.48769
23.3081	-4.49162
23.3181	-4.49555
23.3281	-4.49948
23.3381	-4.50342
23.3481	-4.50735
23.3581	-4.51129
23.368	-4.51523
23.378	-4.51917
23.388	-4.52311
23.398	-4.52705
23.408	-4.53099
23.4179	-4.53493
23.4279	-4.53888
23.4379	-4.54282
23.4479	-4.54677
23.4579	-4.55072
23.4679	-4.55467
23.4778	-4.55862
23.4878	-4.56257
23.4978	-4.56653
23.5078	-4.57048
23.5178	-4.57444
23.5277	-4.5784
23.5377	-4.58236
23.5477	-4.58632
23.5577	-4.59028
23.5677	-4.59424
23.5777	-4.5982
23.5876	-4.60217
23.5976	-4.60613
23.6076	-4.6101
23.6176	-4.61407
23.6276	-4.61804
23.6375	-4.62201
23.6475	-4.62598
23.6575	-4.62995
23.6675	-4.63393
23.6775	-4.6379
23.6875	-4.64188
23.6974	-4.64586
23.7074	-4.64984
23.7174	-4.65382
23.7274	-4.6578
23.7374	-4.66178
23.7473	-4.66577
23.7573	-4.66975
23.7673	-4.67374
23.7773	-4.67772
23.7873	-4.68171
23.7973	-4.6857
23.8072	-4.68969
23.8172	-4.69369
23.8272	-4.69768
23.8372	-4.70167
23.8472	-4.70567
23.8572	-4.70967
23.8671	-4.71367
23.8771	-4.71766
23.8871	-4.72166
23.8971	-4.72567
23.9071	-4.72967
23.917	-4.73367
23.927	-4.73768
23.937	-4.74169
23.947	-4.74569
23.957	-4.7497
23.967	-4.75371
23.9769	-4.75772
23.9869	-4.76173
23.9969	-4.76575
24.0069	-4.76976
24.0169	-4.77378
24.0268	-4.7778
24.0368	-4.78181
24.0468	-4.78583
24.0568	-4.78985
24.0668	-4.79387
24.0768	-4.7979
24.0867	-4.80192
24.0967	-4.80595
24.1067	-4.80997
24.1167	-4.814
24.1267	-4.81803
24.1366	-4.82206
24.1466	-4.82609
24.1566	-4.83012
24.1666	-4.83415
24.1766	-4.83819
24.1866	-4.84222
24.1965	-4.84626
24.2065	-4.8503
24.2165	-4.85433
24.2265	-4.85837
24.2365	-4.86241
24.2464	-4.86646
24.2564	-4.8705
24.2664	-4.87454
24.2764	-4.87859
24.2864	-4.88264
24.2964	-4.88668
24.3063	-4.89073
24.3163	-4.89478
24.3263	-4.89883
24.3363	-4.90289
24.3463	-4.90694
24.3563	-4.91099
24.3662	-4.91505
24.3762	-4.91911
24.3862	-4.92316
24.3962	-4.92722
24.4062	-4.93128
24.4161	-4.93534
24.4261	-4.93941
24.4361	-4.94347
24.4461	-4.94753
24.4561	-4.9516
24.4661	-4.95567
24.476	-4.95973
24.486	-4.9638
24.496	-4.96787
24.506	-4.97194
24.516	-4.97602
24.5259	-4.98009
24.5359	-4.98416
24.5459	-4.98824
24.5559	-4.99231
24.5659	-4.99639
24.5759	-5.00047
24.5858	-5.00455
24.5958	-5.00863
24.6058	-5.01271
24.6158	-5.0168
24.6258	-5.02088
24.6357	-5.02497
24.6457	-5.02905
24.6557	-5.03314
24.6657	-5.03723
24.6757	-5.04132
24.6857	-5.04541
24.6956	-5.0495
24.7056	-5.05359
24.7156	-5.05769
24.7256	-5.06178
24.7356	-5.06588
24.7455	-5.06997
24.7555	-5.07407
24.7655	-5.07817
24.7755	-5.08227
24.7855	-5.08637
24.7955	-5.09048
24.8054	-5.09458
24.8154	-5.09868
24.8254	-5.10279
24.8354	-5.10689
24.8454	-5.111
24.8554	-5.11511
24.8653	-5.11922
24.8753	-5.12333
24.8853	-5.12744
24.8953	-5.13156
24.9053	-5.13567
24.9152	-5.13979
24.9252	-5.1439
24.9352	-5.14802
24.9452	-5.15214
24.9552	-5.15626
24.9652	-5.16038
24.9751	-5.1645
24.9851	-5.16862
24.9951	-5.17274
25.0051	-5.17687
25.0151	-5.18099
25.025	-5.18512
25.035	-5.18925
25.045	-5.19337
25.055	-5.1975
25.065	-5.20163
25.075	-5.20577
25.0849	-5.2099
25.0949	-5.21403
25.1049	-5.21817
25.1149	-5.2223
25.1249	-5.22644
25.1348	-5.23058
25.1448	-5.23472
25.1548	-5.23886
25.1648	-5.243
25.1748	-5.24714
25.1848	-5.25128
25.1947	-5.25542
25.2047	-5.25957
25.2147	-5.26371
25.2247	-5.26786
25.2347	-5.27201
25.2446	-5.27616
25.2546	-5.28031
25.2646	-5.28446
25.2746	-5.28861
25.2846	-5.29276
25.2946	-5.29692
25.3045	-5.30107
25.3145	-5.30523
25.3245	-5.30938
25.3345	-5.31354
25.3445	-5.3177
25.3545	-5.32186
25.3644	-5.32602
25.3744	-5.33018
25.3844	-5.33435
25.3944	-5.33851
25.4044	-5.34267
25.4143	-5.34684
25.4243	-5.35101
25.4343	-5.35517
25.4443	-5.35934
25.4543	-5.36351
25.4643	-5.36768
25.4742	-5.37185
25.4842	-5.37603
25.4942	-5.3802
25.5042	-5.38437
25.5142	-5.38855
25.5241	-5.39273
25.5341	-5.3969
25.5441	-5.40108
25.5541	-5.40526
25.5641	-5.40944
25.5741	-5.41362
25.584	-5.41781
25.594	-5.42199
25.604	-5.42617
25.614	-5.43036
25.624	-5.43454
25.6339	-5.43873
25.6439	-5.44292
25.6539	-5.44711
25.6639	-5.4513
25.6739	-5.45549
25.6839	-5.45968
25.6938	-5.46387
25.7038	-5.46807
25.7138	-5.47226
25.7238	-5.47646
25.7338	-5.48065
25.7437	-5.48485
25.7537	-5.48905
25.7637	-5.49325
25.7737	-5.49745
25.7837	-5.50165
25.7937	-5.50585
25.8036	-5.51005
25.8136	-5.51426
25.8236	-5.51846
25.8336	-5.52267
25.8436	-5.52688
25.8536	-5.53108
25.8635	-5.53529
25.8735	-5.5395
25.8835	-5.54371
25.8935	-5.54792
25.9035	-5.55214
25.9134	-5.55635
25.9234	-5.56056
25.9334	-5.56478
25.9434	-5.56899
25.9534	-5.57321
25.9634	-5.57743
25.9733	-5.58165
25.9833	-5.58587
25.9933	-5.59009
26.0033	-5.59431
26.0133	-5.59853
26.0232	-5.60276
26.0332	-5.60698
26.0432	-5.61121
26.0532	-5.61543
26.0632	-5.61966
26.0732	-5.62389
26.0831	-5.62811
26.0931	-5.63234
26.1031	-5.63657
26.1131	-5.64081
26.1231	-5.64504
26.133	-5.64927
26.143	-5.65351
26.153	-5.65774
26.163	-5.66198
26.173	-5.66621
26.183	-5.67045
26.1929	-5.67469
26.2029	-5.67893
26.2129	-5.68317
26.2229	-5.68741
26.2329	-5.69165
26.2428	-5.6959
26.2528	-5.70014
26.2628	-5.70438
26.2728	-5.70863
26.2828	-5.71288
26.2928	-5.71712
26.3027	-5.72137
26.3127	-5.72562
26.3227	-5.72987
26.3327	-5.73412
26.3427	-5.73837
26.3527	-5.74263
26.3626	-5.74688
26.3726	-5.75113
26.3826	-5.75539
26.3926	-5.75964
26.4026	-5.7639
26.4125	-5.76816
26.4225	-5.77242
26.4325	-5.77668
26.4425	-5.78094
26.4525	-5.7852
26.4625	-5.78946
26.4724	-5.79372
26.4824	-5.79799
26.4924	-5.80225
26.5024	-5.80652
26.5124	-5.81078
26.5223	-5.81505
26.5323	-5.81932
26.5423	-5.82359
26.5523	-5.82786
26.5623	-5.83213
26.5723	-5.8364
26.5822	-5.84067
26.5922	-5.84494
26.6022	-5.84922
26.6122	-5.85349
26.6222	-5.85777
26.6321	-5.86204
26.6421	-5.86632
26.6521	-5.8706
26.6621	-5.87488
26.6721	-5.87916
26.6821	-5.88344
26.692	-5.88772
26.702	-5.892
26.712	-5.89629
26.722	-5.90057
26.732	-5.90485
26.7419	-5.90914
26.7519	-5.91343
26.7619	-5.91771
26.7719	-5.922
26.7819	-5.92629
26.7919	-5.93058
26.8018	-5.93487
26.8118	-5.93916
26.8218	-5.94345
26.8318	-5.94774
26.8418	-5.95204
26.8518	-5.95633
26.8617	-5.96063
26.8717	-5.96492
26.8817	-5.96922
26.8917	-5.97352
26.9017	-5.97782
26.9116	-5.98212
26.9216	-5.98642
26.9316	-5.99072
26.9416	-5.99502
26.9516	-5.99932
26.9616	-6.00362
26.9715	-6.00793
26.9815	-6.01223
26.9915	-6.01654
27.0015	-6.02084
27.0115	-6.02515
27.0214	-6.02946
27.0314	-6.03377
27.0414	-6.03808
27.0514	-6.04239
27.0614	-6.0467
27.0714	-6.05101
27.0813	-6.05532
27.0913	-6.05964
27.1013	-6.06395
27.1113	-6.06827
27.1213	-6.07258
27.1312	-6.0769
27.1412	-6.08122
27.1512	-6.08553
27.1612	-6.08985
27.1712	-6.09417
27.1812	-6.09849
27.1911	-6.10281
27.2011	-6.10713
27.2111	-6.11146
27.2211	-6.11578
27.2311	-6.12011
27.241	-6.12443
27.251	-6.12876
27.261	-6.13308
27.271	-6.13741
27.281	-6.14174
27.291	-6.14607
27.3009	-6.1504
27.3109	-6.15473
27.3209	-6.15906
27.3309	-6.16339
27.3409	-6.16772
27.3509	-6.17205
27.3608	-6.17639
27.3708	-6.18072
27.3808	-6.18506
27.3908	-6.18939
27.4008	-6.19373
27.4107	-6.19807
27.4207	-6.20241
27.4307	-6.20675
27.4407	-6.21109
27.4507	-6.21543
27.4607	-6.21977
27.4706	-6.22411
27.4806	-6.22845
27.4906	-6.2328
27.5006	-6.23714
27.5106	-6.24149
27.5205	-6.24583
27.5305	-6.25018
27.5405	-6.25453
27.5505	-6.25887
27.5605	-6.26322
27.5705	-6.26757
27.5804	-6.27192
27.5904	-6.27627
27.6004	-6.28062
27.6104	-6.28498
27.6204	-6.28933
27.6303	-6.29368
27.6403	-6.29804
27.6503	-6.30239
27.6603	-6.30675
27.6703	-6.3111
27.6803	-6.31546
27.6902	-6.31982
27.7002	-6.32418
27.7102	-6.32854
27.7202	-6.3329
27.7302	-6.33726
27.7401	-6.34162
27.7501	-6.34598
27.7601	-6.35034
27.7701	-6.35471
27.7801	-6.35907
27.7901	-6.36344
27.8	-6.3678
27.81	-6.37217
27.82	-6.37654
27.83	-6.3809
27.84	-6.38527
27.8499	-6.38964
27.8599	-6.39401
27.8699	-6.39838
27.8799	-6.40275
27.8899	-6.40713
27.8999	-6.4115
27.9098	-6.41587
27.9198	-6.42024
27.9298	-6.42462
27.9398	-6.42899
27.9498	-6.43337
27.9598	-6.43775
27.9697	-6.44212
27.9797	-6.4465
27.9897	-6.45088
27.9997	-6.45526
28.0097	-6.45964
28.0196	-6.46402
28.0296	-6.4684
28.0396	-6.47278
28.0496	-6.47717
28.0596	-6.48155
28.0696	-6.48593
28.0795	-6.49032
28.0895	-6.4947
28.0995	-6.49909
28.1095	-6.50348
28.1195	-6.50786
28.1294	-6.51225
28.1394	-6.51664
28.1494	-6.52103
28.1594	-6.52542
28.1694	-6.52981
28.1794	-6.5342
28.1893	-6.53859
28.1993	-6.54299
28.2093	-6.54738
28.2193	-6.55177
28.2293	-6.55617
28.2392	-6.56056
28.2492	-6.56496
28.2592	-6.56936
28.2692	-6.57375
28.2792	-6.57815
28.2892	-6.58255
28.2991	-6.58695
28.3091	-6.59135
28.3191	-6.59575
28.3291	-6.60015
28.3391	-6.60455
28.349	-6.60895
28.359	-6.61336
28.369	-6.61776
28.379	-6.62216
28.389	-6.62657
28.399	-6.63097
28.4089	-6.63538
28.4189	-6.63979
28.4289	-6.64419
28.4389	-6.6486
28.4489	-6.65301
28.4589	-6.65742
28.4688	-6.66183
28.4788	-6.66624
28.4888	-6.67065
28.4988	-6.67506
28.5088	-6.67947
28.5187	-6.68389
28.5287	-6.6883
28.5387	-6.69271
28.5487	-6.69713
28.5587	-6.70154
28.5687	-6.70596
28.5786	-6.71038
28.5886	-6.71479
28.5986	-6.71921
28.6086	-6.72363
28.6186	-6.72805
28.6285	-6.73247
28.6385	-6.73689
28.6485	-6.74131
28.6585	-6.74573
28.6685	-6.75015
28.6785	-6.75457
28.6884	-6.759
28.6984	-6.76342
28.7084	-6.76784
28.7184	-6.77227
28.7284	-6.77669
28.7383	-6.78112
28.7483	-6.78555
28.7583	-6.78997
28.7683	-6.7944
28.7783	-6.79883
28.7883	-6.80326
28.7982	-6.80769
28.8082	-6.81212
28.8182	-6.81655
28.8282	-6.82098
28.8382	-6.82541
28.8481	-6.82985
28.8581	-6.83428
28.8681	-6.83871
28.8781	-6.84315
28.8881	-6.84758
28.8981	-6.85202
28.908	-6.85645
28.918	-6.86089
28.928	-6.86533
28.938	-6.86977
28.948	-6.8742
28.958	-6.87864
28.9679	-6.88308
28.9779	-6.88752
28.9879	-6.89196
28.9979	-6.8964
29.0079	-6.90084
29.0178	-6.90529
29.0278	-6.90973
29.0378	-6.91417
29.0478	-6.91862
29.0578	-6.92306
29.0678	-6.92751
29.0777	-6.93195
29.0877	-6.9364
29.0977	-6.94084
29.1077	-6.94529
29.1177	-6.94974
29.1276	-6.95419
29.1376	-6.95864
29.1476	-6.96309
29.1576	-6.96754
29.1676	-6.97199
29.1776	-6.97644
29.1875	-6.98089
29.1975	-6.98534
29.2075	-6.98979
29.2175	-6.99425
29.2275	-6.9987
29.2374	-7.00316
29.2474	-7.00761
29.2574	-7.01207
29.2674	-7.01652
29.2774	-7.02098
29.2874	-7.02544
29.2973	-7.02989
29.3073	-7.03435
29.3173	-7.03881
29.3273	-7.04327
29.3373	-7.04773
29.3472	-7.05219
29.3572	-7.05665
29.3672	-7.06111
29.3772	-7.06557
29.3872	-7.07003
29.3972	-7.0745
29.4071	-7.07896
29.4171	-7.08342
29.4271	-7.08789
29.4371	-7.09235
29.4471	-7.09682
29.4571	-7.10128
29.467	-7.10575
29.477	-7.11022
29.487	-7.11469
29.497	-7.11915
29.507	-7.12362
29.5169	-7.12809
29.5269	-7.13256
29.5369	-7.13703
29.5469	-7.1415
29.5569	-7.14597
29.5669	-7.15044
29.5768	-7.15492
29.5868	-7.15939
29.5968	-7.16386
29.6068	-7.16833
29.6168	-7.17281
29.6267	-7.17728
29.6367	-7.18176
29.6467	-7.18623
29.6567	-7.19071
29.6667	-7.19519
29.6767	-7.19966
29.6866	-7.20414
29.6966	-7.20862
29.7066	-7.2131
29.7166	-7.21758
29.7266	-7.22206
29.7365	-7.22654
29.7465	-7.23102
29.7565	-7.2355
29.7665	-7.23998
29.7765	-7.24446
29.7865	-7.24894
29.7964	-7.25342
29.8064	-7.25791
29.8164	-7.26239
29.8264	-7.26688
29.8364	-7.27136
29.8463	-7.27585
29.8563	-7.28033
29.8663	-7.28482
29.8763	-7.2893
29.8863	-7.29379
29.8963	-7.29828
29.9062	-7.30277
29.9162	-7.30726
29.9262	-7.31175
29.9362	-7.31623
29.9462	-7.32072
29.9562	-7.32522
29.9661	-7.32971
29.9761	-7.3342
29.9861	-7.33869
29.9961	-7.34318
30.0061	-7.34767
30.016	-7.35217
30.026	-7.35666
30.036	-7.36116
30.046	-7.36565
30.056	-7.37014
30.066	-7.37464
30.0759	-7.37914
30.0859	-7.38363
30.0959	-7.38813
30.1059	-7.39263
30.1159	-7.39712
30.1258	-7.40162
30.1358	-7.40612
30.1458	-7.41062
30.1558	-7.41512
30.1658	-7.41962
30.1758	-7.42412
30.1857	-7.42862
30.1957	-7.43312
30.2057	-7.43762
30.2157	-7.44213
30.2257	-7.44663
30.2356	-7.45113
30.2456	-7.45564
30.2556	-7.46014
30.2656	-7.46464
30.2756	-7.46915
30.2856	-7.47365
30.2955	-7.47816
30.3055	-7.48267
30.3155	-7.48717
30.3255	-7.49168
30.3355	-7.49619
30.3454	-7.50069
30.3554	-7.5052
30.3654	-7.50971
30.3754	-7.51422
30.3854	-7.51873
30.3954	-7.52324
30.4053	-7.52775
30.4153	-7.53226
30.4253	-7.53677
30.4353	-7.54128
30.4453	-7.5458
30.4553	-7.55031
30.4652	-7.55482
30.4752	-7.55933
30.4852	-7.56385
30.4952	-7.56836
30.5052	-7.57288
30.5151	-7.57739
30.5251	-7.58191
30.5351	-7.58642
30.5451	-7.59094
30.5551	-7.59546
30.5651	-7.59997
30.575	-7.60449
30.585	-7.60901
30.595	-7.61353
30.605	-7.61805
30.615	-7.62256
30.6249	-7.62708
30.6349	-7.6316
30.6449	-7.63612
30.6549	-7.64064
30.6649	-7.64517
30.6749	-7.64969
30.6848	-7.65421
30.6948	-7.65873
30.7048	-7.66325
30.7148	-7.66778
30.7248	-7.6723
30.7347	-7.67682
30.7447	-7.68135
30.7547	-7.68587
30.7647	-7.6904
30.7747	-7.69492
30.7847	-7.69945
30.7946	-7.70397
30.8046	-7.7085
30.8146	-7.71303
30.8246	-7.71756
30.8346	-7.72208
30.8445	-7.72661
30.8545	-7.73114
30.8645	-7.73567
30.8745	-7.7402
30.8845	-7.74473
30.8945	-7.74926
30.9044	-7.75379
30.9144	-7.75832
30.9244	-7.76285
30.9344	-7.76738
30.9444	-7.77191
30.9544	-7.77644
30.9643	-7.78098
30.9743	-7.78551
30.9843	-7.79004
30.9943	-7.79458
31.0043	-7.79911
31.0142	-7.80365
31.0242	-7.80818
31.0342	-7.81272
31.0442	-7.81725
31.0542	-7.82179
31.0642	-7.82632
31.0741	-7.83086
31.0841	-7.8354
31.0941	-7.83993
31.1041	-7.84447
31.1141	-7.84901
31.124	-7.85355
31.134	-7.85809
31.144	-7.86263
31.154	-7.86716
31.164	-7.8717
31.174	-7.87624
31.1839	-7.88079
31.1939	-7.88533
31.2039	-7.88987
31.2139	-7.89441
31.2239	-7.89895
31.2338	-7.90349
31.2438	-7.90804
31.2538	-7.91258
31.2638	-7.91712
31.2738	-7.92166
31.2838	-7.92621
31.2937	-7.93075
31.3037	-7.9353
31.3137	-7.93984
31.3237	-7.94439
31.3337	-7.94893
31.3436	-7.95348
31.3536	-7.95803
31.3636	-7.96257
31.3736	-7.96712
31.3836	-7.97167
31.3936	-7.97621
31.4035	-7.98076
31.4135	-7.98531
31.4235	-7.98986
31.4335	-7.99441
31.4435	-7.99896
31.4535	-8.00351
31.4634	-8.00806
31.4734	-8.01261
31.4834	-8.01716
31.4934	-8.02171
31.5034	-8.02626
31.5133	-8.03081
31.5233	-8.03536
31.5333	-8.03992
31.5433	-8.04447
31.5533	-8.04902
31.5633	-8.05357
31.5732	-8.05813
31.5832	-8.06268
31.5932	-8.06724
31.6032	-8.07179
31.6132	-8.07634
31.6231	-8.0809
31.6331	-8.08546
31.6431	-8.09001
31.6531	-8.09457
31.6631	-8.09912
31.6731	-8.10368
31.683	-8.10824
31.693	-8.11279
31.703	-8.11735
31.713	-8.12191
31.723	-8.12647
31.7329	-8.13103
31.7429	-8.13558
31.7529	-8.14014
31.7629	-8.1447
31.7729	-8.14926
31.7829	-8.15382
31.7928	-8.15838
31.8028	-8.16294
31.8128	-8.1675
31.8228	-8.17206
31.8328	-8.17663
31.8427	-8.18119
31.8527	-8.18575
31.8627	-8.19031
31.8727	-8.19487
31.8827	-8.19944
31.8927	-8.204
31.9026	-8.20856
31.9126	-8.21313
31.9226	-8.21769
31.9326	-8.22226
31.9426	-8.22682
31.9526	-8.23139
31.9625	-8.23595
31.9725	-8.24052
31.9825	-8.24508
31.9925	-8.24965
32.0025	-8.25421
32.0124	-8.25878
32.0224	-8.26335
32.0324	-8.26791
32.0424	-8.27248
32.0524	-8.27705
32.0624	-8.28162
32.0723	-8.28619
32.0823	-8.29075
32.0923	-8.29532
32.1023	-8.29989
32.1123	-8.30446
32.1222	-8.30903
32.1322	-8.3136
32.1422	-8.31817
32.1522	-8.32274
32.1622	-8.32731
32.1722	-8.33188
32.1821	-8.33645
32.1921	-8.34103
32.2021	-8.3456
32.2121	-8.35017
32.2221	-8.35474
32.232	-8.35931
32.242	-8.36389
32.252	-8.36846
32.262	-8.37303
32.272	-8.37761
32.282	-8.38218
32.2919	-8.38676
32.3019	-8.39133
32.3119	-8.3959
32.3219	-8.40048
32.3319	-8.40505
32.3418	-8.40963
32.3518	-8.4142
32.3618	-8.41878
32.3718	-8.42336
32.3818	-8.42793
32.3918	-8.43251
32.4017	-8.43709
32.4117	-8.44166
32.4217	-8.44624
32.4317	-8.45082
32.4417	-8.4554
32.4517	-8.45997
32.4616	-8.46455
32.4716	-8.46913
32.4816	-8.47371
32.4916	-8.47829
32.5016	-8.48287
32.5115	-8.48745
32.5215	-8.49203
32.5315	-8.49661
32.5415	-8.50119
32.5515	-8.50577
32.5615	-8.51035
32.5714	-8.51493
32.5814	-8.51951
32.5914	-8.52409
32.6014	-8.52867
32.6114	-8.53326
32.6213	-8.53784
32.6313	-8.54242
32.6413	-8.547
32.6513	-8.55159
32.6613	-8.55617
32.6713	-8.56075
32.6812	-8.56534
32.6912	-8.56992
32.7012	-8.5745
32.7112	-8.57909
32.7212	-8.58367
32.7311	-8.58826
32.7411	-8.59284
32.7511	-8.59743
32.7611	-8.60201
32.7711	-8.6066
32.7811	-8.61118
32.791	-8.61577
32.801	-8.62035
32.811	-8.62494
32.821	-8.62953
32.831	-8.63411
32.8409	-8.6387
32.8509	-8.64329
32.8609	-8.64788
32.8709	-8.65246
32.8809	-8.65705
32.8909	-8.66164
32.9008	-8.66623
32.9108	-8.67082
32.9208	-8.67541
32.9308	-8.67999
32.9408	-8.68458
32.9508	-8.68917
32.9607	-8.69376
32.9707	-8.69835
32.9807	-8.70294
32.9907	-8.70753
33.0007	-8.71212
33.0106	-8.71671
33.0206	-8.7213
33.0306	-8.72589
33.0406	-8.73049
33.0506	-8.73508
33.0606	-8.73967
33.0705	-8.74426
33.0805	-8.74885
33.0905	-8.75344
33.1005	-8.75804
33.1105	-8.76263
33.1204	-8.76722
33.1304	-8.77181
33.1404	-8.77641
33.1504	-8.781
33.1604	-8.78559
33.1704	-8.79019
33.1803	-8.79478
33.1903	-8.79938
33.2003	-8.80397
33.2103	-8.80856
33.2203	-8.81316
33.2302	-8.81775
33.2402	-8.82235
33.2502	-8.82694
33.2602	-8.83154
33.2702	-8.83613
33.2802	-8.84073
33.2901	-8.84533
33.3001	-8.84992
33.3101	-8.85452
33.3201	-8.85911
33.3301	-8.86371
33.34	-8.86831
33.35	-8.8729
33.36	-8.8775
33.37	-8.8821
33.38	-8.8867
33.39	-8.89129
33.3999	-8.89589
33.4099	-8.90049
33.4199	-8.90509
33.4299	-8.90969
33.4399	-8.91428
33.4498	-8.91888
33.4598	-8.92348
33.4698	-8.92808
33.4798	-8.93268
33.4898	-8.93728
33.4998	-8.94188
33.5097	-8.94648
33.5197	-8.95108
33.5297	-8.95568
33.5397	-8.96028
33.5497	-8.96488
33.5597	-8.96948
33.5696	-8.97408
33.5796	-8.97868
33.5896	-8.98328
33.5996	-8.98788
33.6096	-8.99248
33.6195	-8.99709
33.6295	-9.00169
33.6395	-9.00629
33.6495	-9.01089
33.6595	-9.01549
33.6695	-9.0201
33.6794	-9.0247
33.6894	-9.0293
33.6994	-9.0339
33.7094	-9.03851
33.7194	-9.04311
33.7293	-9.04771
33.7393	-9.05231
33.7493	-9.05692
33.7593	-9.06152
33.7693	-9.06613
33.7793	-9.07073
33.7892	-9.07533
33.7992	-9.07994
33.8092	-9.08454
33.8192	-9.08915
33.8292	-9.09375
33.8391	-9.09836
33.8491	-9.10296
33.8591	-9.10757
33.8691	-9.11217
33.8791	-9.11678
33.8891	-9.12138
33.899	-9.12599
33.909	-9.13059
33.919	-9.1352
33.929	-9.1398
33.939	-9.14441
33.9489	-9.14902
33.9589	-9.15362
33.9689	-9.15823
33.9789	-9.16284
33.9889	-9.16744
33.9989	-9.17205
34.0088	-9.17666
34.0188	-9.18126
34.0288	-9.18587
34.0388	-9.19048
34.0488	-9.19509
34.0588	-9.19969
34.0687	-9.2043
34.0787	-9.20891
34.0887	-9.21352
34.0987	-9.21813
34.1087	-9.22273
34.1186	-9.22734
34.1286	-9.23195
34.1386	-9.23656
34.1486	-9.24117
34.1586	-9.24578
34.1686	-9.25039
34.1785	-9.255
34.1885	-9.2596
34.1985	-9.26421
34.2085	-9.26882
34.2185	-9.27343
34.2284	-9.27804
34.2384	-9.28265
34.2484	-9.28726
34.2584	-9.29187
34.2684	-9.29648
34.2784	-9.30109
34.2883	-9.3057
34.2983	-9.31031
34.3083	-9.31492
34.3183	-9.31954
34.3283	-9.32415
34.3382	-9.32876
34.3482	-9.33337
34.3582	-9.33798
34.3682	-9.34259
34.3782	-9.3472
34.3882	-9.35181
34.3981	-9.35643
34.4081	-9.36104
34.4181	-9.36565
34.4281	-9.37026
34.4381	-9.37487
34.448	-9.37948
34.458	-9.3841
34.468	-9.38871
34.478	-9.39332
34.488	-9.39793
34.498	-9.40255
34.5079	-9.40716
34.5179	-9.41177
34.5279	-9.41639
34.5379	-9.421
34.5479	-9.42561
34.5579	-9.43022
34.5678	-9.43484
34.5778	-9.43945
34.5878	-9.44406
34.5978	-9.44868
34.6078	-9.45329
34.6177	-9.45791
34.6277	-9.46252
34.6377	-9.46713
34.6477	-9.47175
34.6577	-9.47636
34.6677	-9.48098
34.6776	-9.48559
34.6876	-9.4902
34.6976	-9.49482
34.7076	-9.49943
34.7176	-9.50405
34.7275	-9.50866
34.7375	-9.51328
34.7475	-9.51789
34.7575	-9.52251
34.7675	-9.52712
34.7775	-9.53174
34.7874	-9.53635
34.7974	-9.54097
34.8074	-9.54558
34.8174	-9.5502
34.8274	-9.55481
34.8373	-9.55943
34.8473	-9.56405
34.8573	-9.56866
34.8673	-9.57328
34.8773	-9.57789
34.8873	-9.58251
34.8972	-9.58712
34.9072	-9.59174
34.9172	-9.59636
34.9272	-9.60097
34.9372	-9.60559
34.9471	-9.61021
34.9571	-9.61482
34.9671	-9.61944
34.9771	-9.62406
34.9871	-9.62867
34.9971	-9.63329
35.007	-9.63791
35.017	-9.64252
35.027	-9.64714
35.037	-9.65176
35.047	-9.65637
35.057	-9.66099
35.0669	-9.66561
35.0769	-9.67023
35.0869	-9.67484
35.0969	-9.67946
35.1069	-9.68408
35.1168	-9.68869
35.1268	-9.69331
35.1368	-9.69793
35.1468	-9.70255
35.1568	-9.70717
35.1668	-9.71178
35.1767	-9.7164
35.1867	-9.72102
35.1967	-9.72564
35.2067	-9.73025
35.2167	-9.73487
35.2266	-9.73949
35.2366	-9.74411
35.2466	-9.74873
35.2566	-9.75335
35.2666	-9.75796
35.2766	-9.76258
35.2865	-9.7672
35.2965	-9.77182
35.3065	-9.77644
35.3165	-9.78106
35.3265	-9.78568
35.3364	-9.79029
35.3464	-9.79491
35.3564	-9.79953
35.3664	-9.80415
35.3764	-9.80877
35.3864	-9.81339
35.3963	-9.81801
35.4063	-9.82263
35.4163	-9.82724
35.4263	-9.83186
35.4363	-9.83648
35.4462	-9.8411
35.4562	-9.84572
35.4662	-9.85034
35.4762	-9.85496
35.4862	-9.85958
35.4962	-9.8642
35.5061	-9.86882
35.5161	-9.87344
35.5261	-9.87806
35.5361	-9.88268
35.5461	-9.8873
35.5561	-9.89192
35.566	-9.89654
35.576	-9.90116
35.586	-9.90577
35.596	-9.91039
35.606	-9.91501
35.6159	-9.91963
35.6259	-9.92425
35.6359	-9.92887
35.6459	-9.93349
35.6559	-9.93811
35.6659	-9.94273
35.6758	-9.94735
35.6858	-9.95197
35.6958	-9.95659
35.7058	-9.96121
35.7158	-9.96583
35.7257	-9.97045
35.7357	-9.97507
35.7457	-9.97969
35.7557	-9.98431
35.7657	-9.98893
35.7757	-9.99355
35.7856	-9.99817
35.7956	-10.0028
35.8056	-10.0074
35.8156	-10.012
35.8256	-10.0167
35.8355	-10.0213
35.8455	-10.0259
35.8555	-10.0305
35.8655	-10.0351
35.8755	-10.0398
35.8855	-10.0444
35.8954	-10.049
35.9054	-10.0536
35.9154	-10.0582
35.9254	-10.0629
35.9354	-10.0675
35.9453	-10.0721
35.9553	-10.0767
35.9653	-10.0813
35.9753	-10.086
35.9853	-10.0906
35.9953	-10.0952
36.0052	-10.0998
36.0152	-10.1044
36.0252	-10.1091
36.0352	-10.1137
36.0452	-10.1183
36.0552	-10.1229
36.0651	-10.1275
36.0751	-10.1322
36.0851	-10.1368
36.0951	-10.1414
36.1051	-10.146
36.115	-10.1507
36.125	-10.1553
36.135	-10.1599
36.145	-10.1645
36.155	-10.1691
36.165	-10.1738
36.1749	-10.1784
36.1849	-10.183
36.1949	-10.1876
36.2049	-10.1922
36.2149	-10.1969
36.2248	-10.2015
36.2348	-10.2061
36.2448	-10.2107
36.2548	-10.2153
36.2648	-10.22
36.2748	-10.2246
36.2847	-10.2292
36.2947	-10.2338
36.3047	-10.2384
36.3147	-10.2431
36.3247	-10.2477
36.3346	-10.2523
36.3446	-10.2569
36.3546	-10.2615
36.3646	-10.2662
36.3746	-10.2708
36.3846	-10.2754
36.3945	-10.28
36.4045	-10.2847
36.4145	-10.2893
36.4245	-10.2939
36.4345	-10.2985
36.4444	-10.3031
36.4544	-10.3078
36.4644	-10.3124
36.4744	-10.317
36.4844	-10.3216
36.4944	-10.3262
36.5043	-10.3309
36.5143	-10.3355
36.5243	-10.3401
36.5343	-10.3447
36.5443	-10.3493
36.5543	-10.354
36.5642	-10.3586
36.5742	-10.3632
36.5842	-10.3678
36.5942	-10.3724
36.6042	-10.3771
36.6141	-10.3817
36.6241	-10.3863
36.6341	-10.3909
36.6441	-10.3955
36.6541	-10.4002
36.6641	-10.4048
36.674	-10.4094
36.684	-10.414
36.694	-10.4186
36.704	-10.4233
36.714	-10.4279
36.7239	-10.4325
36.7339	-10.4371
36.7439	-10.4417
36.7539	-10.4464
36.7639	-10.451
36.7739	-10.4556
36.7838	-10.4602
36.7938	-10.4648
36.8038	-10.4695
36.8138	-10.4741
36.8238	-10.4787
36.8337	-10.4833
36.8437	-10.4879
36.8537	-10.4926
36.8637	-10.4972
36.8737	-10.5018
36.8837	-10.5064
36.8936	-10.511
36.9036	-10.5157
36.9136	-10.5203
36.9236	-10.5249
36.9336	-10.5295
36.9435	-10.5341
36.9535	-10.5388
36.9635	-10.5434
36.9735	-10.548
36.9835	-10.5526
36.9935	-10.5572
37.0034	-10.5618
37.0134	-10.5665
37.0234	-10.5711
37.0334	-10.5757
37.0434	-10.5803
37.0534	-10.5849
37.0633	-10.5896
37.0733	-10.5942
37.0833	-10.5988
37.0933	-10.6034
37.1033	-10.608
37.1132	-10.6127
37.1232	-10.6173
37.1332	-10.6219
37.1432	-10.6265
37.1532	-10.6311
37.1632	-10.6357
37.1731	-10.6404
37.1831	-10.645
37.1931	-10.6496
37.2031	-10.6542
37.2131	-10.6588
37.223	-10.6635
37.233	-10.6681
37.243	-10.6727
37.253	-10.6773
37.263	-10.6819
37.273	-10.6865
37.2829	-10.6912
37.2929	-10.6958
37.3029	-10.7004
37.3129	-10.705
37.3229	-10.7096
37.3328	-10.7143
37.3428	-10.7189
37.3528	-10.7235
37.3628	-10.7281
37.3728	-10.7327
37.3828	-10.7373
37.3927	-10.742
37.4027	-10.7466
37.4127	-10.7512
37.4227	-10.7558
37.4327	-10.7604
37.4426	-10.765
37.4526	-10.7697
37.4626	-10.7743
37.4726	-10.7789
37.4826	-10.7835
37.4926	-10.7881
37.5025	-10.7927
37.5125	-10.7974
37.5225	-10.802
37.5325	-10.8066
37.5425	-10.8112
37.5525	-10.8158
37.5624	-10.8204
37.5724	-10.8251
37.5824	-10.8297
37.5924	-10.8343
37.6024	-10.8389
37.6123	-10.8435
37.6223	-10.8481
37.6323	-10.8527
37.6423	-10.8574
37.6523	-10.862
37.6623	-10.8666
37.6722	-10.8712
37.6822	-10.8758
37.6922	-10.8804
37.7022	-10.8851
37.7122	-10.8897
37.7221	-10.8943
37.7321	-10.8989
37.7421	-10.9035
37.7521	-10.9081
37.7621	-10.9127
37.7721	-10.9174
37.782	-10.922
37.792	-10.9266
37.802	-10.9312
37.812	-10.9358
37.822	-10.9404
37.8319	-10.945
37.8419	-10.9497
37.8519	-10.9543
37.8619	-10.9589
37.8719	-10.9635
37.8819	-10.9681
37.8918	-10.9727
37.9018	-10.9773
37.9118	-10.982
37.9218	-10.9866
37.9318	-10.9912
37.9417	-10.9958
37.9517	-11.0004
37.9617	-11.005
37.9717	-11.0096
37.9817	-11.0142
37.9917	-11.0189
38.0016	-11.0235
38.0116	-11.0281
38.0216	-11.0327
38.0316	-11.0373
38.0416	-11.0419
38.0516	-11.0465
38.0615	-11.0511
38.0715	-11.0558
38.0815	-11.0604
38.0915	-11.065
38.1015	-11.0696
38.1114	-11.0742
38.1214	-11.0788
38.1314	-11.0834
38.1414	-11.088
38.1514	-11.0927
38.1614	-11.0973
38.1713	-11.1019
38.1813	-11.1065
38.1913	-11.1111
38.2013	-11.1157
38.2113	-11.1203
38.2212	-11.1249
38.2312	-11.1295
38.2412	-11.1342
38.2512	-11.1388
38.2612	-11.1434
38.2712	-11.148
38.2811	-11.1526
38.2911	-11.1572
38.3011	-11.1618
38.3111	-11.1664
38.3211	-11.171
38.331	-11.1756
38.341	-11.1803
38.351	-11.1849
38.361	-11.1895
38.371	-11.1941
38.381	-11.1987
38.3909	-11.2033
38.4009	-11.2079
38.4109	-11.2125
38.4209	-11.2171
38.4309	-11.2217
38.4408	-11.2263
38.4508	-11.231
38.4608	-11.2356
38.4708	-11.2402
38.4808	-11.2448
38.4908	-11.2494
38.5007	-11.254
38.5107	-11.2586
38.5207	-11.2632
38.5307	-11.2678
38.5407	-11.2724
38.5507	-11.277
38.5606	-11.2816
38.5706	-11.2862
38.5806	-11.2909
38.5906	-11.2955
38.6006	-11.3001
38.6105	-11.3047
38.6205	-11.3093
38.6305	-11.3139
38.6405	-11.3185
38.6505	-11.3231
38.6605	-11.3277
38.6704	-11.3323
38.6804	-11.3369
38.6904	-11.3415
38.7004	-11.3461
38.7104	-11.3507
38.7203	-11.3553
38.7303	-11.36
38.7403	-11.3646
38.7503	-11.3692
38.7603	-11.3738
38.7703	-11.3784
38.7802	-11.383
38.7902	-11.3876
38.8002	-11.3922
38.8102	-11.3968
38.8202	-11.4014
38.8301	-11.406
38.8401	-11.4106
38.8501	-11.4152
38.8601	-11.4198
38.8701	-11.4244
38.8801	-11.429
38.89	-11.4336
38.9	-11.4382
38.91	-11.4428
38.92	-11.4474
38.93	-11.452
38.9399	-11.4566
38.9499	-11.4612
38.9599	-11.4658
38.9699	-11.4704
38.9799	-11.4751
38.9899	-11.4797
38.9998	-11.4843
39.0098	-11.4889
39.0198	-11.4935
39.0298	-11.4981
39.0398	-11.5027
39.0497	-11.5073
39.0597	-11.5119
39.0697	-11.5165
39.0797	-11.5211
39.0897	-11.5257
39.0997	-11.5303
39.1096	-11.5349
39.1196	-11.5395
39.1296	-11.5441
39.1396	-11.5487
39.1496	-11.5533
39.1596	-11.5579
39.1695	-11.5625
39.1795	-11.5671
39.1895	-11.5717
39.1995	-11.5763
39.2095	-11.5809
39.2194	-11.5855
39.2294	-11.5901
39.2394	-11.5947
39.2494	-11.5993
39.2594	-11.6039
39.2694	-11.6085
39.2793	-11.6131
39.2893	-11.6177
39.2993	-11.6223
39.3093	-11.6269
39.3193	-11.6315
39.3292	-11.6361
39.3392	-11.6407
39.3492	-11.6453
39.3592	-11.6499
39.3692	-11.6545
39.3792	-11.6591
39.3891	-11.6636
39.3991	-11.6682
39.4091	-11.6728
39.4191	-11.6774
39.4291	-11.682
39.439	-11.6866
39.449	-11.6912
39.459	-11.6958
39.469	-11.7004
39.479	-11.705
39.489	-11.7096
39.4989	-11.7142
39.5089	-11.7188
39.5189	-11.7234
39.5289	-11.728
39.5389	-11.7326
39.5488	-11.7372
39.5588	-11.7418
39.5688	-11.7464
39.5788	-11.751
39.5888	-11.7556
39.5988	-11.7602
39.6087	-11.7648
39.6187	-11.7693
39.6287	-11.7739
39.6387	-11.7785
39.6487	-11.7831
39.6587	-11.7877
39.6686	-11.7923
39.6786	-11.7969
39.6886	-11.8015
39.6986	-11.8061
39.7086	-11.8107
39.7185	-11.8153
39.7285	-11.8199
39.7385	-11.8245
39.7485	-11.8291
39.7585	-11.8336
39.7685	-11.8382
39.7784	-11.8428
39.7884	-11.8474
39.7984	-11.852
39.8084	-11.8566
39.8184	-11.8612
39.8283	-11.8658
39.8383	-11.8704
39.8483	-11.875
39.8583	-11.8796
39.8683	-11.8842
39.8783	-11.8887
39.8882	-11.8933
39.8982	-11.8979
39.9082	-11.9025
39.9182	-11.9071
39.9282	-11.9117
39.9381	-11.9163
39.9481	-11.9209
39.9581	-11.9255
39.9681	-11.93
39.9781	-11.9346
39.9881	-11.9392
39.998	-11.9438
