Freq_GHz	Norm_dB_model_hole
0.1	-2.57956e-05
0.109982	-2.88977e-05
0.119964	-3.22948e-05
0.129946	-3.59868e-05
0.139928	-3.99737e-05
0.14991	-4.42556e-05
0.159892	-4.88324e-05
0.169874	-5.37042e-05
0.179856	-5.88709e-05
0.189838	-6.43326e-05
0.19982	-7.00893e-05
0.209802	-7.61409e-05
0.219784	-8.24875e-05
0.229766	-8.9129e-05
0.239748	-9.60656e-05
0.24973	-0.000103297
0.259712	-0.000110824
0.269694	-0.000118645
0.279676	-0.000126762
0.289658	-0.000135173
0.29964	-0.00014388
0.309622	-0.000152881
0.319604	-0.000162177
0.329586	-0.000171769
0.339568	-0.000181656
0.34955	-0.000191837
0.359532	-0.000202314
0.369514	-0.000213085
0.379496	-0.000224152
0.389478	-0.000235514
0.39946	-0.000247171
0.409442	-0.000259123
0.419424	-0.000271369
0.429406	-0.000283912
0.439388	-0.000296749
0.44937	-0.000309881
0.459352	-0.000323308
0.469334	-0.000337031
0.479316	-0.000351048
0.489298	-0.000365361
0.49928	-0.000379969
0.509262	-0.000394872
0.519244	-0.00041007
0.529226	-0.000425563
0.539208	-0.000441352
0.54919	-0.000457435
0.559172	-0.000473814
0.569154	-0.000490488
0.579136	-0.000507457
0.589118	-0.000524722
0.5991	-0.000542282
0.609082	-0.000560137
0.619064	-0.000578287
0.629046	-0.000596732
0.639028	-0.000615473
0.64901	-0.000634509
0.658992	-0.00065384
0.668974	-0.000673467
0.678956	-0.000693389
0.688938	-0.000713606
0.69892	-0.000734119
0.708902	-0.000754927
0.718884	-0.00077603
0.728866	-0.000797429
0.738848	-0.000819123
0.74883	-0.000841113
0.758812	-0.000863398
0.768794	-0.000885978
0.778776	-0.000908854
0.788758	-0.000932025
0.79874	-0.000955492
0.808722	-0.000979254
0.818704	-0.00100331
0.828686	-0.00102767
0.838668	-0.00105231
0.84865	-0.00107726
0.858632	-0.0011025
0.868614	-0.00112803
0.878596	-0.00115386
0.888578	-0.00117999
0.89856	-0.00120641
0.908542	-0.00123313
0.918524	-0.00126015
0.928506	-0.00128745
0.938488	-0.00131506
0.94847	-0.00134296
0.958452	-0.00137116
0.968434	-0.00139965
0.978416	-0.00142844
0.988398	-0.00145752
0.99838	-0.0014869
1.00836	-0.00151657
1.01834	-0.00154655
1.02833	-0.00157681
1.03831	-0.00160737
1.04829	-0.00163823
1.05827	-0.00166939
1.06825	-0.00170084
1.07824	-0.00173258
1.08822	-0.00176463
1.0982	-0.00179696
1.10818	-0.0018296
1.11816	-0.00186253
1.12815	-0.00189575
1.13813	-0.00192928
1.14811	-0.0019631
1.15809	-0.00199721
1.16807	-0.00203162
1.17806	-0.00206633
1.18804	-0.00210133
1.19802	-0.00213663
1.208	-0.00217222
1.21798	-0.00220811
1.22797	-0.0022443
1.23795	-0.00228079
1.24793	-0.00231757
1.25791	-0.00235464
1.26789	-0.00239201
1.27788	-0.00242968
1.28786	-0.00246765
1.29784	-0.00250591
1.30782	-0.00254447
1.3178	-0.00258332
1.32779	-0.00262247
1.33777	-0.00266192
1.34775	-0.00270167
1.35773	-0.00274171
1.36771	-0.00278204
1.3777	-0.00282268
1.38768	-0.00286361
1.39766	-0.00290483
1.40764	-0.00294636
1.41762	-0.00298818
1.42761	-0.00303029
1.43759	-0.00307271
1.44757	-0.00311542
1.45755	-0.00315842
1.46753	-0.00320173
1.47752	-0.00324533
1.4875	-0.00328923
1.49748	-0.00333342
1.50746	-0.00337791
1.51744	-0.0034227
1.52743	-0.00346778
1.53741	-0.00351317
1.54739	-0.00355885
1.55737	-0.00360482
1.56735	-0.00365109
1.57734	-0.00369766
1.58732	-0.00374453
1.5973	-0.0037917
1.60728	-0.00383916
1.61726	-0.00388692
1.62725	-0.00393497
1.63723	-0.00398333
1.64721	-0.00403198
1.65719	-0.00408092
1.66717	-0.00413017
1.67716	-0.00417971
1.68714	-0.00422955
1.69712	-0.00427969
1.7071	-0.00433012
1.71708	-0.00438086
1.72707	-0.00443189
1.73705	-0.00448321
1.74703	-0.00453484
1.75701	-0.00458676
1.76699	-0.00463898
1.77698	-0.0046915
1.78696	-0.00474431
1.79694	-0.00479743
1.80692	-0.00485084
1.8169	-0.00490455
1.82689	-0.00495855
1.83687	-0.00501286
1.84685	-0.00506746
1.85683	-0.00512236
1.86681	-0.00517756
1.8768	-0.00523305
1.88678	-0.00528885
1.89676	-0.00534494
1.90674	-0.00540133
1.91672	-0.00545802
1.92671	-0.00551501
1.93669	-0.00557229
1.94667	-0.00562987
1.95665	-0.00568775
1.96663	-0.00574593
1.97662	-0.00580441
1.9866	-0.00586319
1.99658	-0.00592226
2.00656	-0.00598164
2.01654	-0.00604131
2.02653	-0.00610128
2.03651	-0.00616155
2.04649	-0.00622211
2.05647	-0.00628298
2.06645	-0.00634414
2.07644	-0.00640561
2.08642	-0.00646737
2.0964	-0.00652943
2.10638	-0.00659179
2.11636	-0.00665445
2.12635	-0.0067174
2.13633	-0.00678066
2.14631	-0.00684421
2.15629	-0.00690807
2.16627	-0.00697222
2.17626	-0.00703667
2.18624	-0.00710142
2.19622	-0.00716647
2.2062	-0.00723182
2.21618	-0.00729747
2.22617	-0.00736342
2.23615	-0.00742967
2.24613	-0.00749621
2.25611	-0.00756306
2.26609	-0.0076302
2.27608	-0.00769765
2.28606	-0.00776539
2.29604	-0.00783344
2.30602	-0.00790178
2.316	-0.00797042
2.32599	-0.00803936
2.33597	-0.00810861
2.34595	-0.00817815
2.35593	-0.00824799
2.36591	-0.00831813
2.3759	-0.00838857
2.38588	-0.00845931
2.39586	-0.00853035
2.40584	-0.0086017
2.41582	-0.00867334
2.42581	-0.00874528
2.43579	-0.00881752
2.44577	-0.00889006
2.45575	-0.0089629
2.46573	-0.00903604
2.47572	-0.00910949
2.4857	-0.00918323
2.49568	-0.00925727
2.50566	-0.00933161
2.51564	-0.00940626
2.52563	-0.0094812
2.53561	-0.00955645
2.54559	-0.00963199
2.55557	-0.00970784
2.56555	-0.00978399
2.57554	-0.00986043
2.58552	-0.00993718
2.5955	-0.0100142
2.60548	-0.0100916
2.61546	-0.0101692
2.62545	-0.0102472
2.63543	-0.0103254
2.64541	-0.010404
2.65539	-0.0104828
2.66537	-0.010562
2.67536	-0.0106415
2.68534	-0.0107212
2.69532	-0.0108013
2.7053	-0.0108816
2.71528	-0.0109623
2.72527	-0.0110433
2.73525	-0.0111245
2.74523	-0.0112061
2.75521	-0.011288
2.76519	-0.0113701
2.77518	-0.0114526
2.78516	-0.0115354
2.79514	-0.0116185
2.80512	-0.0117018
2.8151	-0.0117855
2.82509	-0.0118695
2.83507	-0.0119538
2.84505	-0.0120384
2.85503	-0.0121233
2.86501	-0.0122084
2.87499	-0.0122939
2.88498	-0.0123797
2.89496	-0.0124658
2.90494	-0.0125522
2.91492	-0.0126389
2.9249	-0.0127259
2.93489	-0.0128132
2.94487	-0.0129008
2.95485	-0.0129888
2.96483	-0.013077
2.97481	-0.0131655
2.9848	-0.0132543
2.99478	-0.0133434
3.00476	-0.0134328
3.01474	-0.0135226
3.02472	-0.0136126
3.03471	-0.0137029
3.04469	-0.0137936
3.05467	-0.0138845
3.06465	-0.0139758
3.07463	-0.0140673
3.08462	-0.0141592
3.0946	-0.0142513
3.10458	-0.0143438
3.11456	-0.0144365
3.12454	-0.0145296
3.13453	-0.014623
3.14451	-0.0147166
3.15449	-0.0148106
3.16447	-0.0149049
3.17445	-0.0149995
3.18444	-0.0150943
3.19442	-0.0151895
3.2044	-0.015285
3.21438	-0.0153808
3.22436	-0.0154769
3.23435	-0.0155733
3.24433	-0.01567
3.25431	-0.0157671
3.26429	-0.0158644
3.27427	-0.015962
3.28426	-0.0160599
3.29424	-0.0161582
3.30422	-0.0162567
3.3142	-0.0163555
3.32418	-0.0164547
3.33417	-0.0165541
3.34415	-0.0166539
3.35413	-0.016754
3.36411	-0.0168543
3.37409	-0.016955
3.38408	-0.017056
3.39406	-0.0171572
3.40404	-0.0172588
3.41402	-0.0173607
3.424	-0.0174629
3.43399	-0.0175654
3.44397	-0.0176682
3.45395	-0.0177713
3.46393	-0.0178748
3.47391	-0.0179785
3.4839	-0.0180825
3.49388	-0.0181868
3.50386	-0.0182915
3.51384	-0.0183964
3.52382	-0.0185017
3.53381	-0.0186072
3.54379	-0.0187131
3.55377	-0.0188193
3.56375	-0.0189258
3.57373	-0.0190325
3.58372	-0.0191396
3.5937	-0.019247
3.60368	-0.0193547
3.61366	-0.0194627
3.62364	-0.019571
3.63363	-0.0196797
3.64361	-0.0197886
3.65359	-0.0198978
3.66357	-0.0200074
3.67355	-0.0201172
3.68354	-0.0202274
3.69352	-0.0203378
3.7035	-0.0204486
3.71348	-0.0205597
3.72346	-0.0206711
3.73345	-0.0207828
3.74343	-0.0208948
3.75341	-0.0210071
3.76339	-0.0211197
3.77337	-0.0212326
3.78336	-0.0213458
3.79334	-0.0214594
3.80332	-0.0215732
3.8133	-0.0216874
3.82328	-0.0218018
3.83327	-0.0219166
3.84325	-0.0220317
3.85323	-0.0221471
3.86321	-0.0222628
3.87319	-0.0223788
3.88318	-0.0224951
3.89316	-0.0226117
3.90314	-0.0227286
3.91312	-0.0228459
3.9231	-0.0229634
3.93309	-0.0230813
3.94307	-0.0231994
3.95305	-0.0233179
3.96303	-0.0234367
3.97301	-0.0235558
3.983	-0.0236752
3.99298	-0.0237949
4.00296	-0.0239149
4.01294	-0.0240352
4.02292	-0.0241558
4.03291	-0.0242768
4.04289	-0.024398
4.05287	-0.0245196
4.06285	-0.0246415
4.07283	-0.0247636
4.08282	-0.0248861
4.0928	-0.0250089
4.10278	-0.0251321
4.11276	-0.0252555
4.12274	-0.0253792
4.13273	-0.0255032
4.14271	-0.0256276
4.15269	-0.0257523
4.16267	-0.0258772
4.17265	-0.0260025
4.18264	-0.0261281
4.19262	-0.026254
4.2026	-0.0263802
4.21258	-0.0265068
4.22256	-0.0266336
4.23255	-0.0267607
4.24253	-0.0268882
4.25251	-0.027016
4.26249	-0.0271441
4.27247	-0.0272725
4.28246	-0.0274012
4.29244	-0.0275302
4.30242	-0.0276595
4.3124	-0.0277891
4.32238	-0.0279191
4.33237	-0.0280493
4.34235	-0.0281799
4.35233	-0.0283108
4.36231	-0.028442
4.37229	-0.0285735
4.38228	-0.0287053
4.39226	-0.0288375
4.40224	-0.0289699
4.41222	-0.0291027
4.4222	-0.0292358
4.43219	-0.0293691
4.44217	-0.0295028
4.45215	-0.0296368
4.46213	-0.0297712
4.47211	-0.0299058
4.4821	-0.0300407
4.49208	-0.030176
4.50206	-0.0303116
4.51204	-0.0304475
4.52202	-0.0305837
4.53201	-0.0307202
4.54199	-0.030857
4.55197	-0.0309942
4.56195	-0.0311316
4.57193	-0.0312694
4.58192	-0.0314075
4.5919	-0.0315459
4.60188	-0.0316846
4.61186	-0.0318236
4.62184	-0.0319629
4.63183	-0.0321026
4.64181	-0.0322425
4.65179	-0.0323828
4.66177	-0.0325234
4.67175	-0.0326643
4.68174	-0.0328056
4.69172	-0.0329471
4.7017	-0.0330889
4.71168	-0.0332311
4.72166	-0.0333736
4.73165	-0.0335164
4.74163	-0.0336595
4.75161	-0.0338029
4.76159	-0.0339467
4.77157	-0.0340908
4.78156	-0.0342351
4.79154	-0.0343798
4.80152	-0.0345248
4.8115	-0.0346702
4.82148	-0.0348158
4.83147	-0.0349618
4.84145	-0.035108
4.85143	-0.0352546
4.86141	-0.0354015
4.87139	-0.0355487
4.88138	-0.0356963
4.89136	-0.0358441
4.90134	-0.0359923
4.91132	-0.0361408
4.9213	-0.0362896
4.93129	-0.0364387
4.94127	-0.0365881
4.95125	-0.0367379
4.96123	-0.036888
4.97121	-0.0370384
4.9812	-0.0371891
4.99118	-0.0373401
5.00116	-0.0374914
5.01114	-0.0376431
5.02112	-0.0377951
5.03111	-0.0379474
5.04109	-0.0381
5.05107	-0.0382529
5.06105	-0.0384062
5.07103	-0.0385597
5.08102	-0.0387136
5.091	-0.0388678
5.10098	-0.0390223
5.11096	-0.0391772
5.12094	-0.0393323
5.13093	-0.0394878
5.14091	-0.0396436
5.15089	-0.0397997
5.16087	-0.0399562
5.17085	-0.0401129
5.18084	-0.04027
5.19082	-0.0404274
5.2008	-0.0405851
5.21078	-0.0407431
5.22076	-0.0409015
5.23075	-0.0410602
5.24073	-0.0412192
5.25071	-0.0413785
5.26069	-0.0415381
5.27067	-0.0416981
5.28066	-0.0418583
5.29064	-0.0420189
5.30062	-0.0421798
5.3106	-0.0423411
5.32058	-0.0425026
5.33057	-0.0426645
5.34055	-0.0428267
5.35053	-0.0429892
5.36051	-0.0431521
5.37049	-0.0433152
5.38048	-0.0434787
5.39046	-0.0436425
5.40044	-0.0438066
5.41042	-0.0439711
5.4204	-0.0441358
5.43039	-0.0443009
5.44037	-0.0444663
5.45035	-0.0446321
5.46033	-0.0447981
5.47031	-0.0449645
5.4803	-0.0451312
5.49028	-0.0452982
5.50026	-0.0454656
5.51024	-0.0456332
5.52022	-0.0458012
5.53021	-0.0459695
5.54019	-0.0461382
5.55017	-0.0463071
5.56015	-0.0464764
5.57013	-0.046646
5.58012	-0.046816
5.5901	-0.0469862
5.60008	-0.0471568
5.61006	-0.0473277
5.62004	-0.0474989
5.63003	-0.0476705
5.64001	-0.0478423
5.64999	-0.0480145
5.65997	-0.0481871
5.66995	-0.0483599
5.67994	-0.0485331
5.68992	-0.0487066
5.6999	-0.0488804
5.70988	-0.0490545
5.71986	-0.049229
5.72985	-0.0494038
5.73983	-0.0495789
5.74981	-0.0497544
5.75979	-0.0499301
5.76977	-0.0501062
5.77976	-0.0502826
5.78974	-0.0504594
5.79972	-0.0506365
5.8097	-0.0508139
5.81968	-0.0509916
5.82967	-0.0511696
5.83965	-0.051348
5.84963	-0.0515267
5.85961	-0.0517057
5.86959	-0.0518851
5.87958	-0.0520648
5.88956	-0.0522448
5.89954	-0.0524251
5.90952	-0.0526058
5.9195	-0.0527868
5.92949	-0.0529681
5.93947	-0.0531497
5.94945	-0.0533317
5.95943	-0.053514
5.96941	-0.0536966
5.9794	-0.0538796
5.98938	-0.0540629
5.99936	-0.0542465
6.00934	-0.0544304
6.01932	-0.0546147
6.02931	-0.0547993
6.03929	-0.0549842
6.04927	-0.0551695
6.05925	-0.0553551
6.06923	-0.055541
6.07922	-0.0557272
6.0892	-0.0559138
6.09918	-0.0561007
6.10916	-0.0562879
6.11914	-0.0564755
6.12913	-0.0566634
6.13911	-0.0568516
6.14909	-0.0570401
6.15907	-0.057229
6.16905	-0.0574182
6.17904	-0.0576078
6.18902	-0.0577976
6.199	-0.0579878
6.20898	-0.0581784
6.21896	-0.0583692
6.22895	-0.0585604
6.23893	-0.0587519
6.24891	-0.0589438
6.25889	-0.059136
6.26887	-0.0593285
6.27886	-0.0595213
6.28884	-0.0597145
6.29882	-0.059908
6.3088	-0.0601019
6.31878	-0.060296
6.32877	-0.0604906
6.33875	-0.0606854
6.34873	-0.0608806
6.35871	-0.0610761
6.36869	-0.0612719
6.37868	-0.0614681
6.38866	-0.0616646
6.39864	-0.0618614
6.40862	-0.0620586
6.4186	-0.0622561
6.42859	-0.0624539
6.43857	-0.0626521
6.44855	-0.0628506
6.45853	-0.0630494
6.46851	-0.0632486
6.4785	-0.0634481
6.48848	-0.0636479
6.49846	-0.0638481
6.50844	-0.0640486
6.51842	-0.0642494
6.52841	-0.0644506
6.53839	-0.0646521
6.54837	-0.064854
6.55835	-0.0650562
6.56833	-0.0652587
6.57832	-0.0654615
6.5883	-0.0656647
6.59828	-0.0658682
6.60826	-0.0660721
6.61824	-0.0662763
6.62823	-0.0664808
6.63821	-0.0666857
6.64819	-0.0668909
6.65817	-0.0670964
6.66815	-0.0673023
6.67814	-0.0675085
6.68812	-0.067715
6.6981	-0.0679219
6.70808	-0.0681291
6.71806	-0.0683367
6.72805	-0.0685446
6.73803	-0.0687528
6.74801	-0.0689614
6.75799	-0.0691703
6.76797	-0.0693796
6.77796	-0.0695891
6.78794	-0.0697991
6.79792	-0.0700093
6.8079	-0.0702199
6.81788	-0.0704309
6.82787	-0.0706421
6.83785	-0.0708538
6.84783	-0.0710657
6.85781	-0.071278
6.86779	-0.0714906
6.87778	-0.0717036
6.88776	-0.0719169
6.89774	-0.0721306
6.90772	-0.0723445
6.9177	-0.0725589
6.92769	-0.0727735
6.93767	-0.0729886
6.94765	-0.0732039
6.95763	-0.0734196
6.96761	-0.0736356
6.9776	-0.073852
6.98758	-0.0740687
6.99756	-0.0742858
7.00754	-0.0745032
7.01752	-0.0747209
7.02751	-0.074939
7.03749	-0.0751574
7.04747	-0.0753762
7.05745	-0.0755953
7.06743	-0.0758147
7.07742	-0.0760345
7.0874	-0.0762546
7.09738	-0.0764751
7.10736	-0.0766959
7.11734	-0.0769171
7.12733	-0.0771386
7.13731	-0.0773604
7.14729	-0.0775826
7.15727	-0.0778051
7.16725	-0.078028
7.17724	-0.0782512
7.18722	-0.0784748
7.1972	-0.0786987
7.20718	-0.0789229
7.21716	-0.0791475
7.22715	-0.0793724
7.23713	-0.0795977
7.24711	-0.0798233
7.25709	-0.0800493
7.26707	-0.0802756
7.27706	-0.0805023
7.28704	-0.0807293
7.29702	-0.0809566
7.307	-0.0811843
7.31698	-0.0814124
7.32697	-0.0816408
7.33695	-0.0818695
7.34693	-0.0820986
7.35691	-0.082328
7.36689	-0.0825578
7.37688	-0.0827879
7.38686	-0.0830183
7.39684	-0.0832492
7.40682	-0.0834803
7.4168	-0.0837118
7.42679	-0.0839437
7.43677	-0.0841759
7.44675	-0.0844084
7.45673	-0.0846413
7.46671	-0.0848746
7.4767	-0.0851082
7.48668	-0.0853421
7.49666	-0.0855764
7.50664	-0.085811
7.51662	-0.086046
7.52661	-0.0862813
7.53659	-0.086517
7.54657	-0.0867531
7.55655	-0.0869894
7.56653	-0.0872262
7.57652	-0.0874632
7.5865	-0.0877007
7.59648	-0.0879385
7.60646	-0.0881766
7.61644	-0.0884151
7.62643	-0.0886539
7.63641	-0.0888931
7.64639	-0.0891326
7.65637	-0.0893725
7.66635	-0.0896127
7.67634	-0.0898533
7.68632	-0.0900943
7.6963	-0.0903355
7.70628	-0.0905772
7.71626	-0.0908192
7.72625	-0.0910615
7.73623	-0.0913042
7.74621	-0.0915473
7.75619	-0.0917907
7.76617	-0.0920344
7.77616	-0.0922785
7.78614	-0.092523
7.79612	-0.0927678
7.8061	-0.093013
7.81608	-0.0932585
7.82607	-0.0935044
7.83605	-0.0937506
7.84603	-0.0939972
7.85601	-0.0942441
7.86599	-0.0944914
7.87598	-0.094739
7.88596	-0.094987
7.89594	-0.0952354
7.90592	-0.0954841
7.9159	-0.0957331
7.92589	-0.0959826
7.93587	-0.0962323
7.94585	-0.0964825
7.95583	-0.0967329
7.96581	-0.0969838
7.9758	-0.097235
7.98578	-0.0974865
7.99576	-0.0977384
8.00574	-0.0979907
8.01572	-0.0982433
8.02571	-0.0984963
8.03569	-0.0987496
8.04567	-0.0990033
8.05565	-0.0992574
8.06563	-0.0995118
8.07562	-0.0997666
8.0856	-0.100022
8.09558	-0.100277
8.10556	-0.100533
8.11554	-0.100789
8.12553	-0.101046
8.13551	-0.101303
8.14549	-0.10156
8.15547	-0.101818
8.16545	-0.102076
8.17544	-0.102334
8.18542	-0.102593
8.1954	-0.102852
8.20538	-0.103111
8.21536	-0.103371
8.22535	-0.103631
8.23533	-0.103892
8.24531	-0.104152
8.25529	-0.104414
8.26527	-0.104675
8.27526	-0.104937
8.28524	-0.1052
8.29522	-0.105462
8.3052	-0.105725
8.31518	-0.105989
8.32517	-0.106252
8.33515	-0.106517
8.34513	-0.106781
8.35511	-0.107046
8.36509	-0.107311
8.37508	-0.107577
8.38506	-0.107843
8.39504	-0.108109
8.40502	-0.108376
8.415	-0.108643
8.42498	-0.10891
8.43497	-0.109178
8.44495	-0.109446
8.45493	-0.109714
8.46491	-0.109983
8.47489	-0.110253
8.48488	-0.110522
8.49486	-0.110792
8.50484	-0.111062
8.51482	-0.111333
8.5248	-0.111604
8.53479	-0.111876
8.54477	-0.112147
8.55475	-0.112419
8.56473	-0.112692
8.57471	-0.112965
8.5847	-0.113238
8.59468	-0.113512
8.60466	-0.113786
8.61464	-0.11406
8.62462	-0.114335
8.63461	-0.11461
8.64459	-0.114885
8.65457	-0.115161
8.66455	-0.115437
8.67453	-0.115714
8.68452	-0.115991
8.6945	-0.116268
8.70448	-0.116546
8.71446	-0.116824
8.72444	-0.117102
8.73443	-0.117381
8.74441	-0.11766
8.75439	-0.117939
8.76437	-0.118219
8.77435	-0.1185
8.78434	-0.11878
8.79432	-0.119061
8.8043	-0.119343
8.81428	-0.119624
8.82426	-0.119906
8.83425	-0.120189
8.84423	-0.120472
8.85421	-0.120755
8.86419	-0.121039
8.87417	-0.121322
8.88416	-0.121607
8.89414	-0.121892
8.90412	-0.122177
8.9141	-0.122462
8.92408	-0.122748
8.93407	-0.123034
8.94405	-0.123321
8.95403	-0.123608
8.96401	-0.123895
8.97399	-0.124183
8.98398	-0.124471
8.99396	-0.124759
9.00394	-0.125048
9.01392	-0.125337
9.0239	-0.125627
9.03389	-0.125917
9.04387	-0.126207
9.05385	-0.126498
9.06383	-0.126789
9.07381	-0.12708
9.0838	-0.127372
9.09378	-0.127664
9.10376	-0.127957
9.11374	-0.12825
9.12372	-0.128543
9.13371	-0.128837
9.14369	-0.129131
9.15367	-0.129425
9.16365	-0.12972
9.17363	-0.130015
9.18362	-0.130311
9.1936	-0.130607
9.20358	-0.130903
9.21356	-0.1312
9.22354	-0.131497
9.23353	-0.131795
9.24351	-0.132092
9.25349	-0.132391
9.26347	-0.132689
9.27345	-0.132988
9.28344	-0.133288
9.29342	-0.133588
9.3034	-0.133888
9.31338	-0.134188
9.32336	-0.134489
9.33335	-0.13479
9.34333	-0.135092
9.35331	-0.135394
9.36329	-0.135697
9.37327	-0.135999
9.38326	-0.136303
9.39324	-0.136606
9.40322	-0.13691
9.4132	-0.137215
9.42318	-0.137519
9.43317	-0.137824
9.44315	-0.13813
9.45313	-0.138436
9.46311	-0.138742
9.47309	-0.139049
9.48308	-0.139356
9.49306	-0.139663
9.50304	-0.139971
9.51302	-0.140279
9.523	-0.140588
9.53299	-0.140897
9.54297	-0.141206
9.55295	-0.141516
9.56293	-0.141826
9.57291	-0.142136
9.5829	-0.142447
9.59288	-0.142759
9.60286	-0.14307
9.61284	-0.143382
9.62282	-0.143695
9.63281	-0.144008
9.64279	-0.144321
9.65277	-0.144635
9.66275	-0.144949
9.67273	-0.145263
9.68272	-0.145578
9.6927	-0.145893
9.70268	-0.146208
9.71266	-0.146524
9.72264	-0.146841
9.73263	-0.147157
9.74261	-0.147475
9.75259	-0.147792
9.76257	-0.14811
9.77255	-0.148428
9.78254	-0.148747
9.79252	-0.149066
9.8025	-0.149385
9.81248	-0.149705
9.82246	-0.150026
9.83245	-0.150346
9.84243	-0.150667
9.85241	-0.150989
9.86239	-0.15131
9.87237	-0.151633
9.88236	-0.151955
9.89234	-0.152278
9.90232	-0.152602
9.9123	-0.152925
9.92228	-0.15325
9.93227	-0.153574
9.94225	-0.153899
9.95223	-0.154224
9.96221	-0.15455
9.97219	-0.154876
9.98218	-0.155203
9.99216	-0.15553
10.0021	-0.155857
10.0121	-0.156185
10.0221	-0.156513
10.0321	-0.156842
10.0421	-0.15717
10.0521	-0.1575
10.062	-0.157829
10.072	-0.15816
10.082	-0.15849
10.092	-0.158821
10.102	-0.159152
10.1119	-0.159484
10.1219	-0.159816
10.1319	-0.160149
10.1419	-0.160482
10.1519	-0.160815
10.1619	-0.161149
10.1718	-0.161483
10.1818	-0.161817
10.1918	-0.162152
10.2018	-0.162487
10.2118	-0.162823
10.2217	-0.163159
10.2317	-0.163496
10.2417	-0.163833
10.2517	-0.16417
10.2617	-0.164508
10.2717	-0.164846
10.2816	-0.165184
10.2916	-0.165523
10.3016	-0.165862
10.3116	-0.166202
10.3216	-0.166542
10.3315	-0.166883
10.3415	-0.167224
10.3515	-0.167565
10.3615	-0.167907
10.3715	-0.168249
10.3815	-0.168591
10.3914	-0.168934
10.4014	-0.169278
10.4114	-0.169622
10.4214	-0.169966
10.4314	-0.17031
10.4413	-0.170655
10.4513	-0.171001
10.4613	-0.171346
10.4713	-0.171693
10.4813	-0.172039
10.4913	-0.172386
10.5012	-0.172734
10.5112	-0.173082
10.5212	-0.17343
10.5312	-0.173778
10.5412	-0.174128
10.5512	-0.174477
10.5611	-0.174827
10.5711	-0.175177
10.5811	-0.175528
10.5911	-0.175879
10.6011	-0.17623
10.611	-0.176582
10.621	-0.176935
10.631	-0.177287
10.641	-0.177641
10.651	-0.177994
10.661	-0.178348
10.6709	-0.178703
10.6809	-0.179057
10.6909	-0.179413
10.7009	-0.179768
10.7109	-0.180124
10.7208	-0.180481
10.7308	-0.180838
10.7408	-0.181195
10.7508	-0.181553
10.7608	-0.181911
10.7708	-0.182269
10.7807	-0.182628
10.7907	-0.182988
10.8007	-0.183347
10.8107	-0.183707
10.8207	-0.184068
10.8306	-0.184429
10.8406	-0.184791
10.8506	-0.185152
10.8606	-0.185515
10.8706	-0.185877
10.8806	-0.18624
10.8905	-0.186604
10.9005	-0.186968
10.9105	-0.187332
10.9205	-0.187697
10.9305	-0.188062
10.9404	-0.188428
10.9504	-0.188794
10.9604	-0.18916
10.9704	-0.189527
10.9804	-0.189894
10.9904	-0.190262
11.0003	-0.19063
11.0103	-0.190999
11.0203	-0.191368
11.0303	-0.191737
11.0403	-0.192107
11.0503	-0.192477
11.0602	-0.192848
11.0702	-0.193219
11.0802	-0.19359
11.0902	-0.193962
11.1002	-0.194335
11.1101	-0.194707
11.1201	-0.195081
11.1301	-0.195454
11.1401	-0.195828
11.1501	-0.196203
11.1601	-0.196578
11.17	-0.196953
11.18	-0.197329
11.19	-0.197705
11.2	-0.198081
11.21	-0.198458
11.2199	-0.198836
11.2299	-0.199214
11.2399	-0.199592
11.2499	-0.199971
11.2599	-0.20035
11.2699	-0.200729
11.2798	-0.201109
11.2898	-0.20149
11.2998	-0.201871
11.3098	-0.202252
11.3198	-0.202634
11.3297	-0.203016
11.3397	-0.203398
11.3497	-0.203781
11.3597	-0.204165
11.3697	-0.204549
11.3797	-0.204933
11.3896	-0.205318
11.3996	-0.205703
11.4096	-0.206088
11.4196	-0.206474
11.4296	-0.206861
11.4395	-0.207248
11.4495	-0.207635
11.4595	-0.208023
11.4695	-0.208411
11.4795	-0.208799
11.4895	-0.209189
11.4994	-0.209578
11.5094	-0.209968
11.5194	-0.210358
11.5294	-0.210749
11.5394	-0.21114
11.5493	-0.211532
11.5593	-0.211924
11.5693	-0.212316
11.5793	-0.212709
11.5893	-0.213103
11.5993	-0.213497
11.6092	-0.213891
11.6192	-0.214286
11.6292	-0.214681
11.6392	-0.215076
11.6492	-0.215472
11.6592	-0.215869
11.6691	-0.216266
11.6791	-0.216663
11.6891	-0.217061
11.6991	-0.217459
11.7091	-0.217858
11.719	-0.218257
11.729	-0.218656
11.739	-0.219056
11.749	-0.219456
11.759	-0.219857
11.769	-0.220259
11.7789	-0.22066
11.7889	-0.221063
11.7989	-0.221465
11.8089	-0.221868
11.8189	-0.222272
11.8288	-0.222676
11.8388	-0.22308
11.8488	-0.223485
11.8588	-0.22389
11.8688	-0.224296
11.8788	-0.224702
11.8887	-0.225109
11.8987	-0.225516
11.9087	-0.225923
11.9187	-0.226331
11.9287	-0.226739
11.9386	-0.227148
11.9486	-0.227557
11.9586	-0.227967
11.9686	-0.228377
11.9786	-0.228788
11.9886	-0.229199
11.9985	-0.229611
12.0085	-0.230023
12.0185	-0.230435
12.0285	-0.230848
12.0385	-0.231261
12.0484	-0.231675
12.0584	-0.232089
12.0684	-0.232504
12.0784	-0.232919
12.0884	-0.233334
12.0984	-0.23375
12.1083	-0.234167
12.1183	-0.234584
12.1283	-0.235001
12.1383	-0.235419
12.1483	-0.235837
12.1583	-0.236256
12.1682	-0.236675
12.1782	-0.237095
12.1882	-0.237515
12.1982	-0.237935
12.2082	-0.238356
12.2181	-0.238778
12.2281	-0.2392
12.2381	-0.239622
12.2481	-0.240045
12.2581	-0.240468
12.2681	-0.240892
12.278	-0.241316
12.288	-0.24174
12.298	-0.242166
12.308	-0.242591
12.318	-0.243017
12.3279	-0.243444
12.3379	-0.24387
12.3479	-0.244298
12.3579	-0.244726
12.3679	-0.245154
12.3779	-0.245583
12.3878	-0.246012
12.3978	-0.246442
12.4078	-0.246872
12.4178	-0.247302
12.4278	-0.247733
12.4377	-0.248165
12.4477	-0.248597
12.4577	-0.249029
12.4677	-0.249462
12.4777	-0.249895
12.4877	-0.250329
12.4976	-0.250764
12.5076	-0.251198
12.5176	-0.251634
12.5276	-0.252069
12.5376	-0.252505
12.5475	-0.252942
12.5575	-0.253379
12.5675	-0.253817
12.5775	-0.254255
12.5875	-0.254693
12.5975	-0.255132
12.6074	-0.255571
12.6174	-0.256011
12.6274	-0.256451
12.6374	-0.256892
12.6474	-0.257334
12.6574	-0.257775
12.6673	-0.258217
12.6773	-0.25866
12.6873	-0.259103
12.6973	-0.259547
12.7073	-0.259991
12.7172	-0.260436
12.7272	-0.260881
12.7372	-0.261326
12.7472	-0.261772
12.7572	-0.262218
12.7672	-0.262665
12.7771	-0.263113
12.7871	-0.263561
12.7971	-0.264009
12.8071	-0.264458
12.8171	-0.264907
12.827	-0.265357
12.837	-0.265807
12.847	-0.266258
12.857	-0.266709
12.867	-0.26716
12.877	-0.267612
12.8869	-0.268065
12.8969	-0.268518
12.9069	-0.268972
12.9169	-0.269426
12.9269	-0.26988
12.9368	-0.270335
12.9468	-0.27079
12.9568	-0.271246
12.9668	-0.271703
12.9768	-0.27216
12.9868	-0.272617
12.9967	-0.273075
13.0067	-0.273533
13.0167	-0.273992
13.0267	-0.274451
13.0367	-0.274911
13.0466	-0.275371
13.0566	-0.275832
13.0666	-0.276293
13.0766	-0.276755
13.0866	-0.277217
13.0966	-0.27768
13.1065	-0.278143
13.1165	-0.278606
13.1265	-0.27907
13.1365	-0.279535
13.1465	-0.28
13.1565	-0.280466
13.1664	-0.280932
13.1764	-0.281398
13.1864	-0.281865
13.1964	-0.282333
13.2064	-0.282801
13.2163	-0.283269
13.2263	-0.283738
13.2363	-0.284207
13.2463	-0.284677
13.2563	-0.285148
13.2663	-0.285619
13.2762	-0.28609
13.2862	-0.286562
13.2962	-0.287034
13.3062	-0.287507
13.3162	-0.28798
13.3261	-0.288454
13.3361	-0.288928
13.3461	-0.289403
13.3561	-0.289879
13.3661	-0.290354
13.3761	-0.290831
13.386	-0.291307
13.396	-0.291785
13.406	-0.292262
13.416	-0.292741
13.426	-0.293219
13.4359	-0.293699
13.4459	-0.294178
13.4559	-0.294659
13.4659	-0.295139
13.4759	-0.295621
13.4859	-0.296102
13.4958	-0.296584
13.5058	-0.297067
13.5158	-0.29755
13.5258	-0.298034
13.5358	-0.298518
13.5457	-0.299003
13.5557	-0.299488
13.5657	-0.299974
13.5757	-0.30046
13.5857	-0.300947
13.5957	-0.301434
13.6056	-0.301922
13.6156	-0.30241
13.6256	-0.302898
13.6356	-0.303388
13.6456	-0.303877
13.6556	-0.304367
13.6655	-0.304858
13.6755	-0.305349
13.6855	-0.305841
13.6955	-0.306333
13.7055	-0.306826
13.7154	-0.307319
13.7254	-0.307813
13.7354	-0.308307
13.7454	-0.308802
13.7554	-0.309297
13.7654	-0.309793
13.7753	-0.310289
13.7853	-0.310786
13.7953	-0.311283
13.8053	-0.311781
13.8153	-0.312279
13.8252	-0.312778
13.8352	-0.313277
13.8452	-0.313777
13.8552	-0.314277
13.8652	-0.314778
13.8752	-0.315279
13.8851	-0.315781
13.8951	-0.316283
13.9051	-0.316786
13.9151	-0.31729
13.9251	-0.317793
13.935	-0.318298
13.945	-0.318803
13.955	-0.319308
13.965	-0.319814
13.975	-0.32032
13.985	-0.320827
13.9949	-0.321335
14.0049	-0.321843
14.0149	-0.322351
14.0249	-0.32286
14.0349	-0.32337
14.0448	-0.32388
14.0548	-0.32439
14.0648	-0.324901
14.0748	-0.325413
14.0848	-0.325925
14.0948	-0.326438
14.1047	-0.326951
14.1147	-0.327464
14.1247	-0.327978
14.1347	-0.328493
14.1447	-0.329008
14.1547	-0.329524
14.1646	-0.33004
14.1746	-0.330557
14.1846	-0.331074
14.1946	-0.331592
14.2046	-0.33211
14.2145	-0.332629
14.2245	-0.333149
14.2345	-0.333669
14.2445	-0.334189
14.2545	-0.33471
14.2645	-0.335231
14.2744	-0.335753
14.2844	-0.336276
14.2944	-0.336799
14.3044	-0.337322
14.3144	-0.337846
14.3243	-0.338371
14.3343	-0.338896
14.3443	-0.339422
14.3543	-0.339948
14.3643	-0.340475
14.3743	-0.341002
14.3842	-0.34153
14.3942	-0.342058
14.4042	-0.342587
14.4142	-0.343116
14.4242	-0.343646
14.4341	-0.344177
14.4441	-0.344708
14.4541	-0.345239
14.4641	-0.345771
14.4741	-0.346304
14.4841	-0.346837
14.494	-0.34737
14.504	-0.347904
14.514	-0.348439
14.524	-0.348974
14.534	-0.34951
14.5439	-0.350046
14.5539	-0.350583
14.5639	-0.35112
14.5739	-0.351658
14.5839	-0.352197
14.5939	-0.352736
14.6038	-0.353275
14.6138	-0.353815
14.6238	-0.354356
14.6338	-0.354897
14.6438	-0.355438
14.6538	-0.355981
14.6637	-0.356523
14.6737	-0.357067
14.6837	-0.35761
14.6937	-0.358155
14.7037	-0.3587
14.7136	-0.359245
14.7236	-0.359791
14.7336	-0.360337
14.7436	-0.360884
14.7536	-0.361432
14.7636	-0.36198
14.7735	-0.362529
14.7835	-0.363078
14.7935	-0.363628
14.8035	-0.364178
14.8135	-0.364729
14.8234	-0.36528
14.8334	-0.365832
14.8434	-0.366385
14.8534	-0.366938
14.8634	-0.367491
14.8734	-0.368045
14.8833	-0.3686
14.8933	-0.369155
14.9033	-0.369711
14.9133	-0.370267
14.9233	-0.370824
14.9332	-0.371382
14.9432	-0.37194
14.9532	-0.372498
14.9632	-0.373057
14.9732	-0.373617
14.9832	-0.374177
14.9931	-0.374738
15.0031	-0.375299
15.0131	-0.375861
15.0231	-0.376423
15.0331	-0.376986
15.043	-0.37755
15.053	-0.378114
15.063	-0.378678
15.073	-0.379243
15.083	-0.379809
15.093	-0.380375
15.1029	-0.380942
15.1129	-0.38151
15.1229	-0.382077
15.1329	-0.382646
15.1429	-0.383215
15.1529	-0.383785
15.1628	-0.384355
15.1728	-0.384925
15.1828	-0.385497
15.1928	-0.386069
15.2028	-0.386641
15.2127	-0.387214
15.2227	-0.387787
15.2327	-0.388362
15.2427	-0.388936
15.2527	-0.389511
15.2627	-0.390087
15.2726	-0.390664
15.2826	-0.39124
15.2926	-0.391818
15.3026	-0.392396
15.3126	-0.392975
15.3225	-0.393554
15.3325	-0.394133
15.3425	-0.394714
15.3525	-0.395295
15.3625	-0.395876
15.3725	-0.396458
15.3824	-0.397041
15.3924	-0.397624
15.4024	-0.398207
15.4124	-0.398792
15.4224	-0.399376
15.4323	-0.399962
15.4423	-0.400548
15.4523	-0.401134
15.4623	-0.401722
15.4723	-0.402309
15.4823	-0.402897
15.4922	-0.403486
15.5022	-0.404076
15.5122	-0.404666
15.5222	-0.405256
15.5322	-0.405847
15.5421	-0.406439
15.5521	-0.407031
15.5621	-0.407624
15.5721	-0.408218
15.5821	-0.408812
15.5921	-0.409406
15.602	-0.410001
15.612	-0.410597
15.622	-0.411193
15.632	-0.41179
15.642	-0.412388
15.652	-0.412986
15.6619	-0.413585
15.6719	-0.414184
15.6819	-0.414784
15.6919	-0.415384
15.7019	-0.415985
15.7118	-0.416586
15.7218	-0.417189
15.7318	-0.417791
15.7418	-0.418395
15.7518	-0.418998
15.7618	-0.419603
15.7717	-0.420208
15.7817	-0.420814
15.7917	-0.42142
15.8017	-0.422027
15.8117	-0.422634
15.8216	-0.423242
15.8316	-0.42385
15.8416	-0.42446
15.8516	-0.425069
15.8616	-0.42568
15.8716	-0.426291
15.8815	-0.426902
15.8915	-0.427514
15.9015	-0.428127
15.9115	-0.42874
15.9215	-0.429354
15.9314	-0.429968
15.9414	-0.430583
15.9514	-0.431199
15.9614	-0.431815
15.9714	-0.432432
15.9814	-0.433049
15.9913	-0.433667
16.0013	-0.434286
16.0113	-0.434905
16.0213	-0.435525
16.0313	-0.436145
16.0412	-0.436766
16.0512	-0.437388
16.0612	-0.43801
16.0712	-0.438633
16.0812	-0.439256
16.0912	-0.43988
16.1011	-0.440505
16.1111	-0.44113
16.1211	-0.441756
16.1311	-0.442382
16.1411	-0.443009
16.1511	-0.443637
16.161	-0.444265
16.171	-0.444894
16.181	-0.445523
16.191	-0.446153
16.201	-0.446784
16.2109	-0.447415
16.2209	-0.448046
16.2309	-0.448679
16.2409	-0.449312
16.2509	-0.449945
16.2609	-0.45058
16.2708	-0.451214
16.2808	-0.45185
16.2908	-0.452486
16.3008	-0.453123
16.3108	-0.45376
16.3207	-0.454398
16.3307	-0.455036
16.3407	-0.455675
16.3507	-0.456315
16.3607	-0.456955
16.3707	-0.457596
16.3806	-0.458238
16.3906	-0.45888
16.4006	-0.459522
16.4106	-0.460166
16.4206	-0.46081
16.4305	-0.461454
16.4405	-0.462099
16.4505	-0.462745
16.4605	-0.463392
16.4705	-0.464039
16.4805	-0.464686
16.4904	-0.465335
16.5004	-0.465984
16.5104	-0.466633
16.5204	-0.467283
16.5304	-0.467934
16.5403	-0.468585
16.5503	-0.469237
16.5603	-0.46989
16.5703	-0.470543
16.5803	-0.471197
16.5903	-0.471851
16.6002	-0.472506
16.6102	-0.473162
16.6202	-0.473818
16.6302	-0.474475
16.6402	-0.475133
16.6502	-0.475791
16.6601	-0.47645
16.6701	-0.477109
16.6801	-0.477769
16.6901	-0.47843
16.7001	-0.479091
16.71	-0.479753
16.72	-0.480416
16.73	-0.481079
16.74	-0.481743
16.75	-0.482407
16.76	-0.483072
16.7699	-0.483738
16.7799	-0.484404
16.7899	-0.485071
16.7999	-0.485739
16.8099	-0.486407
16.8198	-0.487076
16.8298	-0.487746
16.8398	-0.488416
16.8498	-0.489086
16.8598	-0.489758
16.8698	-0.49043
16.8797	-0.491102
16.8897	-0.491776
16.8997	-0.49245
16.9097	-0.493124
16.9197	-0.493799
16.9296	-0.494475
16.9396	-0.495152
16.9496	-0.495829
16.9596	-0.496507
16.9696	-0.497185
16.9796	-0.497864
16.9895	-0.498544
16.9995	-0.499224
17.0095	-0.499905
17.0195	-0.500586
17.0295	-0.501269
17.0394	-0.501952
17.0494	-0.502635
17.0594	-0.503319
17.0694	-0.504004
17.0794	-0.504689
17.0894	-0.505376
17.0993	-0.506062
17.1093	-0.50675
17.1193	-0.507438
17.1293	-0.508126
17.1393	-0.508816
17.1492	-0.509506
17.1592	-0.510196
17.1692	-0.510887
17.1792	-0.511579
17.1892	-0.512272
17.1992	-0.512965
17.2091	-0.513659
17.2191	-0.514353
17.2291	-0.515049
17.2391	-0.515744
17.2491	-0.516441
17.2591	-0.517138
17.269	-0.517836
17.279	-0.518534
17.289	-0.519233
17.299	-0.519933
17.309	-0.520633
17.3189	-0.521334
17.3289	-0.522036
17.3389	-0.522738
17.3489	-0.523441
17.3589	-0.524145
17.3689	-0.524849
17.3788	-0.525554
17.3888	-0.52626
17.3988	-0.526966
17.4088	-0.527673
17.4188	-0.528381
17.4287	-0.529089
17.4387	-0.529798
17.4487	-0.530507
17.4587	-0.531218
17.4687	-0.531928
17.4787	-0.53264
17.4886	-0.533352
17.4986	-0.534065
17.5086	-0.534779
17.5186	-0.535493
17.5286	-0.536208
17.5385	-0.536923
17.5485	-0.53764
17.5585	-0.538357
17.5685	-0.539074
17.5785	-0.539792
17.5885	-0.540511
17.5984	-0.541231
17.6084	-0.541951
17.6184	-0.542672
17.6284	-0.543393
17.6384	-0.544116
17.6483	-0.544839
17.6583	-0.545562
17.6683	-0.546286
17.6783	-0.547011
17.6883	-0.547737
17.6983	-0.548463
17.7082	-0.54919
17.7182	-0.549918
17.7282	-0.550646
17.7382	-0.551375
17.7482	-0.552105
17.7582	-0.552835
17.7681	-0.553566
17.7781	-0.554298
17.7881	-0.55503
17.7981	-0.555763
17.8081	-0.556497
17.818	-0.557231
17.828	-0.557966
17.838	-0.558702
17.848	-0.559438
17.858	-0.560176
17.868	-0.560913
17.8779	-0.561652
17.8879	-0.562391
17.8979	-0.563131
17.9079	-0.563871
17.9179	-0.564613
17.9278	-0.565355
17.9378	-0.566097
17.9478	-0.56684
17.9578	-0.567584
17.9678	-0.568329
17.9778	-0.569074
17.9877	-0.56982
17.9977	-0.570567
18.0077	-0.571314
18.0177	-0.572063
18.0277	-0.572811
18.0376	-0.573561
18.0476	-0.574311
18.0576	-0.575062
18.0676	-0.575813
18.0776	-0.576566
18.0876	-0.577319
18.0975	-0.578072
18.1075	-0.578826
18.1175	-0.579581
18.1275	-0.580337
18.1375	-0.581094
18.1474	-0.581851
18.1574	-0.582608
18.1674	-0.583367
18.1774	-0.584126
18.1874	-0.584886
18.1974	-0.585647
18.2073	-0.586408
18.2173	-0.58717
18.2273	-0.587933
18.2373	-0.588696
18.2473	-0.58946
18.2573	-0.590225
18.2672	-0.59099
18.2772	-0.591756
18.2872	-0.592523
18.2972	-0.593291
18.3072	-0.594059
18.3171	-0.594828
18.3271	-0.595598
18.3371	-0.596368
18.3471	-0.597139
18.3571	-0.597911
18.3671	-0.598684
18.377	-0.599457
18.387	-0.600231
18.397	-0.601006
18.407	-0.601781
18.417	-0.602557
18.4269	-0.603334
18.4369	-0.604111
18.4469	-0.60489
18.4569	-0.605669
18.4669	-0.606448
18.4769	-0.607229
18.4868	-0.60801
18.4968	-0.608791
18.5068	-0.609574
18.5168	-0.610357
18.5268	-0.611141
18.5367	-0.611926
18.5467	-0.612711
18.5567	-0.613497
18.5667	-0.614284
18.5767	-0.615071
18.5867	-0.61586
18.5966	-0.616649
18.6066	-0.617438
18.6166	-0.618229
18.6266	-0.61902
18.6366	-0.619811
18.6465	-0.620604
18.6565	-0.621397
18.6665	-0.622191
18.6765	-0.622986
18.6865	-0.623781
18.6965	-0.624578
18.7064	-0.625374
18.7164	-0.626172
18.7264	-0.62697
18.7364	-0.627769
18.7464	-0.628569
18.7564	-0.62937
18.7663	-0.630171
18.7763	-0.630973
18.7863	-0.631776
18.7963	-0.632579
18.8063	-0.633383
18.8162	-0.634188
18.8262	-0.634994
18.8362	-0.6358
18.8462	-0.636607
18.8562	-0.637415
18.8662	-0.638224
18.8761	-0.639033
18.8861	-0.639843
18.8961	-0.640654
18.9061	-0.641465
18.9161	-0.642277
18.926	-0.64309
18.936	-0.643904
18.946	-0.644718
18.956	-0.645534
18.966	-0.64635
18.976	-0.647166
18.9859	-0.647984
18.9959	-0.648802
19.0059	-0.649621
19.0159	-0.65044
19.0259	-0.651261
19.0358	-0.652082
19.0458	-0.652903
19.0558	-0.653726
19.0658	-0.654549
19.0758	-0.655373
19.0858	-0.656198
19.0957	-0.657024
19.1057	-0.65785
19.1157	-0.658677
19.1257	-0.659505
19.1357	-0.660333
19.1456	-0.661163
19.1556	-0.661993
19.1656	-0.662824
19.1756	-0.663655
19.1856	-0.664487
19.1956	-0.66532
19.2055	-0.666154
19.2155	-0.666989
19.2255	-0.667824
19.2355	-0.66866
19.2455	-0.669497
19.2555	-0.670334
19.2654	-0.671173
19.2754	-0.672012
19.2854	-0.672852
19.2954	-0.673692
19.3054	-0.674533
19.3153	-0.675376
19.3253	-0.676218
19.3353	-0.677062
19.3453	-0.677906
19.3553	-0.678751
19.3653	-0.679597
19.3752	-0.680444
19.3852	-0.681291
19.3952	-0.68214
19.4052	-0.682988
19.4152	-0.683838
19.4251	-0.684689
19.4351	-0.68554
19.4451	-0.686392
19.4551	-0.687244
19.4651	-0.688098
19.4751	-0.688952
19.485	-0.689807
19.495	-0.690663
19.505	-0.69152
19.515	-0.692377
19.525	-0.693235
19.5349	-0.694094
19.5449	-0.694954
19.5549	-0.695814
19.5649	-0.696675
19.5749	-0.697537
19.5849	-0.6984
19.5948	-0.699263
19.6048	-0.700128
19.6148	-0.700993
19.6248	-0.701858
19.6348	-0.702725
19.6447	-0.703592
19.6547	-0.70446
19.6647	-0.705329
19.6747	-0.706199
19.6847	-0.70707
19.6947	-0.707941
19.7046	-0.708813
19.7146	-0.709686
19.7246	-0.710559
19.7346	-0.711433
19.7446	-0.712309
19.7546	-0.713185
19.7645	-0.714061
19.7745	-0.714939
19.7845	-0.715817
19.7945	-0.716696
19.8045	-0.717576
19.8144	-0.718456
19.8244	-0.719338
19.8344	-0.72022
19.8444	-0.721103
19.8544	-0.721987
19.8644	-0.722871
19.8743	-0.723757
19.8843	-0.724643
19.8943	-0.72553
19.9043	-0.726417
19.9143	-0.727306
19.9242	-0.728195
19.9342	-0.729085
19.9442	-0.729976
19.9542	-0.730868
19.9642	-0.73176
19.9742	-0.732653
19.9841	-0.733547
19.9941	-0.734442
20.0041	-0.735338
20.0141	-0.736234
20.0241	-0.737131
20.034	-0.738029
20.044	-0.738928
20.054	-0.739828
20.064	-0.740728
20.074	-0.741629
20.084	-0.742531
20.0939	-0.743434
20.1039	-0.744337
20.1139	-0.745242
20.1239	-0.746147
20.1339	-0.747053
20.1438	-0.74796
20.1538	-0.748867
20.1638	-0.749776
20.1738	-0.750685
20.1838	-0.751595
20.1938	-0.752506
20.2037	-0.753417
20.2137	-0.75433
20.2237	-0.755243
20.2337	-0.756157
20.2437	-0.757072
20.2537	-0.757987
20.2636	-0.758904
20.2736	-0.759821
20.2836	-0.760739
20.2936	-0.761658
20.3036	-0.762578
20.3135	-0.763498
20.3235	-0.76442
20.3335	-0.765342
20.3435	-0.766265
20.3535	-0.767188
20.3635	-0.768113
20.3734	-0.769038
20.3834	-0.769964
20.3934	-0.770891
20.4034	-0.771819
20.4134	-0.772748
20.4233	-0.773677
20.4333	-0.774608
20.4433	-0.775539
20.4533	-0.776471
20.4633	-0.777403
20.4733	-0.778337
20.4832	-0.779271
20.4932	-0.780206
20.5032	-0.781142
20.5132	-0.782079
20.5232	-0.783017
20.5331	-0.783955
20.5431	-0.784895
20.5531	-0.785835
20.5631	-0.786776
20.5731	-0.787718
20.5831	-0.78866
20.593	-0.789604
20.603	-0.790548
20.613	-0.791493
20.623	-0.792439
20.633	-0.793386
20.6429	-0.794333
20.6529	-0.795282
20.6629	-0.796231
20.6729	-0.797181
20.6829	-0.798132
20.6929	-0.799083
20.7028	-0.800036
20.7128	-0.800989
20.7228	-0.801944
20.7328	-0.802899
20.7428	-0.803855
20.7528	-0.804811
20.7627	-0.805769
20.7727	-0.806727
20.7827	-0.807687
20.7927	-0.808647
20.8027	-0.809608
20.8126	-0.810569
20.8226	-0.811532
20.8326	-0.812495
20.8426	-0.81346
20.8526	-0.814425
20.8626	-0.815391
20.8725	-0.816357
20.8825	-0.817325
20.8925	-0.818294
20.9025	-0.819263
20.9125	-0.820233
20.9224	-0.821204
20.9324	-0.822176
20.9424	-0.823149
20.9524	-0.824122
20.9624	-0.825097
20.9724	-0.826072
20.9823	-0.827048
20.9923	-0.828025
21.0023	-0.829003
21.0123	-0.829981
21.0223	-0.830961
21.0322	-0.831941
21.0422	-0.832922
21.0522	-0.833905
21.0622	-0.834887
21.0722	-0.835871
21.0822	-0.836856
21.0921	-0.837841
21.1021	-0.838828
21.1121	-0.839815
21.1221	-0.840803
21.1321	-0.841792
21.142	-0.842781
21.152	-0.843772
21.162	-0.844764
21.172	-0.845756
21.182	-0.846749
21.192	-0.847743
21.2019	-0.848738
21.2119	-0.849734
21.2219	-0.85073
21.2319	-0.851728
21.2419	-0.852726
21.2519	-0.853725
21.2618	-0.854726
21.2718	-0.855727
21.2818	-0.856728
21.2918	-0.857731
21.3018	-0.858735
21.3117	-0.859739
21.3217	-0.860744
21.3317	-0.86175
21.3417	-0.862757
21.3517	-0.863765
21.3617	-0.864774
21.3716	-0.865784
21.3816	-0.866794
21.3916	-0.867805
21.4016	-0.868818
21.4116	-0.869831
21.4215	-0.870845
21.4315	-0.87186
21.4415	-0.872875
21.4515	-0.873892
21.4615	-0.874909
21.4715	-0.875928
21.4814	-0.876947
21.4914	-0.877967
21.5014	-0.878988
21.5114	-0.88001
21.5214	-0.881033
21.5313	-0.882056
21.5413	-0.883081
21.5513	-0.884106
21.5613	-0.885133
21.5713	-0.88616
21.5813	-0.887188
21.5912	-0.888217
21.6012	-0.889246
21.6112	-0.890277
21.6212	-0.891309
21.6312	-0.892341
21.6411	-0.893374
21.6511	-0.894409
21.6611	-0.895444
21.6711	-0.89648
21.6811	-0.897517
21.6911	-0.898554
21.701	-0.899593
21.711	-0.900633
21.721	-0.901673
21.731	-0.902714
21.741	-0.903757
21.751	-0.9048
21.7609	-0.905844
21.7709	-0.906888
21.7809	-0.907934
21.7909	-0.908981
21.8009	-0.910029
21.8108	-0.911077
21.8208	-0.912126
21.8308	-0.913177
21.8408	-0.914228
21.8508	-0.91528
21.8608	-0.916333
21.8707	-0.917387
21.8807	-0.918441
21.8907	-0.919497
21.9007	-0.920554
21.9107	-0.921611
21.9206	-0.922669
21.9306	-0.923729
21.9406	-0.924789
21.9506	-0.92585
21.9606	-0.926912
21.9706	-0.927975
21.9805	-0.929038
21.9905	-0.930103
22.0005	-0.931169
22.0105	-0.932235
22.0205	-0.933302
22.0304	-0.934371
22.0404	-0.93544
22.0504	-0.93651
22.0604	-0.937581
22.0704	-0.938653
22.0804	-0.939726
22.0903	-0.9408
22.1003	-0.941874
22.1103	-0.94295
22.1203	-0.944026
22.1303	-0.945104
22.1402	-0.946182
22.1502	-0.947261
22.1602	-0.948341
22.1702	-0.949422
22.1802	-0.950504
22.1902	-0.951587
22.2001	-0.952671
22.2101	-0.953756
22.2201	-0.954841
22.2301	-0.955928
22.2401	-0.957015
22.2501	-0.958104
22.26	-0.959193
22.27	-0.960283
22.28	-0.961375
22.29	-0.962467
22.3	-0.96356
22.3099	-0.964654
22.3199	-0.965748
22.3299	-0.966844
22.3399	-0.967941
22.3499	-0.969038
22.3599	-0.970137
22.3698	-0.971236
22.3798	-0.972337
22.3898	-0.973438
22.3998	-0.97454
22.4098	-0.975644
22.4197	-0.976748
22.4297	-0.977853
22.4397	-0.978959
22.4497	-0.980066
22.4597	-0.981173
22.4697	-0.982282
22.4796	-0.983392
22.4896	-0.984503
22.4996	-0.985614
22.5096	-0.986727
22.5196	-0.98784
22.5295	-0.988954
22.5395	-0.99007
22.5495	-0.991186
22.5595	-0.992303
22.5695	-0.993421
22.5795	-0.99454
22.5894	-0.99566
22.5994	-0.996781
22.6094	-0.997903
22.6194	-0.999026
22.6294	-1.00015
22.6393	-1.00127
22.6493	-1.0024
22.6593	-1.00353
22.6693	-1.00465
22.6793	-1.00578
22.6893	-1.00691
22.6992	-1.00804
22.7092	-1.00917
22.7192	-1.01031
22.7292	-1.01144
22.7392	-1.01257
22.7491	-1.01371
22.7591	-1.01484
22.7691	-1.01598
22.7791	-1.01712
22.7891	-1.01826
22.7991	-1.0194
22.809	-1.02054
22.819	-1.02168
22.829	-1.02282
22.839	-1.02397
22.849	-1.02511
22.859	-1.02626
22.8689	-1.0274
22.8789	-1.02855
22.8889	-1.0297
22.8989	-1.03085
22.9089	-1.032
22.9188	-1.03315
22.9288	-1.0343
22.9388	-1.03546
22.9488	-1.03661
22.9588	-1.03776
22.9688	-1.03892
22.9787	-1.04008
22.9887	-1.04124
22.9987	-1.04239
23.0087	-1.04355
23.0187	-1.04472
23.0286	-1.04588
23.0386	-1.04704
23.0486	-1.0482
23.0586	-1.04937
23.0686	-1.05053
23.0786	-1.0517
23.0885	-1.05287
23.0985	-1.05404
23.1085	-1.05521
23.1185	-1.05638
23.1285	-1.05755
23.1384	-1.05872
23.1484	-1.05989
23.1584	-1.06107
23.1684	-1.06224
23.1784	-1.06342
23.1884	-1.0646
23.1983	-1.06578
23.2083	-1.06696
23.2183	-1.06814
23.2283	-1.06932
23.2383	-1.0705
23.2482	-1.07168
23.2582	-1.07287
23.2682	-1.07405
23.2782	-1.07524
23.2882	-1.07642
23.2982	-1.07761
23.3081	-1.0788
23.3181	-1.07999
23.3281	-1.08118
23.3381	-1.08237
23.3481	-1.08357
23.3581	-1.08476
23.368	-1.08596
23.378	-1.08715
23.388	-1.08835
23.398	-1.08955
23.408	-1.09075
23.4179	-1.09195
23.4279	-1.09315
23.4379	-1.09435
23.4479	-1.09555
23.4579	-1.09676
23.4679	-1.09796
23.4778	-1.09917
23.4878	-1.10037
23.4978	-1.10158
23.5078	-1.10279
23.5178	-1.104
23.5277	-1.10521
23.5377	-1.10642
23.5477	-1.10763
23.5577	-1.10885
23.5677	-1.11006
23.5777	-1.11128
23.5876	-1.11249
23.5976	-1.11371
23.6076	-1.11493
23.6176	-1.11615
23.6276	-1.11737
23.6375	-1.11859
23.6475	-1.11981
23.6575	-1.12104
23.6675	-1.12226
23.6775	-1.12349
23.6875	-1.12472
23.6974	-1.12594
23.7074	-1.12717
23.7174	-1.1284
23.7274	-1.12963
23.7374	-1.13086
23.7473	-1.1321
23.7573	-1.13333
23.7673	-1.13456
23.7773	-1.1358
23.7873	-1.13704
23.7973	-1.13827
23.8072	-1.13951
23.8172	-1.14075
23.8272	-1.14199
23.8372	-1.14323
23.8472	-1.14448
23.8572	-1.14572
23.8671	-1.14697
23.8771	-1.14821
23.8871	-1.14946
23.8971	-1.15071
23.9071	-1.15195
23.917	-1.1532
23.927	-1.15445
23.937	-1.15571
23.947	-1.15696
23.957	-1.15821
23.967	-1.15947
23.9769	-1.16072
23.9869	-1.16198
23.9969	-1.16324
24.0069	-1.1645
24.0169	-1.16576
24.0268	-1.16702
24.0368	-1.16828
24.0468	-1.16954
24.0568	-1.17081
24.0668	-1.17207
24.0768	-1.17334
24.0867	-1.1746
24.0967	-1.17587
24.1067	-1.17714
24.1167	-1.17841
24.1267	-1.17968
24.1366	-1.18095
24.1466	-1.18223
24.1566	-1.1835
24.1666	-1.18478
24.1766	-1.18605
24.1866	-1.18733
24.1965	-1.18861
24.2065	-1.18989
24.2165	-1.19117
24.2265	-1.19245
24.2365	-1.19373
24.2464	-1.19502
24.2564	-1.1963
24.2664	-1.19759
24.2764	-1.19887
24.2864	-1.20016
24.2964	-1.20145
24.3063	-1.20274
24.3163	-1.20403
24.3263	-1.20532
24.3363	-1.20661
24.3463	-1.20791
24.3563	-1.2092
24.3662	-1.2105
24.3762	-1.21179
24.3862	-1.21309
24.3962	-1.21439
24.4062	-1.21569
24.4161	-1.21699
24.4261	-1.21829
24.4361	-1.2196
24.4461	-1.2209
24.4561	-1.22221
24.4661	-1.22351
24.476	-1.22482
24.486	-1.22613
24.496	-1.22744
24.506	-1.22875
24.516	-1.23006
24.5259	-1.23137
24.5359	-1.23268
24.5459	-1.234
24.5559	-1.23531
24.5659	-1.23663
24.5759	-1.23795
24.5858	-1.23927
24.5958	-1.24059
24.6058	-1.24191
24.6158	-1.24323
24.6258	-1.24455
24.6357	-1.24588
24.6457	-1.2472
24.6557	-1.24853
24.6657	-1.24985
24.6757	-1.25118
24.6857	-1.25251
24.6956	-1.25384
24.7056	-1.25517
24.7156	-1.25651
24.7256	-1.25784
24.7356	-1.25917
24.7455	-1.26051
24.7555	-1.26185
24.7655	-1.26318
24.7755	-1.26452
24.7855	-1.26586
24.7955	-1.2672
24.8054	-1.26854
24.8154	-1.26989
24.8254	-1.27123
24.8354	-1.27258
24.8454	-1.27392
24.8554	-1.27527
24.8653	-1.27662
24.8753	-1.27797
24.8853	-1.27932
24.8953	-1.28067
24.9053	-1.28202
24.9152	-1.28337
24.9252	-1.28473
24.9352	-1.28609
24.9452	-1.28744
24.9552	-1.2888
24.9652	-1.29016
24.9751	-1.29152
24.9851	-1.29288
24.9951	-1.29424
25.0051	-1.2956
25.0151	-1.29697
25.025	-1.29833
25.035	-1.2997
25.045	-1.30107
25.055	-1.30244
25.065	-1.30381
25.075	-1.30518
25.0849	-1.30655
25.0949	-1.30792
25.1049	-1.30929
25.1149	-1.31067
25.1249	-1.31205
25.1348	-1.31342
25.1448	-1.3148
25.1548	-1.31618
25.1648	-1.31756
25.1748	-1.31894
25.1848	-1.32032
25.1947	-1.32171
25.2047	-1.32309
25.2147	-1.32448
25.2247	-1.32586
25.2347	-1.32725
25.2446	-1.32864
25.2546	-1.33003
25.2646	-1.33142
25.2746	-1.33281
25.2846	-1.33421
25.2946	-1.3356
25.3045	-1.337
25.3145	-1.33839
25.3245	-1.33979
25.3345	-1.34119
25.3445	-1.34259
25.3545	-1.34399
25.3644	-1.34539
25.3744	-1.34679
25.3844	-1.3482
25.3944	-1.3496
25.4044	-1.35101
25.4143	-1.35242
25.4243	-1.35383
25.4343	-1.35524
25.4443	-1.35665
25.4543	-1.35806
25.4643	-1.35947
25.4742	-1.36088
25.4842	-1.3623
25.4942	-1.36372
25.5042	-1.36513
25.5142	-1.36655
25.5241	-1.36797
25.5341	-1.36939
25.5441	-1.37081
25.5541	-1.37223
25.5641	-1.37366
25.5741	-1.37508
25.584	-1.37651
25.594	-1.37794
25.604	-1.37936
25.614	-1.38079
25.624	-1.38222
25.6339	-1.38366
25.6439	-1.38509
25.6539	-1.38652
25.6639	-1.38796
25.6739	-1.38939
25.6839	-1.39083
25.6938	-1.39227
25.7038	-1.39371
25.7138	-1.39515
25.7238	-1.39659
25.7338	-1.39803
25.7437	-1.39947
25.7537	-1.40092
25.7637	-1.40236
25.7737	-1.40381
25.7837	-1.40526
25.7937	-1.40671
25.8036	-1.40816
25.8136	-1.40961
25.8236	-1.41106
25.8336	-1.41251
25.8436	-1.41397
25.8536	-1.41542
25.8635	-1.41688
25.8735	-1.41834
25.8835	-1.4198
25.8935	-1.42126
25.9035	-1.42272
25.9134	-1.42418
25.9234	-1.42565
25.9334	-1.42711
25.9434	-1.42858
25.9534	-1.43004
25.9634	-1.43151
25.9733	-1.43298
25.9833	-1.43445
25.9933	-1.43592
26.0033	-1.43739
26.0133	-1.43887
26.0232	-1.44034
26.0332	-1.44182
26.0432	-1.44329
26.0532	-1.44477
26.0632	-1.44625
26.0732	-1.44773
26.0831	-1.44921
26.0931	-1.45069
26.1031	-1.45218
26.1131	-1.45366
26.1231	-1.45515
26.133	-1.45663
26.143	-1.45812
26.153	-1.45961
26.163	-1.4611
26.173	-1.46259
26.183	-1.46409
26.1929	-1.46558
26.2029	-1.46707
26.2129	-1.46857
26.2229	-1.47007
26.2329	-1.47157
26.2428	-1.47306
26.2528	-1.47457
26.2628	-1.47607
26.2728	-1.47757
26.2828	-1.47907
26.2928	-1.48058
26.3027	-1.48208
26.3127	-1.48359
26.3227	-1.4851
26.3327	-1.48661
26.3427	-1.48812
26.3527	-1.48963
26.3626	-1.49114
26.3726	-1.49266
26.3826	-1.49417
26.3926	-1.49569
26.4026	-1.49721
26.4125	-1.49873
26.4225	-1.50024
26.4325	-1.50177
26.4425	-1.50329
26.4525	-1.50481
26.4625	-1.50633
26.4724	-1.50786
26.4824	-1.50939
26.4924	-1.51091
26.5024	-1.51244
26.5124	-1.51397
26.5223	-1.5155
26.5323	-1.51704
26.5423	-1.51857
26.5523	-1.5201
26.5623	-1.52164
26.5723	-1.52318
26.5822	-1.52471
26.5922	-1.52625
26.6022	-1.52779
26.6122	-1.52933
26.6222	-1.53088
26.6321	-1.53242
26.6421	-1.53396
26.6521	-1.53551
26.6621	-1.53706
26.6721	-1.5386
26.6821	-1.54015
26.692	-1.5417
26.702	-1.54326
26.712	-1.54481
26.722	-1.54636
26.732	-1.54792
26.7419	-1.54947
26.7519	-1.55103
26.7619	-1.55259
26.7719	-1.55415
26.7819	-1.55571
26.7919	-1.55727
26.8018	-1.55883
26.8118	-1.5604
26.8218	-1.56196
26.8318	-1.56353
26.8418	-1.5651
26.8518	-1.56667
26.8617	-1.56824
26.8717	-1.56981
26.8817	-1.57138
26.8917	-1.57295
26.9017	-1.57453
26.9116	-1.5761
26.9216	-1.57768
26.9316	-1.57926
26.9416	-1.58084
26.9516	-1.58242
26.9616	-1.584
26.9715	-1.58558
26.9815	-1.58717
26.9915	-1.58875
27.0015	-1.59034
27.0115	-1.59192
27.0214	-1.59351
27.0314	-1.5951
27.0414	-1.59669
27.0514	-1.59828
27.0614	-1.59988
27.0714	-1.60147
27.0813	-1.60307
27.0913	-1.60466
27.1013	-1.60626
27.1113	-1.60786
27.1213	-1.60946
27.1312	-1.61106
27.1412	-1.61266
27.1512	-1.61427
27.1612	-1.61587
27.1712	-1.61748
27.1812	-1.61909
27.1911	-1.62069
27.2011	-1.6223
27.2111	-1.62391
27.2211	-1.62552
27.2311	-1.62714
27.241	-1.62875
27.251	-1.63037
27.261	-1.63198
27.271	-1.6336
27.281	-1.63522
27.291	-1.63684
27.3009	-1.63846
27.3109	-1.64008
27.3209	-1.64171
27.3309	-1.64333
27.3409	-1.64496
27.3509	-1.64658
27.3608	-1.64821
27.3708	-1.64984
27.3808	-1.65147
27.3908	-1.6531
27.4008	-1.65473
27.4107	-1.65637
27.4207	-1.658
27.4307	-1.65964
27.4407	-1.66128
27.4507	-1.66292
27.4607	-1.66456
27.4706	-1.6662
27.4806	-1.66784
27.4906	-1.66948
27.5006	-1.67113
27.5106	-1.67277
27.5205	-1.67442
27.5305	-1.67607
27.5405	-1.67772
27.5505	-1.67937
27.5605	-1.68102
27.5705	-1.68267
27.5804	-1.68433
27.5904	-1.68598
27.6004	-1.68764
27.6104	-1.68929
27.6204	-1.69095
27.6303	-1.69261
27.6403	-1.69427
27.6503	-1.69594
27.6603	-1.6976
27.6703	-1.69926
27.6803	-1.70093
27.6902	-1.7026
27.7002	-1.70426
27.7102	-1.70593
27.7202	-1.7076
27.7302	-1.70928
27.7401	-1.71095
27.7501	-1.71262
27.7601	-1.7143
27.7701	-1.71597
27.7801	-1.71765
27.7901	-1.71933
27.8	-1.72101
27.81	-1.72269
27.82	-1.72437
27.83	-1.72606
27.84	-1.72774
27.8499	-1.72943
27.8599	-1.73112
27.8699	-1.7328
27.8799	-1.73449
27.8899	-1.73618
27.8999	-1.73788
27.9098	-1.73957
27.9198	-1.74126
27.9298	-1.74296
27.9398	-1.74465
27.9498	-1.74635
27.9598	-1.74805
27.9697	-1.74975
27.9797	-1.75145
27.9897	-1.75316
27.9997	-1.75486
28.0097	-1.75656
28.0196	-1.75827
28.0296	-1.75998
28.0396	-1.76169
28.0496	-1.7634
28.0596	-1.76511
28.0696	-1.76682
28.0795	-1.76853
28.0895	-1.77025
28.0995	-1.77196
28.1095	-1.77368
28.1195	-1.7754
28.1294	-1.77712
28.1394	-1.77884
28.1494	-1.78056
28.1594	-1.78228
28.1694	-1.78401
28.1794	-1.78573
28.1893	-1.78746
28.1993	-1.78919
28.2093	-1.79091
28.2193	-1.79264
28.2293	-1.79438
28.2392	-1.79611
28.2492	-1.79784
28.2592	-1.79958
28.2692	-1.80131
28.2792	-1.80305
28.2892	-1.80479
28.2991	-1.80653
28.3091	-1.80827
28.3191	-1.81001
28.3291	-1.81176
28.3391	-1.8135
28.349	-1.81525
28.359	-1.81699
28.369	-1.81874
28.379	-1.82049
28.389	-1.82224
28.399	-1.82399
28.4089	-1.82575
28.4189	-1.8275
28.4289	-1.82925
28.4389	-1.83101
28.4489	-1.83277
28.4589	-1.83453
28.4688	-1.83629
28.4788	-1.83805
28.4888	-1.83981
28.4988	-1.84158
28.5088	-1.84334
28.5187	-1.84511
28.5287	-1.84688
28.5387	-1.84864
28.5487	-1.85041
28.5587	-1.85218
28.5687	-1.85396
28.5786	-1.85573
28.5886	-1.85751
28.5986	-1.85928
28.6086	-1.86106
28.6186	-1.86284
28.6285	-1.86462
28.6385	-1.8664
28.6485	-1.86818
28.6585	-1.86996
28.6685	-1.87175
28.6785	-1.87353
28.6884	-1.87532
28.6984	-1.87711
28.7084	-1.8789
28.7184	-1.88069
28.7284	-1.88248
28.7383	-1.88427
28.7483	-1.88607
28.7583	-1.88786
28.7683	-1.88966
28.7783	-1.89146
28.7883	-1.89326
28.7982	-1.89506
28.8082	-1.89686
28.8182	-1.89866
28.8282	-1.90046
28.8382	-1.90227
28.8481	-1.90407
28.8581	-1.90588
28.8681	-1.90769
28.8781	-1.9095
28.8881	-1.91131
28.8981	-1.91312
28.908	-1.91494
28.918	-1.91675
28.928	-1.91857
28.938	-1.92039
28.948	-1.9222
28.958	-1.92402
28.9679	-1.92585
28.9779	-1.92767
28.9879	-1.92949
28.9979	-1.93132
29.0079	-1.93314
29.0178	-1.93497
29.0278	-1.9368
29.0378	-1.93863
29.0478	-1.94046
29.0578	-1.94229
29.0678	-1.94412
29.0777	-1.94596
29.0877	-1.94779
29.0977	-1.94963
29.1077	-1.95147
29.1177	-1.95331
29.1276	-1.95515
29.1376	-1.95699
29.1476	-1.95883
29.1576	-1.96068
29.1676	-1.96252
29.1776	-1.96437
29.1875	-1.96622
29.1975	-1.96807
29.2075	-1.96992
29.2175	-1.97177
29.2275	-1.97362
29.2374	-1.97547
29.2474	-1.97733
29.2574	-1.97919
29.2674	-1.98104
29.2774	-1.9829
29.2874	-1.98476
29.2973	-1.98662
29.3073	-1.98849
29.3173	-1.99035
29.3273	-1.99222
29.3373	-1.99408
29.3472	-1.99595
29.3572	-1.99782
29.3672	-1.99969
29.3772	-2.00156
29.3872	-2.00343
29.3972	-2.0053
29.4071	-2.00718
29.4171	-2.00906
29.4271	-2.01093
29.4371	-2.01281
29.4471	-2.01469
29.4571	-2.01657
29.467	-2.01846
29.477	-2.02034
29.487	-2.02222
29.497	-2.02411
29.507	-2.026
29.5169	-2.02788
29.5269	-2.02977
29.5369	-2.03167
29.5469	-2.03356
29.5569	-2.03545
29.5669	-2.03735
29.5768	-2.03924
29.5868	-2.04114
29.5968	-2.04304
29.6068	-2.04494
29.6168	-2.04684
29.6267	-2.04874
29.6367	-2.05064
29.6467	-2.05255
29.6567	-2.05445
29.6667	-2.05636
29.6767	-2.05827
29.6866	-2.06018
29.6966	-2.06209
29.7066	-2.064
29.7166	-2.06591
29.7266	-2.06783
29.7365	-2.06974
29.7465	-2.07166
29.7565	-2.07358
29.7665	-2.0755
29.7765	-2.07742
29.7865	-2.07934
29.7964	-2.08126
29.8064	-2.08319
29.8164	-2.08511
29.8264	-2.08704
29.8364	-2.08897
29.8463	-2.0909
29.8563	-2.09283
29.8663	-2.09476
29.8763	-2.09669
29.8863	-2.09863
29.8963	-2.10056
29.9062	-2.1025
29.9162	-2.10444
29.9262	-2.10637
29.9362	-2.10832
29.9462	-2.11026
29.9562	-2.1122
29.9661	-2.11414
29.9761	-2.11609
29.9861	-2.11804
29.9961	-2.11998
30.0061	-2.12193
30.016	-2.12388
30.026	-2.12583
30.036	-2.12779
30.046	-2.12974
30.056	-2.1317
30.066	-2.13365
30.0759	-2.13561
30.0859	-2.13757
30.0959	-2.13953
30.1059	-2.14149
30.1159	-2.14345
30.1258	-2.14542
30.1358	-2.14738
30.1458	-2.14935
30.1558	-2.15132
30.1658	-2.15329
30.1758	-2.15526
30.1857	-2.15723
30.1957	-2.1592
30.2057	-2.16117
30.2157	-2.16315
30.2257	-2.16513
30.2356	-2.1671
30.2456	-2.16908
30.2556	-2.17106
30.2656	-2.17304
30.2756	-2.17503
30.2856	-2.17701
30.2955	-2.179
30.3055	-2.18098
30.3155	-2.18297
30.3255	-2.18496
30.3355	-2.18695
30.3454	-2.18894
30.3554	-2.19093
30.3654	-2.19293
30.3754	-2.19492
30.3854	-2.19692
30.3954	-2.19891
30.4053	-2.20091
30.4153	-2.20291
30.4253	-2.20492
30.4353	-2.20692
30.4453	-2.20892
30.4553	-2.21093
30.4652	-2.21293
30.4752	-2.21494
30.4852	-2.21695
30.4952	-2.21896
30.5052	-2.22097
30.5151	-2.22298
30.5251	-2.225
30.5351	-2.22701
30.5451	-2.22903
30.5551	-2.23105
30.5651	-2.23306
30.575	-2.23508
30.585	-2.23711
30.595	-2.23913
30.605	-2.24115
30.615	-2.24318
30.6249	-2.2452
30.6349	-2.24723
30.6449	-2.24926
30.6549	-2.25129
30.6649	-2.25332
30.6749	-2.25535
30.6848	-2.25739
30.6948	-2.25942
30.7048	-2.26146
30.7148	-2.26349
30.7248	-2.26553
30.7347	-2.26757
30.7447	-2.26961
30.7547	-2.27166
30.7647	-2.2737
30.7747	-2.27575
30.7847	-2.27779
30.7946	-2.27984
30.8046	-2.28189
30.8146	-2.28394
30.8246	-2.28599
30.8346	-2.28804
30.8445	-2.2901
30.8545	-2.29215
30.8645	-2.29421
30.8745	-2.29626
30.8845	-2.29832
30.8945	-2.30038
30.9044	-2.30244
30.9144	-2.30451
30.9244	-2.30657
30.9344	-2.30863
30.9444	-2.3107
30.9544	-2.31277
30.9643	-2.31484
30.9743	-2.31691
30.9843	-2.31898
30.9943	-2.32105
31.0043	-2.32312
31.0142	-2.3252
31.0242	-2.32728
31.0342	-2.32935
31.0442	-2.33143
31.0542	-2.33351
31.0642	-2.33559
31.0741	-2.33767
31.0841	-2.33976
31.0941	-2.34184
31.1041	-2.34393
31.1141	-2.34602
31.124	-2.34811
31.134	-2.3502
31.144	-2.35229
31.154	-2.35438
31.164	-2.35647
31.174	-2.35857
31.1839	-2.36066
31.1939	-2.36276
31.2039	-2.36486
31.2139	-2.36696
31.2239	-2.36906
31.2338	-2.37116
31.2438	-2.37327
31.2538	-2.37537
31.2638	-2.37748
31.2738	-2.37959
31.2838	-2.38169
31.2937	-2.3838
31.3037	-2.38592
31.3137	-2.38803
31.3237	-2.39014
31.3337	-2.39226
31.3436	-2.39437
31.3536	-2.39649
31.3636	-2.39861
31.3736	-2.40073
31.3836	-2.40285
31.3936	-2.40497
31.4035	-2.4071
31.4135	-2.40922
31.4235	-2.41135
31.4335	-2.41347
31.4435	-2.4156
31.4535	-2.41773
31.4634	-2.41986
31.4734	-2.422
31.4834	-2.42413
31.4934	-2.42627
31.5034	-2.4284
31.5133	-2.43054
31.5233	-2.43268
31.5333	-2.43482
31.5433	-2.43696
31.5533	-2.4391
31.5633	-2.44125
31.5732	-2.44339
31.5832	-2.44554
31.5932	-2.44768
31.6032	-2.44983
31.6132	-2.45198
31.6231	-2.45413
31.6331	-2.45629
31.6431	-2.45844
31.6531	-2.4606
31.6631	-2.46275
31.6731	-2.46491
31.683	-2.46707
31.693	-2.46923
31.703	-2.47139
31.713	-2.47355
31.723	-2.47571
31.7329	-2.47788
31.7429	-2.48005
31.7529	-2.48221
31.7629	-2.48438
31.7729	-2.48655
31.7829	-2.48872
31.7928	-2.4909
31.8028	-2.49307
31.8128	-2.49524
31.8228	-2.49742
31.8328	-2.4996
31.8427	-2.50178
31.8527	-2.50396
31.8627	-2.50614
31.8727	-2.50832
31.8827	-2.5105
31.8927	-2.51269
31.9026	-2.51488
31.9126	-2.51706
31.9226	-2.51925
31.9326	-2.52144
31.9426	-2.52363
31.9526	-2.52582
31.9625	-2.52802
31.9725	-2.53021
31.9825	-2.53241
31.9925	-2.53461
32.0025	-2.53681
32.0124	-2.53901
32.0224	-2.54121
32.0324	-2.54341
32.0424	-2.54561
32.0524	-2.54782
32.0624	-2.55002
32.0723	-2.55223
32.0823	-2.55444
32.0923	-2.55665
32.1023	-2.55886
32.1123	-2.56107
32.1222	-2.56329
32.1322	-2.5655
32.1422	-2.56772
32.1522	-2.56994
32.1622	-2.57215
32.1722	-2.57437
32.1821	-2.5766
32.1921	-2.57882
32.2021	-2.58104
32.2121	-2.58327
32.2221	-2.58549
32.232	-2.58772
32.242	-2.58995
32.252	-2.59218
32.262	-2.59441
32.272	-2.59664
32.282	-2.59888
32.2919	-2.60111
32.3019	-2.60335
32.3119	-2.60558
32.3219	-2.60782
32.3319	-2.61006
32.3418	-2.6123
32.3518	-2.61455
32.3618	-2.61679
32.3718	-2.61903
32.3818	-2.62128
32.3918	-2.62353
32.4017	-2.62578
32.4117	-2.62803
32.4217	-2.63028
32.4317	-2.63253
32.4417	-2.63478
32.4517	-2.63704
32.4616	-2.63929
32.4716	-2.64155
32.4816	-2.64381
32.4916	-2.64607
32.5016	-2.64833
32.5115	-2.65059
32.5215	-2.65286
32.5315	-2.65512
32.5415	-2.65739
32.5515	-2.65965
32.5615	-2.66192
32.5714	-2.66419
32.5814	-2.66646
32.5914	-2.66874
32.6014	-2.67101
32.6114	-2.67328
32.6213	-2.67556
32.6313	-2.67784
32.6413	-2.68012
32.6513	-2.68239
32.6613	-2.68468
32.6713	-2.68696
32.6812	-2.68924
32.6912	-2.69153
32.7012	-2.69381
32.7112	-2.6961
32.7212	-2.69839
32.7311	-2.70068
32.7411	-2.70297
32.7511	-2.70526
32.7611	-2.70755
32.7711	-2.70985
32.7811	-2.71214
32.791	-2.71444
32.801	-2.71674
32.811	-2.71904
32.821	-2.72134
32.831	-2.72364
32.8409	-2.72594
32.8509	-2.72825
32.8609	-2.73055
32.8709	-2.73286
32.8809	-2.73517
32.8909	-2.73748
32.9008	-2.73979
32.9108	-2.7421
32.9208	-2.74441
32.9308	-2.74673
32.9408	-2.74904
32.9508	-2.75136
32.9607	-2.75368
32.9707	-2.756
32.9807	-2.75832
32.9907	-2.76064
33.0007	-2.76296
33.0106	-2.76529
33.0206	-2.76761
33.0306	-2.76994
33.0406	-2.77227
33.0506	-2.7746
33.0606	-2.77693
33.0705	-2.77926
33.0805	-2.78159
33.0905	-2.78393
33.1005	-2.78626
33.1105	-2.7886
33.1204	-2.79094
33.1304	-2.79328
33.1404	-2.79562
33.1504	-2.79796
33.1604	-2.8003
33.1704	-2.80265
33.1803	-2.80499
33.1903	-2.80734
33.2003	-2.80968
33.2103	-2.81203
33.2203	-2.81438
33.2302	-2.81674
33.2402	-2.81909
33.2502	-2.82144
33.2602	-2.8238
33.2702	-2.82615
33.2802	-2.82851
33.2901	-2.83087
33.3001	-2.83323
33.3101	-2.83559
33.3201	-2.83795
33.3301	-2.84032
33.34	-2.84268
33.35	-2.84505
33.36	-2.84742
33.37	-2.84978
33.38	-2.85215
33.39	-2.85453
33.3999	-2.8569
33.4099	-2.85927
33.4199	-2.86165
33.4299	-2.86402
33.4399	-2.8664
33.4498	-2.86878
33.4598	-2.87116
33.4698	-2.87354
33.4798	-2.87592
33.4898	-2.8783
33.4998	-2.88069
33.5097	-2.88308
33.5197	-2.88546
33.5297	-2.88785
33.5397	-2.89024
33.5497	-2.89263
33.5597	-2.89502
33.5696	-2.89742
33.5796	-2.89981
33.5896	-2.90221
33.5996	-2.9046
33.6096	-2.907
33.6195	-2.9094
33.6295	-2.9118
33.6395	-2.9142
33.6495	-2.91661
33.6595	-2.91901
33.6695	-2.92142
33.6794	-2.92382
33.6894	-2.92623
33.6994	-2.92864
33.7094	-2.93105
33.7194	-2.93346
33.7293	-2.93587
33.7393	-2.93829
33.7493	-2.9407
33.7593	-2.94312
33.7693	-2.94554
33.7793	-2.94796
33.7892	-2.95038
33.7992	-2.9528
33.8092	-2.95522
33.8192	-2.95764
33.8292	-2.96007
33.8391	-2.9625
33.8491	-2.96492
33.8591	-2.96735
33.8691	-2.96978
33.8791	-2.97221
33.8891	-2.97464
33.899	-2.97708
33.909	-2.97951
33.919	-2.98195
33.929	-2.98439
33.939	-2.98682
33.9489	-2.98926
33.9589	-2.9917
33.9689	-2.99415
33.9789	-2.99659
33.9889	-2.99903
33.9989	-3.00148
34.0088	-3.00393
34.0188	-3.00638
34.0288	-3.00882
34.0388	-3.01128
34.0488	-3.01373
34.0588	-3.01618
34.0687	-3.01863
34.0787	-3.02109
34.0887	-3.02355
34.0987	-3.026
34.1087	-3.02846
34.1186	-3.03092
34.1286	-3.03338
34.1386	-3.03585
34.1486	-3.03831
34.1586	-3.04078
34.1686	-3.04324
34.1785	-3.04571
34.1885	-3.04818
34.1985	-3.05065
34.2085	-3.05312
34.2185	-3.05559
34.2284	-3.05807
34.2384	-3.06054
34.2484	-3.06302
34.2584	-3.06549
34.2684	-3.06797
34.2784	-3.07045
34.2883	-3.07293
34.2983	-3.07541
34.3083	-3.0779
34.3183	-3.08038
34.3283	-3.08287
34.3382	-3.08535
34.3482	-3.08784
34.3582	-3.09033
34.3682	-3.09282
34.3782	-3.09531
34.3882	-3.09781
34.3981	-3.1003
34.4081	-3.10279
34.4181	-3.10529
34.4281	-3.10779
34.4381	-3.11029
34.448	-3.11279
34.458	-3.11529
34.468	-3.11779
34.478	-3.12029
34.488	-3.1228
34.498	-3.12531
34.5079	-3.12781
34.5179	-3.13032
34.5279	-3.13283
34.5379	-3.13534
34.5479	-3.13785
34.5579	-3.14037
34.5678	-3.14288
34.5778	-3.1454
34.5878	-3.14791
34.5978	-3.15043
34.6078	-3.15295
34.6177	-3.15547
34.6277	-3.15799
34.6377	-3.16052
34.6477	-3.16304
34.6577	-3.16556
34.6677	-3.16809
34.6776	-3.17062
34.6876	-3.17315
34.6976	-3.17568
34.7076	-3.17821
34.7176	-3.18074
34.7275	-3.18327
34.7375	-3.18581
34.7475	-3.18834
34.7575	-3.19088
34.7675	-3.19342
34.7775	-3.19596
34.7874	-3.1985
34.7974	-3.20104
34.8074	-3.20359
34.8174	-3.20613
34.8274	-3.20867
34.8373	-3.21122
34.8473	-3.21377
34.8573	-3.21632
34.8673	-3.21887
34.8773	-3.22142
34.8873	-3.22397
34.8972	-3.22653
34.9072	-3.22908
34.9172	-3.23164
34.9272	-3.23419
34.9372	-3.23675
34.9471	-3.23931
34.9571	-3.24187
34.9671	-3.24443
34.9771	-3.247
34.9871	-3.24956
34.9971	-3.25213
35.007	-3.25469
35.017	-3.25726
35.027	-3.25983
35.037	-3.2624
35.047	-3.26497
35.057	-3.26755
35.0669	-3.27012
35.0769	-3.27269
35.0869	-3.27527
35.0969	-3.27785
35.1069	-3.28043
35.1168	-3.28301
35.1268	-3.28559
35.1368	-3.28817
35.1468	-3.29075
35.1568	-3.29334
35.1668	-3.29592
35.1767	-3.29851
35.1867	-3.3011
35.1967	-3.30369
35.2067	-3.30628
35.2167	-3.30887
35.2266	-3.31146
35.2366	-3.31405
35.2466	-3.31665
35.2566	-3.31925
35.2666	-3.32184
35.2766	-3.32444
35.2865	-3.32704
35.2965	-3.32964
35.3065	-3.33224
35.3165	-3.33485
35.3265	-3.33745
35.3364	-3.34006
35.3464	-3.34266
35.3564	-3.34527
35.3664	-3.34788
35.3764	-3.35049
35.3864	-3.3531
35.3963	-3.35571
35.4063	-3.35833
35.4163	-3.36094
35.4263	-3.36356
35.4363	-3.36618
35.4462	-3.36879
35.4562	-3.37141
35.4662	-3.37403
35.4762	-3.37666
35.4862	-3.37928
35.4962	-3.3819
35.5061	-3.38453
35.5161	-3.38715
35.5261	-3.38978
35.5361	-3.39241
35.5461	-3.39504
35.5561	-3.39767
35.566	-3.4003
35.576	-3.40294
35.586	-3.40557
35.596	-3.40821
35.606	-3.41084
35.6159	-3.41348
35.6259	-3.41612
35.6359	-3.41876
35.6459	-3.4214
35.6559	-3.42405
35.6659	-3.42669
35.6758	-3.42933
35.6858	-3.43198
35.6958	-3.43463
35.7058	-3.43728
35.7158	-3.43993
35.7257	-3.44258
35.7357	-3.44523
35.7457	-3.44788
35.7557	-3.45054
35.7657	-3.45319
35.7757	-3.45585
35.7856	-3.45851
35.7956	-3.46116
35.8056	-3.46382
35.8156	-3.46649
35.8256	-3.46915
35.8355	-3.47181
35.8455	-3.47448
35.8555	-3.47714
35.8655	-3.47981
35.8755	-3.48248
35.8855	-3.48514
35.8954	-3.48781
35.9054	-3.49049
35.9154	-3.49316
35.9254	-3.49583
35.9354	-3.49851
35.9453	-3.50118
35.9553	-3.50386
35.9653	-3.50654
35.9753	-3.50922
35.9853	-3.5119
35.9953	-3.51458
36.0052	-3.51726
36.0152	-3.51995
36.0252	-3.52263
36.0352	-3.52532
36.0452	-3.52801
36.0552	-3.53069
36.0651	-3.53338
36.0751	-3.53607
36.0851	-3.53877
36.0951	-3.54146
36.1051	-3.54415
36.115	-3.54685
36.125	-3.54954
36.135	-3.55224
36.145	-3.55494
36.155	-3.55764
36.165	-3.56034
36.1749	-3.56304
36.1849	-3.56575
36.1949	-3.56845
36.2049	-3.57116
36.2149	-3.57386
36.2248	-3.57657
36.2348	-3.57928
36.2448	-3.58199
36.2548	-3.5847
36.2648	-3.58741
36.2748	-3.59013
36.2847	-3.59284
36.2947	-3.59556
36.3047	-3.59827
36.3147	-3.60099
36.3247	-3.60371
36.3346	-3.60643
36.3446	-3.60915
36.3546	-3.61187
36.3646	-3.6146
36.3746	-3.61732
36.3846	-3.62005
36.3945	-3.62277
36.4045	-3.6255
36.4145	-3.62823
36.4245	-3.63096
36.4345	-3.63369
36.4444	-3.63643
36.4544	-3.63916
36.4644	-3.64189
36.4744	-3.64463
36.4844	-3.64737
36.4944	-3.6501
36.5043	-3.65284
36.5143	-3.65558
36.5243	-3.65832
36.5343	-3.66107
36.5443	-3.66381
36.5543	-3.66656
36.5642	-3.6693
36.5742	-3.67205
36.5842	-3.6748
36.5942	-3.67754
36.6042	-3.6803
36.6141	-3.68305
36.6241	-3.6858
36.6341	-3.68855
36.6441	-3.69131
36.6541	-3.69406
36.6641	-3.69682
36.674	-3.69958
36.684	-3.70234
36.694	-3.7051
36.704	-3.70786
36.714	-3.71062
36.7239	-3.71338
36.7339	-3.71615
36.7439	-3.71891
36.7539	-3.72168
36.7639	-3.72445
36.7739	-3.72722
36.7838	-3.72999
36.7938	-3.73276
36.8038	-3.73553
36.8138	-3.73831
36.8238	-3.74108
36.8337	-3.74386
36.8437	-3.74663
36.8537	-3.74941
36.8637	-3.75219
36.8737	-3.75497
36.8837	-3.75775
36.8936	-3.76053
36.9036	-3.76331
36.9136	-3.7661
36.9236	-3.76888
36.9336	-3.77167
36.9435	-3.77446
36.9535	-3.77725
36.9635	-3.78004
36.9735	-3.78283
36.9835	-3.78562
36.9935	-3.78841
37.0034	-3.79121
37.0134	-3.794
37.0234	-3.7968
37.0334	-3.7996
37.0434	-3.80239
37.0534	-3.80519
37.0633	-3.808
37.0733	-3.8108
37.0833	-3.8136
37.0933	-3.8164
37.1033	-3.81921
37.1132	-3.82201
37.1232	-3.82482
37.1332	-3.82763
37.1432	-3.83044
37.1532	-3.83325
37.1632	-3.83606
37.1731	-3.83887
37.1831	-3.84169
37.1931	-3.8445
37.2031	-3.84732
37.2131	-3.85013
37.223	-3.85295
37.233	-3.85577
37.243	-3.85859
37.253	-3.86141
37.263	-3.86424
37.273	-3.86706
37.2829	-3.86988
37.2929	-3.87271
37.3029	-3.87553
37.3129	-3.87836
37.3229	-3.88119
37.3328	-3.88402
37.3428	-3.88685
37.3528	-3.88968
37.3628	-3.89252
37.3728	-3.89535
37.3828	-3.89819
37.3927	-3.90102
37.4027	-3.90386
37.4127	-3.9067
37.4227	-3.90954
37.4327	-3.91238
37.4426	-3.91522
37.4526	-3.91806
37.4626	-3.9209
37.4726	-3.92375
37.4826	-3.92659
37.4926	-3.92944
37.5025	-3.93229
37.5125	-3.93514
37.5225	-3.93799
37.5325	-3.94084
37.5425	-3.94369
37.5525	-3.94654
37.5624	-3.9494
37.5724	-3.95225
37.5824	-3.95511
37.5924	-3.95797
37.6024	-3.96083
37.6123	-3.96369
37.6223	-3.96655
37.6323	-3.96941
37.6423	-3.97227
37.6523	-3.97513
37.6623	-3.978
37.6722	-3.98086
37.6822	-3.98373
37.6922	-3.9866
37.7022	-3.98947
37.7122	-3.99234
37.7221	-3.99521
37.7321	-3.99808
37.7421	-4.00095
37.7521	-4.00383
37.7621	-4.0067
37.7721	-4.00958
37.782	-4.01246
37.792	-4.01533
37.802	-4.01821
37.812	-4.02109
37.822	-4.02398
37.8319	-4.02686
37.8419	-4.02974
37.8519	-4.03263
37.8619	-4.03551
37.8719	-4.0384
37.8819	-4.04129
37.8918	-4.04417
37.9018	-4.04706
37.9118	-4.04995
37.9218	-4.05285
37.9318	-4.05574
37.9417	-4.05863
37.9517	-4.06153
37.9617	-4.06442
37.9717	-4.06732
37.9817	-4.07022
37.9917	-4.07312
38.0016	-4.07602
38.0116	-4.07892
38.0216	-4.08182
38.0316	-4.08472
38.0416	-4.08763
38.0516	-4.09053
38.0615	-4.09344
38.0715	-4.09635
38.0815	-4.09926
38.0915	-4.10216
38.1015	-4.10507
38.1114	-4.10799
38.1214	-4.1109
38.1314	-4.11381
38.1414	-4.11673
38.1514	-4.11964
38.1614	-4.12256
38.1713	-4.12548
38.1813	-4.12839
38.1913	-4.13131
38.2013	-4.13423
38.2113	-4.13715
38.2212	-4.14008
38.2312	-4.143
38.2412	-4.14593
38.2512	-4.14885
38.2612	-4.15178
38.2712	-4.15471
38.2811	-4.15763
38.2911	-4.16056
38.3011	-4.16349
38.3111	-4.16643
38.3211	-4.16936
38.331	-4.17229
38.341	-4.17523
38.351	-4.17816
38.361	-4.1811
38.371	-4.18404
38.381	-4.18698
38.3909	-4.18991
38.4009	-4.19286
38.4109	-4.1958
38.4209	-4.19874
38.4309	-4.20168
38.4408	-4.20463
38.4508	-4.20757
38.4608	-4.21052
38.4708	-4.21347
38.4808	-4.21642
38.4908	-4.21937
38.5007	-4.22232
38.5107	-4.22527
38.5207	-4.22822
38.5307	-4.23118
38.5407	-4.23413
38.5507	-4.23709
38.5606	-4.24004
38.5706	-4.243
38.5806	-4.24596
38.5906	-4.24892
38.6006	-4.25188
38.6105	-4.25484
38.6205	-4.2578
38.6305	-4.26077
38.6405	-4.26373
38.6505	-4.2667
38.6605	-4.26966
38.6704	-4.27263
38.6804	-4.2756
38.6904	-4.27857
38.7004	-4.28154
38.7104	-4.28451
38.7203	-4.28748
38.7303	-4.29046
38.7403	-4.29343
38.7503	-4.29641
38.7603	-4.29938
38.7703	-4.30236
38.7802	-4.30534
38.7902	-4.30832
38.8002	-4.3113
38.8102	-4.31428
38.8202	-4.31726
38.8301	-4.32024
38.8401	-4.32323
38.8501	-4.32621
38.8601	-4.3292
38.8701	-4.33219
38.8801	-4.33518
38.89	-4.33816
38.9	-4.34115
38.91	-4.34415
38.92	-4.34714
38.93	-4.35013
38.9399	-4.35312
38.9499	-4.35612
38.9599	-4.35911
38.9699	-4.36211
38.9799	-4.36511
38.9899	-4.36811
38.9998	-4.37111
39.0098	-4.37411
39.0198	-4.37711
39.0298	-4.38011
39.0398	-4.38312
39.0497	-4.38612
39.0597	-4.38913
39.0697	-4.39213
39.0797	-4.39514
39.0897	-4.39815
39.0997	-4.40116
39.1096	-4.40417
39.1196	-4.40718
39.1296	-4.41019
39.1396	-4.4132
39.1496	-4.41622
39.1596	-4.41923
39.1695	-4.42225
39.1795	-4.42527
39.1895	-4.42828
39.1995	-4.4313
39.2095	-4.43432
39.2194	-4.43734
39.2294	-4.44037
39.2394	-4.44339
39.2494	-4.44641
39.2594	-4.44944
39.2694	-4.45246
39.2793	-4.45549
39.2893	-4.45852
39.2993	-4.46154
39.3093	-4.46457
39.3193	-4.4676
39.3292	-4.47063
39.3392	-4.47367
39.3492	-4.4767
39.3592	-4.47973
39.3692	-4.48277
39.3792	-4.4858
39.3891	-4.48884
39.3991	-4.49188
39.4091	-4.49492
39.4191	-4.49796
39.4291	-4.501
39.439	-4.50404
39.449	-4.50708
39.459	-4.51012
39.469	-4.51317
39.479	-4.51621
39.489	-4.51926
39.4989	-4.52231
39.5089	-4.52535
39.5189	-4.5284
39.5289	-4.53145
39.5389	-4.5345
39.5488	-4.53756
39.5588	-4.54061
39.5688	-4.54366
39.5788	-4.54672
39.5888	-4.54977
39.5988	-4.55283
39.6087	-4.55589
39.6187	-4.55894
39.6287	-4.562
39.6387	-4.56506
39.6487	-4.56812
39.6587	-4.57118
39.6686	-4.57425
39.6786	-4.57731
39.6886	-4.58038
39.6986	-4.58344
39.7086	-4.58651
39.7185	-4.58957
39.7285	-4.59264
39.7385	-4.59571
39.7485	-4.59878
39.7585	-4.60185
39.7685	-4.60493
39.7784	-4.608
39.7884	-4.61107
39.7984	-4.61415
39.8084	-4.61722
39.8184	-4.6203
39.8283	-4.62338
39.8383	-4.62645
39.8483	-4.62953
39.8583	-4.63261
39.8683	-4.63569
39.8783	-4.63878
39.8882	-4.64186
39.8982	-4.64494
39.9082	-4.64803
39.9182	-4.65111
39.9282	-4.6542
39.9381	-4.65729
39.9481	-4.66037
39.9581	-4.66346
39.9681	-4.66655
39.9781	-4.66964
39.9881	-4.67273
39.998	-4.67583
