Freq_GHz	Norm_dB_model_hole
0.1	-2.57956e-05
0.109982	-3.77693e-05
0.119964	-5.08814e-05
0.129946	-6.5132e-05
0.139928	-8.0521e-05
0.14991	-9.70484e-05
0.159892	-0.000114714
0.169874	-0.000133519
0.179856	-0.000153462
0.189838	-0.000174543
0.19982	-0.000196763
0.209802	-0.000220122
0.219784	-0.000244619
0.229766	-0.000270255
0.239748	-0.000297029
0.24973	-0.000324942
0.259712	-0.000353994
0.269694	-0.000384184
0.279676	-0.000415513
0.289658	-0.000447981
0.29964	-0.000481587
0.309622	-0.000516332
0.319604	-0.000552216
0.329586	-0.000589239
0.339568	-0.000627401
0.34955	-0.000666701
0.359532	-0.000707141
0.369514	-0.000748719
0.379496	-0.000791437
0.389478	-0.000835293
0.39946	-0.000880288
0.409442	-0.000926423
0.419424	-0.000973696
0.429406	-0.00102211
0.439388	-0.00107166
0.44937	-0.00112235
0.459352	-0.00117418
0.469334	-0.00122715
0.479316	-0.00128126
0.489298	-0.00133651
0.49928	-0.0013929
0.509262	-0.00145043
0.519244	-0.00150909
0.529226	-0.0015689
0.539208	-0.00162984
0.54919	-0.00169193
0.559172	-0.00175516
0.569154	-0.00181952
0.579136	-0.00188502
0.589118	-0.00195167
0.5991	-0.00201945
0.609082	-0.00208838
0.619064	-0.00215844
0.629046	-0.00222965
0.639028	-0.00230199
0.64901	-0.00237548
0.658992	-0.0024501
0.668974	-0.00252587
0.678956	-0.00260277
0.688938	-0.00268082
0.69892	-0.00276001
0.708902	-0.00284033
0.718884	-0.0029218
0.728866	-0.00300441
0.738848	-0.00308816
0.74883	-0.00317305
0.758812	-0.00325908
0.768794	-0.00334625
0.778776	-0.00343456
0.788758	-0.00352401
0.79874	-0.00361461
0.808722	-0.00370634
0.818704	-0.00379922
0.828686	-0.00389324
0.838668	-0.0039884
0.84865	-0.0040847
0.858632	-0.00418214
0.868614	-0.00428072
0.878596	-0.00438045
0.888578	-0.00448132
0.89856	-0.00458332
0.908542	-0.00468648
0.918524	-0.00479077
0.928506	-0.0048962
0.938488	-0.00500278
0.94847	-0.0051105
0.958452	-0.00521936
0.968434	-0.00532936
0.978416	-0.00544051
0.988398	-0.0055528
0.99838	-0.00566623
1.00836	-0.0057808
1.01834	-0.00589652
1.02833	-0.00601338
1.03831	-0.00613138
1.04829	-0.00625053
1.05827	-0.00637082
1.06825	-0.00649225
1.07824	-0.00661483
1.08822	-0.00673855
1.0982	-0.00686341
1.10818	-0.00698941
1.11816	-0.00711656
1.12815	-0.00724486
1.13813	-0.0073743
1.14811	-0.00750488
1.15809	-0.0076366
1.16807	-0.00776947
1.17806	-0.00790349
1.18804	-0.00803864
1.19802	-0.00817495
1.208	-0.0083124
1.21798	-0.00845099
1.22797	-0.00859072
1.23795	-0.00873161
1.24793	-0.00887363
1.25791	-0.00901681
1.26789	-0.00916112
1.27788	-0.00930659
1.28786	-0.00945319
1.29784	-0.00960095
1.30782	-0.00974985
1.3178	-0.00989989
1.32779	-0.0100511
1.33777	-0.0102034
1.34775	-0.0103569
1.35773	-0.0105115
1.36771	-0.0106673
1.3777	-0.0108242
1.38768	-0.0109823
1.39766	-0.0111415
1.40764	-0.0113019
1.41762	-0.0114634
1.42761	-0.011626
1.43759	-0.0117898
1.44757	-0.0119548
1.45755	-0.0121209
1.46753	-0.0122881
1.47752	-0.0124565
1.4875	-0.0126261
1.49748	-0.0127968
1.50746	-0.0129686
1.51744	-0.0131416
1.52743	-0.0133157
1.53741	-0.013491
1.54739	-0.0136674
1.55737	-0.013845
1.56735	-0.0140237
1.57734	-0.0142036
1.58732	-0.0143847
1.5973	-0.0145668
1.60728	-0.0147502
1.61726	-0.0149346
1.62725	-0.0151203
1.63723	-0.015307
1.64721	-0.015495
1.65719	-0.015684
1.66717	-0.0158743
1.67716	-0.0160656
1.68714	-0.0162582
1.69712	-0.0164518
1.7071	-0.0166467
1.71708	-0.0168426
1.72707	-0.0170398
1.73705	-0.017238
1.74703	-0.0174375
1.75701	-0.0176381
1.76699	-0.0178398
1.77698	-0.0180427
1.78696	-0.0182467
1.79694	-0.0184519
1.80692	-0.0186583
1.8169	-0.0188658
1.82689	-0.0190744
1.83687	-0.0192842
1.84685	-0.0194952
1.85683	-0.0197073
1.86681	-0.0199205
1.8768	-0.0201349
1.88678	-0.0203505
1.89676	-0.0205672
1.90674	-0.0207851
1.91672	-0.0210041
1.92671	-0.0212243
1.93669	-0.0214457
1.94667	-0.0216682
1.95665	-0.0218918
1.96663	-0.0221166
1.97662	-0.0223426
1.9866	-0.0225697
1.99658	-0.0227979
2.00656	-0.0230274
2.01654	-0.023258
2.02653	-0.0234897
2.03651	-0.0237226
2.04649	-0.0239566
2.05647	-0.0241918
2.06645	-0.0244282
2.07644	-0.0246657
2.08642	-0.0249044
2.0964	-0.0251442
2.10638	-0.0253852
2.11636	-0.0256273
2.12635	-0.0258707
2.13633	-0.0261151
2.14631	-0.0263607
2.15629	-0.0266075
2.16627	-0.0268555
2.17626	-0.0271045
2.18624	-0.0273548
2.19622	-0.0276062
2.2062	-0.0278588
2.21618	-0.0281125
2.22617	-0.0283674
2.23615	-0.0286235
2.24613	-0.0288807
2.25611	-0.029139
2.26609	-0.0293986
2.27608	-0.0296593
2.28606	-0.0299211
2.29604	-0.0301841
2.30602	-0.0304483
2.316	-0.0307136
2.32599	-0.0309801
2.33597	-0.0312478
2.34595	-0.0315166
2.35593	-0.0317866
2.36591	-0.0320577
2.3759	-0.03233
2.38588	-0.0326035
2.39586	-0.0328781
2.40584	-0.0331539
2.41582	-0.0334309
2.42581	-0.033709
2.43579	-0.0339883
2.44577	-0.0342688
2.45575	-0.0345504
2.46573	-0.0348331
2.47572	-0.0351171
2.4857	-0.0354022
2.49568	-0.0356885
2.50566	-0.0359759
2.51564	-0.0362645
2.52563	-0.0365543
2.53561	-0.0368452
2.54559	-0.0371373
2.55557	-0.0374306
2.56555	-0.037725
2.57554	-0.0380206
2.58552	-0.0383174
2.5955	-0.0386153
2.60548	-0.0389144
2.61546	-0.0392147
2.62545	-0.0395161
2.63543	-0.0398187
2.64541	-0.0401225
2.65539	-0.0404274
2.66537	-0.0407335
2.67536	-0.0410408
2.68534	-0.0413492
2.69532	-0.0416588
2.7053	-0.0419696
2.71528	-0.0422816
2.72527	-0.0425947
2.73525	-0.042909
2.74523	-0.0432245
2.75521	-0.0435411
2.76519	-0.0438589
2.77518	-0.0441779
2.78516	-0.044498
2.79514	-0.0448194
2.80512	-0.0451418
2.8151	-0.0454655
2.82509	-0.0457903
2.83507	-0.0461164
2.84505	-0.0464435
2.85503	-0.0467719
2.86501	-0.0471014
2.87499	-0.0474321
2.88498	-0.047764
2.89496	-0.048097
2.90494	-0.0484313
2.91492	-0.0487667
2.9249	-0.0491032
2.93489	-0.049441
2.94487	-0.0497799
2.95485	-0.05012
2.96483	-0.0504613
2.97481	-0.0508037
2.9848	-0.0511473
2.99478	-0.0514921
3.00476	-0.0518381
3.01474	-0.0521853
3.02472	-0.0525336
3.03471	-0.0528831
3.04469	-0.0532338
3.05467	-0.0535857
3.06465	-0.0539387
3.07463	-0.0542929
3.08462	-0.0546483
3.0946	-0.0550049
3.10458	-0.0553627
3.11456	-0.0557216
3.12454	-0.0560817
3.13453	-0.056443
3.14451	-0.0568055
3.15449	-0.0571691
3.16447	-0.057534
3.17445	-0.0579
3.18444	-0.0582672
3.19442	-0.0586356
3.2044	-0.0590051
3.21438	-0.0593759
3.22436	-0.0597478
3.23435	-0.0601209
3.24433	-0.0604952
3.25431	-0.0608707
3.26429	-0.0612473
3.27427	-0.0616252
3.28426	-0.0620042
3.29424	-0.0623844
3.30422	-0.0627658
3.3142	-0.0631484
3.32418	-0.0635322
3.33417	-0.0639171
3.34415	-0.0643033
3.35413	-0.0646906
3.36411	-0.0650791
3.37409	-0.0654688
3.38408	-0.0658597
3.39406	-0.0662517
3.40404	-0.066645
3.41402	-0.0670394
3.424	-0.0674351
3.43399	-0.0678319
3.44397	-0.0682299
3.45395	-0.0686291
3.46393	-0.0690295
3.47391	-0.069431
3.4839	-0.0698338
3.49388	-0.0702378
3.50386	-0.0706429
3.51384	-0.0710492
3.52382	-0.0714568
3.53381	-0.0718655
3.54379	-0.0722754
3.55377	-0.0726865
3.56375	-0.0730988
3.57373	-0.0735123
3.58372	-0.0739269
3.5937	-0.0743428
3.60368	-0.0747599
3.61366	-0.0751781
3.62364	-0.0755976
3.63363	-0.0760182
3.64361	-0.07644
3.65359	-0.0768631
3.66357	-0.0772873
3.67355	-0.0777127
3.68354	-0.0781393
3.69352	-0.0785671
3.7035	-0.0789961
3.71348	-0.0794263
3.72346	-0.0798577
3.73345	-0.0802903
3.74343	-0.0807241
3.75341	-0.0811591
3.76339	-0.0815953
3.77337	-0.0820327
3.78336	-0.0824713
3.79334	-0.0829111
3.80332	-0.083352
3.8133	-0.0837942
3.82328	-0.0842376
3.83327	-0.0846822
3.84325	-0.085128
3.85323	-0.0855749
3.86321	-0.0860231
3.87319	-0.0864725
3.88318	-0.0869231
3.89316	-0.0873749
3.90314	-0.0878279
3.91312	-0.0882821
3.9231	-0.0887375
3.93309	-0.0891941
3.94307	-0.0896519
3.95305	-0.0901109
3.96303	-0.0905711
3.97301	-0.0910325
3.983	-0.0914951
3.99298	-0.0919589
4.00296	-0.092424
4.01294	-0.0928902
4.02292	-0.0933576
4.03291	-0.0938263
4.04289	-0.0942961
4.05287	-0.0947672
4.06285	-0.0952395
4.07283	-0.0957129
4.08282	-0.0961876
4.0928	-0.0966635
4.10278	-0.0971406
4.11276	-0.0976189
4.12274	-0.0980984
4.13273	-0.0985792
4.14271	-0.0990611
4.15269	-0.0995442
4.16267	-0.100029
4.17265	-0.100514
4.18264	-0.101001
4.19262	-0.101489
4.2026	-0.101978
4.21258	-0.102469
4.22256	-0.10296
4.23255	-0.103453
4.24253	-0.103947
4.25251	-0.104442
4.26249	-0.104939
4.27247	-0.105437
4.28246	-0.105935
4.29244	-0.106436
4.30242	-0.106937
4.3124	-0.107439
4.32238	-0.107943
4.33237	-0.108448
4.34235	-0.108954
4.35233	-0.109462
4.36231	-0.109971
4.37229	-0.11048
4.38228	-0.110991
4.39226	-0.111504
4.40224	-0.112017
4.41222	-0.112532
4.4222	-0.113048
4.43219	-0.113565
4.44217	-0.114083
4.45215	-0.114603
4.46213	-0.115124
4.47211	-0.115646
4.4821	-0.116169
4.49208	-0.116694
4.50206	-0.117219
4.51204	-0.117746
4.52202	-0.118275
4.53201	-0.118804
4.54199	-0.119335
4.55197	-0.119866
4.56195	-0.1204
4.57193	-0.120934
4.58192	-0.121469
4.5919	-0.122006
4.60188	-0.122544
4.61186	-0.123083
4.62184	-0.123624
4.63183	-0.124165
4.64181	-0.124708
4.65179	-0.125252
4.66177	-0.125798
4.67175	-0.126344
4.68174	-0.126892
4.69172	-0.127441
4.7017	-0.127991
4.71168	-0.128543
4.72166	-0.129095
4.73165	-0.129649
4.74163	-0.130204
4.75161	-0.130761
4.76159	-0.131318
4.77157	-0.131877
4.78156	-0.132437
4.79154	-0.132999
4.80152	-0.133561
4.8115	-0.134125
4.82148	-0.13469
4.83147	-0.135256
4.84145	-0.135824
4.85143	-0.136393
4.86141	-0.136963
4.87139	-0.137534
4.88138	-0.138106
4.89136	-0.13868
4.90134	-0.139255
4.91132	-0.139831
4.9213	-0.140408
4.93129	-0.140987
4.94127	-0.141567
4.95125	-0.142148
4.96123	-0.14273
4.97121	-0.143314
4.9812	-0.143899
4.99118	-0.144485
5.00116	-0.145072
5.01114	-0.145661
5.02112	-0.14625
5.03111	-0.146841
5.04109	-0.147434
5.05107	-0.148027
5.06105	-0.148622
5.07103	-0.149218
5.08102	-0.149815
5.091	-0.150414
5.10098	-0.151013
5.11096	-0.151614
5.12094	-0.152217
5.13093	-0.15282
5.14091	-0.153425
5.15089	-0.154031
5.16087	-0.154638
5.17085	-0.155246
5.18084	-0.155856
5.19082	-0.156467
5.2008	-0.157079
5.21078	-0.157693
5.22076	-0.158307
5.23075	-0.158923
5.24073	-0.159541
5.25071	-0.160159
5.26069	-0.160779
5.27067	-0.1614
5.28066	-0.162022
5.29064	-0.162645
5.30062	-0.16327
5.3106	-0.163896
5.32058	-0.164523
5.33057	-0.165152
5.34055	-0.165781
5.35053	-0.166412
5.36051	-0.167045
5.37049	-0.167678
5.38048	-0.168313
5.39046	-0.168949
5.40044	-0.169586
5.41042	-0.170225
5.4204	-0.170864
5.43039	-0.171506
5.44037	-0.172148
5.45035	-0.172791
5.46033	-0.173436
5.47031	-0.174082
5.4803	-0.17473
5.49028	-0.175378
5.50026	-0.176028
5.51024	-0.176679
5.52022	-0.177332
5.53021	-0.177985
5.54019	-0.17864
5.55017	-0.179296
5.56015	-0.179954
5.57013	-0.180612
5.58012	-0.181272
5.5901	-0.181934
5.60008	-0.182596
5.61006	-0.18326
5.62004	-0.183925
5.63003	-0.184591
5.64001	-0.185259
5.64999	-0.185927
5.65997	-0.186597
5.66995	-0.187269
5.67994	-0.187941
5.68992	-0.188615
5.6999	-0.189291
5.70988	-0.189967
5.71986	-0.190645
5.72985	-0.191324
5.73983	-0.192004
5.74981	-0.192685
5.75979	-0.193368
5.76977	-0.194052
5.77976	-0.194738
5.78974	-0.195424
5.79972	-0.196112
5.8097	-0.196801
5.81968	-0.197492
5.82967	-0.198183
5.83965	-0.198876
5.84963	-0.19957
5.85961	-0.200266
5.86959	-0.200963
5.87958	-0.201661
5.88956	-0.20236
5.89954	-0.203061
5.90952	-0.203763
5.9195	-0.204466
5.92949	-0.20517
5.93947	-0.205876
5.94945	-0.206583
5.95943	-0.207292
5.96941	-0.208001
5.9794	-0.208712
5.98938	-0.209424
5.99936	-0.210138
6.00934	-0.210852
6.01932	-0.211568
6.02931	-0.212286
6.03929	-0.213004
6.04927	-0.213724
6.05925	-0.214445
6.06923	-0.215168
6.07922	-0.215891
6.0892	-0.216616
6.09918	-0.217343
6.10916	-0.21807
6.11914	-0.218799
6.12913	-0.219529
6.13911	-0.220261
6.14909	-0.220993
6.15907	-0.221727
6.16905	-0.222463
6.17904	-0.223199
6.18902	-0.223937
6.199	-0.224676
6.20898	-0.225417
6.21896	-0.226159
6.22895	-0.226902
6.23893	-0.227646
6.24891	-0.228392
6.25889	-0.229139
6.26887	-0.229887
6.27886	-0.230636
6.28884	-0.231387
6.29882	-0.232139
6.3088	-0.232893
6.31878	-0.233647
6.32877	-0.234403
6.33875	-0.235161
6.34873	-0.235919
6.35871	-0.236679
6.36869	-0.23744
6.37868	-0.238203
6.38866	-0.238967
6.39864	-0.239732
6.40862	-0.240498
6.4186	-0.241266
6.42859	-0.242035
6.43857	-0.242805
6.44855	-0.243577
6.45853	-0.24435
6.46851	-0.245124
6.4785	-0.245899
6.48848	-0.246676
6.49846	-0.247454
6.50844	-0.248234
6.51842	-0.249014
6.52841	-0.249796
6.53839	-0.25058
6.54837	-0.251364
6.55835	-0.25215
6.56833	-0.252938
6.57832	-0.253726
6.5883	-0.254516
6.59828	-0.255307
6.60826	-0.2561
6.61824	-0.256894
6.62823	-0.257689
6.63821	-0.258485
6.64819	-0.259283
6.65817	-0.260082
6.66815	-0.260882
6.67814	-0.261684
6.68812	-0.262487
6.6981	-0.263291
6.70808	-0.264097
6.71806	-0.264904
6.72805	-0.265712
6.73803	-0.266522
6.74801	-0.267333
6.75799	-0.268145
6.76797	-0.268958
6.77796	-0.269773
6.78794	-0.270589
6.79792	-0.271407
6.8079	-0.272226
6.81788	-0.273046
6.82787	-0.273867
6.83785	-0.27469
6.84783	-0.275514
6.85781	-0.276339
6.86779	-0.277166
6.87778	-0.277994
6.88776	-0.278824
6.89774	-0.279654
6.90772	-0.280486
6.9177	-0.28132
6.92769	-0.282154
6.93767	-0.28299
6.94765	-0.283828
6.95763	-0.284666
6.96761	-0.285506
6.9776	-0.286347
6.98758	-0.28719
6.99756	-0.288034
7.00754	-0.288879
7.01752	-0.289726
7.02751	-0.290574
7.03749	-0.291423
7.04747	-0.292274
7.05745	-0.293126
7.06743	-0.293979
7.07742	-0.294834
7.0874	-0.295689
7.09738	-0.296547
7.10736	-0.297405
7.11734	-0.298265
7.12733	-0.299127
7.13731	-0.299989
7.14729	-0.300853
7.15727	-0.301718
7.16725	-0.302585
7.17724	-0.303453
7.18722	-0.304322
7.1972	-0.305193
7.20718	-0.306065
7.21716	-0.306938
7.22715	-0.307813
7.23713	-0.308689
7.24711	-0.309566
7.25709	-0.310445
7.26707	-0.311325
7.27706	-0.312206
7.28704	-0.313089
7.29702	-0.313973
7.307	-0.314858
7.31698	-0.315745
7.32697	-0.316633
7.33695	-0.317522
7.34693	-0.318413
7.35691	-0.319305
7.36689	-0.320198
7.37688	-0.321093
7.38686	-0.321989
7.39684	-0.322887
7.40682	-0.323786
7.4168	-0.324686
7.42679	-0.325587
7.43677	-0.32649
7.44675	-0.327394
7.45673	-0.3283
7.46671	-0.329207
7.4767	-0.330115
7.48668	-0.331025
7.49666	-0.331936
7.50664	-0.332848
7.51662	-0.333762
7.52661	-0.334677
7.53659	-0.335593
7.54657	-0.336511
7.55655	-0.33743
7.56653	-0.338351
7.57652	-0.339272
7.5865	-0.340195
7.59648	-0.34112
7.60646	-0.342046
7.61644	-0.342973
7.62643	-0.343902
7.63641	-0.344832
7.64639	-0.345763
7.65637	-0.346696
7.66635	-0.34763
7.67634	-0.348565
7.68632	-0.349502
7.6963	-0.35044
7.70628	-0.35138
7.71626	-0.35232
7.72625	-0.353263
7.73623	-0.354206
7.74621	-0.355151
7.75619	-0.356097
7.76617	-0.357045
7.77616	-0.357994
7.78614	-0.358945
7.79612	-0.359896
7.8061	-0.36085
7.81608	-0.361804
7.82607	-0.36276
7.83605	-0.363717
7.84603	-0.364676
7.85601	-0.365636
7.86599	-0.366597
7.87598	-0.36756
7.88596	-0.368524
7.89594	-0.36949
7.90592	-0.370456
7.9159	-0.371425
7.92589	-0.372394
7.93587	-0.373365
7.94585	-0.374338
7.95583	-0.375311
7.96581	-0.376286
7.9758	-0.377263
7.98578	-0.378241
7.99576	-0.37922
8.00574	-0.3802
8.01572	-0.381182
8.02571	-0.382166
8.03569	-0.383151
8.04567	-0.384137
8.05565	-0.385124
8.06563	-0.386113
8.07562	-0.387103
8.0856	-0.388095
8.09558	-0.389088
8.10556	-0.390082
8.11554	-0.391078
8.12553	-0.392075
8.13551	-0.393074
8.14549	-0.394074
8.15547	-0.395075
8.16545	-0.396078
8.17544	-0.397082
8.18542	-0.398088
8.1954	-0.399094
8.20538	-0.400103
8.21536	-0.401112
8.22535	-0.402123
8.23533	-0.403136
8.24531	-0.40415
8.25529	-0.405165
8.26527	-0.406182
8.27526	-0.407199
8.28524	-0.408219
8.29522	-0.40924
8.3052	-0.410262
8.31518	-0.411285
8.32517	-0.41231
8.33515	-0.413337
8.34513	-0.414364
8.35511	-0.415394
8.36509	-0.416424
8.37508	-0.417456
8.38506	-0.418489
8.39504	-0.419524
8.40502	-0.42056
8.415	-0.421598
8.42498	-0.422637
8.43497	-0.423677
8.44495	-0.424719
8.45493	-0.425762
8.46491	-0.426806
8.47489	-0.427852
8.48488	-0.4289
8.49486	-0.429948
8.50484	-0.430999
8.51482	-0.43205
8.5248	-0.433103
8.53479	-0.434157
8.54477	-0.435213
8.55475	-0.43627
8.56473	-0.437329
8.57471	-0.438389
8.5847	-0.43945
8.59468	-0.440513
8.60466	-0.441577
8.61464	-0.442643
8.62462	-0.44371
8.63461	-0.444778
8.64459	-0.445848
8.65457	-0.446919
8.66455	-0.447992
8.67453	-0.449066
8.68452	-0.450141
8.6945	-0.451218
8.70448	-0.452297
8.71446	-0.453376
8.72444	-0.454457
8.73443	-0.45554
8.74441	-0.456624
8.75439	-0.457709
8.76437	-0.458796
8.77435	-0.459884
8.78434	-0.460974
8.79432	-0.462065
8.8043	-0.463157
8.81428	-0.464251
8.82426	-0.465347
8.83425	-0.466443
8.84423	-0.467541
8.85421	-0.468641
8.86419	-0.469742
8.87417	-0.470844
8.88416	-0.471948
8.89414	-0.473053
8.90412	-0.47416
8.9141	-0.475268
8.92408	-0.476378
8.93407	-0.477489
8.94405	-0.478601
8.95403	-0.479715
8.96401	-0.48083
8.97399	-0.481947
8.98398	-0.483065
8.99396	-0.484184
9.00394	-0.485305
9.01392	-0.486427
9.0239	-0.487551
9.03389	-0.488676
9.04387	-0.489803
9.05385	-0.490931
9.06383	-0.492061
9.07381	-0.493192
9.0838	-0.494324
9.09378	-0.495458
9.10376	-0.496593
9.11374	-0.49773
9.12372	-0.498868
9.13371	-0.500007
9.14369	-0.501148
9.15367	-0.502291
9.16365	-0.503434
9.17363	-0.50458
9.18362	-0.505726
9.1936	-0.506875
9.20358	-0.508024
9.21356	-0.509175
9.22354	-0.510328
9.23353	-0.511482
9.24351	-0.512637
9.25349	-0.513794
9.26347	-0.514952
9.27345	-0.516112
9.28344	-0.517273
9.29342	-0.518435
9.3034	-0.519599
9.31338	-0.520765
9.32336	-0.521932
9.33335	-0.5231
9.34333	-0.52427
9.35331	-0.525441
9.36329	-0.526614
9.37327	-0.527788
9.38326	-0.528963
9.39324	-0.53014
9.40322	-0.531319
9.4132	-0.532499
9.42318	-0.53368
9.43317	-0.534863
9.44315	-0.536047
9.45313	-0.537233
9.46311	-0.53842
9.47309	-0.539609
9.48308	-0.540799
9.49306	-0.54199
9.50304	-0.543183
9.51302	-0.544377
9.523	-0.545573
9.53299	-0.546771
9.54297	-0.547969
9.55295	-0.54917
9.56293	-0.550371
9.57291	-0.551575
9.5829	-0.552779
9.59288	-0.553985
9.60286	-0.555193
9.61284	-0.556402
9.62282	-0.557612
9.63281	-0.558824
9.64279	-0.560037
9.65277	-0.561252
9.66275	-0.562469
9.67273	-0.563686
9.68272	-0.564906
9.6927	-0.566126
9.70268	-0.567348
9.71266	-0.568572
9.72264	-0.569797
9.73263	-0.571024
9.74261	-0.572252
9.75259	-0.573481
9.76257	-0.574712
9.77255	-0.575944
9.78254	-0.577178
9.79252	-0.578414
9.8025	-0.57965
9.81248	-0.580889
9.82246	-0.582128
9.83245	-0.58337
9.84243	-0.584612
9.85241	-0.585856
9.86239	-0.587102
9.87237	-0.588349
9.88236	-0.589598
9.89234	-0.590848
9.90232	-0.592099
9.9123	-0.593352
9.92228	-0.594607
9.93227	-0.595863
9.94225	-0.59712
9.95223	-0.598379
9.96221	-0.599639
9.97219	-0.600901
9.98218	-0.602164
9.99216	-0.603429
10.0021	-0.604695
10.0121	-0.605963
10.0221	-0.607232
10.0321	-0.608503
10.0421	-0.609775
10.0521	-0.611049
10.062	-0.612324
10.072	-0.613601
10.082	-0.614879
10.092	-0.616158
10.102	-0.617439
10.1119	-0.618722
10.1219	-0.620006
10.1319	-0.621292
10.1419	-0.622579
10.1519	-0.623867
10.1619	-0.625157
10.1718	-0.626448
10.1818	-0.627741
10.1918	-0.629036
10.2018	-0.630332
10.2118	-0.631629
10.2217	-0.632928
10.2317	-0.634229
10.2417	-0.63553
10.2517	-0.636834
10.2617	-0.638139
10.2717	-0.639445
10.2816	-0.640753
10.2916	-0.642062
10.3016	-0.643373
10.3116	-0.644685
10.3216	-0.645999
10.3315	-0.647314
10.3415	-0.648631
10.3515	-0.64995
10.3615	-0.651269
10.3715	-0.652591
10.3815	-0.653913
10.3914	-0.655238
10.4014	-0.656564
10.4114	-0.657891
10.4214	-0.65922
10.4314	-0.66055
10.4413	-0.661882
10.4513	-0.663215
10.4613	-0.66455
10.4713	-0.665886
10.4813	-0.667224
10.4913	-0.668563
10.5012	-0.669904
10.5112	-0.671246
10.5212	-0.67259
10.5312	-0.673935
10.5412	-0.675282
10.5512	-0.67663
10.5611	-0.67798
10.5711	-0.679331
10.5811	-0.680684
10.5911	-0.682039
10.6011	-0.683394
10.611	-0.684752
10.621	-0.686111
10.631	-0.687471
10.641	-0.688833
10.651	-0.690196
10.661	-0.691561
10.6709	-0.692927
10.6809	-0.694295
10.6909	-0.695665
10.7009	-0.697036
10.7109	-0.698408
10.7208	-0.699782
10.7308	-0.701157
10.7408	-0.702534
10.7508	-0.703913
10.7608	-0.705293
10.7708	-0.706674
10.7807	-0.708058
10.7907	-0.709442
10.8007	-0.710828
10.8107	-0.712216
10.8207	-0.713605
10.8306	-0.714995
10.8406	-0.716388
10.8506	-0.717781
10.8606	-0.719176
10.8706	-0.720573
10.8806	-0.721971
10.8905	-0.723371
10.9005	-0.724772
10.9105	-0.726175
10.9205	-0.727579
10.9305	-0.728985
10.9404	-0.730393
10.9504	-0.731801
10.9604	-0.733212
10.9704	-0.734624
10.9804	-0.736037
10.9904	-0.737452
11.0003	-0.738869
11.0103	-0.740287
11.0203	-0.741706
11.0303	-0.743127
11.0403	-0.74455
11.0503	-0.745974
11.0602	-0.7474
11.0702	-0.748827
11.0802	-0.750255
11.0902	-0.751686
11.1002	-0.753117
11.1101	-0.754551
11.1201	-0.755986
11.1301	-0.757422
11.1401	-0.75886
11.1501	-0.760299
11.1601	-0.76174
11.17	-0.763183
11.18	-0.764627
11.19	-0.766072
11.2	-0.767519
11.21	-0.768968
11.2199	-0.770418
11.2299	-0.77187
11.2399	-0.773323
11.2499	-0.774778
11.2599	-0.776234
11.2699	-0.777692
11.2798	-0.779151
11.2898	-0.780612
11.2998	-0.782075
11.3098	-0.783539
11.3198	-0.785004
11.3297	-0.786471
11.3397	-0.78794
11.3497	-0.78941
11.3597	-0.790882
11.3697	-0.792355
11.3797	-0.79383
11.3896	-0.795306
11.3996	-0.796784
11.4096	-0.798263
11.4196	-0.799744
11.4296	-0.801227
11.4395	-0.802711
11.4495	-0.804196
11.4595	-0.805684
11.4695	-0.807172
11.4795	-0.808663
11.4895	-0.810154
11.4994	-0.811648
11.5094	-0.813143
11.5194	-0.814639
11.5294	-0.816137
11.5394	-0.817636
11.5493	-0.819137
11.5593	-0.82064
11.5693	-0.822144
11.5793	-0.82365
11.5893	-0.825157
11.5993	-0.826666
11.6092	-0.828176
11.6192	-0.829688
11.6292	-0.831202
11.6392	-0.832717
11.6492	-0.834233
11.6592	-0.835752
11.6691	-0.837271
11.6791	-0.838793
11.6891	-0.840315
11.6991	-0.84184
11.7091	-0.843366
11.719	-0.844893
11.729	-0.846422
11.739	-0.847953
11.749	-0.849485
11.759	-0.851019
11.769	-0.852554
11.7789	-0.854091
11.7889	-0.855629
11.7989	-0.857169
11.8089	-0.858711
11.8189	-0.860254
11.8288	-0.861798
11.8388	-0.863344
11.8488	-0.864892
11.8588	-0.866441
11.8688	-0.867992
11.8788	-0.869545
11.8887	-0.871099
11.8987	-0.872654
11.9087	-0.874212
11.9187	-0.87577
11.9287	-0.87733
11.9386	-0.878892
11.9486	-0.880456
11.9586	-0.882021
11.9686	-0.883587
11.9786	-0.885155
11.9886	-0.886725
11.9985	-0.888296
12.0085	-0.889869
12.0185	-0.891443
12.0285	-0.893019
12.0385	-0.894597
12.0484	-0.896176
12.0584	-0.897757
12.0684	-0.899339
12.0784	-0.900923
12.0884	-0.902508
12.0984	-0.904095
12.1083	-0.905683
12.1183	-0.907273
12.1283	-0.908865
12.1383	-0.910458
12.1483	-0.912053
12.1583	-0.913649
12.1682	-0.915247
12.1782	-0.916847
12.1882	-0.918448
12.1982	-0.920051
12.2082	-0.921655
12.2181	-0.923261
12.2281	-0.924868
12.2381	-0.926477
12.2481	-0.928088
12.2581	-0.9297
12.2681	-0.931314
12.278	-0.932929
12.288	-0.934546
12.298	-0.936164
12.308	-0.937784
12.318	-0.939406
12.3279	-0.941029
12.3379	-0.942654
12.3479	-0.94428
12.3579	-0.945908
12.3679	-0.947538
12.3779	-0.949169
12.3878	-0.950802
12.3978	-0.952436
12.4078	-0.954072
12.4178	-0.955709
12.4278	-0.957348
12.4377	-0.958989
12.4477	-0.960631
12.4577	-0.962275
12.4677	-0.96392
12.4777	-0.965567
12.4877	-0.967216
12.4976	-0.968866
12.5076	-0.970517
12.5176	-0.972171
12.5276	-0.973826
12.5376	-0.975482
12.5475	-0.97714
12.5575	-0.9788
12.5675	-0.980461
12.5775	-0.982124
12.5875	-0.983788
12.5975	-0.985454
12.6074	-0.987122
12.6174	-0.988791
12.6274	-0.990462
12.6374	-0.992135
12.6474	-0.993808
12.6574	-0.995484
12.6673	-0.997161
12.6773	-0.99884
12.6873	-1.00052
12.6973	-1.0022
12.7073	-1.00389
12.7172	-1.00557
12.7272	-1.00726
12.7372	-1.00895
12.7472	-1.01064
12.7572	-1.01233
12.7672	-1.01402
12.7771	-1.01572
12.7871	-1.01741
12.7971	-1.01911
12.8071	-1.02081
12.8171	-1.02251
12.827	-1.02421
12.837	-1.02592
12.847	-1.02762
12.857	-1.02933
12.867	-1.03104
12.877	-1.03275
12.8869	-1.03446
12.8969	-1.03618
12.9069	-1.03789
12.9169	-1.03961
12.9269	-1.04133
12.9368	-1.04305
12.9468	-1.04477
12.9568	-1.04649
12.9668	-1.04822
12.9768	-1.04995
12.9868	-1.05167
12.9967	-1.0534
13.0067	-1.05514
13.0167	-1.05687
13.0267	-1.0586
13.0367	-1.06034
13.0466	-1.06208
13.0566	-1.06382
13.0666	-1.06556
13.0766	-1.0673
13.0866	-1.06905
13.0966	-1.07079
13.1065	-1.07254
13.1165	-1.07429
13.1265	-1.07604
13.1365	-1.07779
13.1465	-1.07955
13.1565	-1.0813
13.1664	-1.08306
13.1764	-1.08482
13.1864	-1.08658
13.1964	-1.08834
13.2064	-1.0901
13.2163	-1.09187
13.2263	-1.09364
13.2363	-1.0954
13.2463	-1.09717
13.2563	-1.09895
13.2663	-1.10072
13.2762	-1.10249
13.2862	-1.10427
13.2962	-1.10605
13.3062	-1.10783
13.3162	-1.10961
13.3261	-1.11139
13.3361	-1.11318
13.3461	-1.11497
13.3561	-1.11675
13.3661	-1.11854
13.3761	-1.12033
13.386	-1.12213
13.396	-1.12392
13.406	-1.12572
13.416	-1.12751
13.426	-1.12931
13.4359	-1.13111
13.4459	-1.13292
13.4559	-1.13472
13.4659	-1.13653
13.4759	-1.13833
13.4859	-1.14014
13.4958	-1.14195
13.5058	-1.14377
13.5158	-1.14558
13.5258	-1.14739
13.5358	-1.14921
13.5457	-1.15103
13.5557	-1.15285
13.5657	-1.15467
13.5757	-1.1565
13.5857	-1.15832
13.5957	-1.16015
13.6056	-1.16198
13.6156	-1.16381
13.6256	-1.16564
13.6356	-1.16747
13.6456	-1.16931
13.6556	-1.17114
13.6655	-1.17298
13.6755	-1.17482
13.6855	-1.17666
13.6955	-1.1785
13.7055	-1.18035
13.7154	-1.1822
13.7254	-1.18404
13.7354	-1.18589
13.7454	-1.18774
13.7554	-1.1896
13.7654	-1.19145
13.7753	-1.19331
13.7853	-1.19517
13.7953	-1.19702
13.8053	-1.19889
13.8153	-1.20075
13.8252	-1.20261
13.8352	-1.20448
13.8452	-1.20635
13.8552	-1.20821
13.8652	-1.21008
13.8752	-1.21196
13.8851	-1.21383
13.8951	-1.21571
13.9051	-1.21758
13.9151	-1.21946
13.9251	-1.22134
13.935	-1.22322
13.945	-1.22511
13.955	-1.22699
13.965	-1.22888
13.975	-1.23077
13.985	-1.23266
13.9949	-1.23455
14.0049	-1.23645
14.0149	-1.23834
14.0249	-1.24024
14.0349	-1.24214
14.0448	-1.24404
14.0548	-1.24594
14.0648	-1.24784
14.0748	-1.24975
14.0848	-1.25165
14.0948	-1.25356
14.1047	-1.25547
14.1147	-1.25738
14.1247	-1.25929
14.1347	-1.26121
14.1447	-1.26313
14.1547	-1.26504
14.1646	-1.26696
14.1746	-1.26888
14.1846	-1.27081
14.1946	-1.27273
14.2046	-1.27466
14.2145	-1.27659
14.2245	-1.27852
14.2345	-1.28045
14.2445	-1.28238
14.2545	-1.28431
14.2645	-1.28625
14.2744	-1.28819
14.2844	-1.29013
14.2944	-1.29207
14.3044	-1.29401
14.3144	-1.29595
14.3243	-1.2979
14.3343	-1.29985
14.3443	-1.3018
14.3543	-1.30375
14.3643	-1.3057
14.3743	-1.30765
14.3842	-1.30961
14.3942	-1.31157
14.4042	-1.31353
14.4142	-1.31549
14.4242	-1.31745
14.4341	-1.31941
14.4441	-1.32138
14.4541	-1.32335
14.4641	-1.32531
14.4741	-1.32728
14.4841	-1.32926
14.494	-1.33123
14.504	-1.33321
14.514	-1.33518
14.524	-1.33716
14.534	-1.33914
14.5439	-1.34112
14.5539	-1.34311
14.5639	-1.34509
14.5739	-1.34708
14.5839	-1.34907
14.5939	-1.35106
14.6038	-1.35305
14.6138	-1.35504
14.6238	-1.35704
14.6338	-1.35903
14.6438	-1.36103
14.6538	-1.36303
14.6637	-1.36503
14.6737	-1.36704
14.6837	-1.36904
14.6937	-1.37105
14.7037	-1.37306
14.7136	-1.37507
14.7236	-1.37708
14.7336	-1.37909
14.7436	-1.38111
14.7536	-1.38312
14.7636	-1.38514
14.7735	-1.38716
14.7835	-1.38918
14.7935	-1.39121
14.8035	-1.39323
14.8135	-1.39526
14.8234	-1.39729
14.8334	-1.39932
14.8434	-1.40135
14.8534	-1.40338
14.8634	-1.40541
14.8734	-1.40745
14.8833	-1.40949
14.8933	-1.41153
14.9033	-1.41357
14.9133	-1.41561
14.9233	-1.41766
14.9332	-1.4197
14.9432	-1.42175
14.9532	-1.4238
14.9632	-1.42585
14.9732	-1.4279
14.9832	-1.42996
14.9931	-1.43201
15.0031	-1.43407
15.0131	-1.43613
15.0231	-1.43819
15.0331	-1.44025
15.043	-1.44232
15.053	-1.44438
15.063	-1.44645
15.073	-1.44852
15.083	-1.45059
15.093	-1.45267
15.1029	-1.45474
15.1129	-1.45682
15.1229	-1.45889
15.1329	-1.46097
15.1429	-1.46305
15.1529	-1.46513
15.1628	-1.46722
15.1728	-1.4693
15.1828	-1.47139
15.1928	-1.47348
15.2028	-1.47557
15.2127	-1.47766
15.2227	-1.47976
15.2327	-1.48185
15.2427	-1.48395
15.2527	-1.48605
15.2627	-1.48815
15.2726	-1.49025
15.2826	-1.49236
15.2926	-1.49446
15.3026	-1.49657
15.3126	-1.49868
15.3225	-1.50079
15.3325	-1.5029
15.3425	-1.50502
15.3525	-1.50713
15.3625	-1.50925
15.3725	-1.51137
15.3824	-1.51349
15.3924	-1.51561
15.4024	-1.51773
15.4124	-1.51986
15.4224	-1.52199
15.4323	-1.52411
15.4423	-1.52624
15.4523	-1.52838
15.4623	-1.53051
15.4723	-1.53265
15.4823	-1.53478
15.4922	-1.53692
15.5022	-1.53906
15.5122	-1.5412
15.5222	-1.54335
15.5322	-1.54549
15.5421	-1.54764
15.5521	-1.54979
15.5621	-1.55194
15.5721	-1.55409
15.5821	-1.55624
15.5921	-1.5584
15.602	-1.56056
15.612	-1.56271
15.622	-1.56487
15.632	-1.56704
15.642	-1.5692
15.652	-1.57136
15.6619	-1.57353
15.6719	-1.5757
15.6819	-1.57787
15.6919	-1.58004
15.7019	-1.58222
15.7118	-1.58439
15.7218	-1.58657
15.7318	-1.58875
15.7418	-1.59093
15.7518	-1.59311
15.7618	-1.59529
15.7717	-1.59748
15.7817	-1.59966
15.7917	-1.60185
15.8017	-1.60404
15.8117	-1.60623
15.8216	-1.60842
15.8316	-1.61062
15.8416	-1.61282
15.8516	-1.61501
15.8616	-1.61721
15.8716	-1.61942
15.8815	-1.62162
15.8915	-1.62382
15.9015	-1.62603
15.9115	-1.62824
15.9215	-1.63045
15.9314	-1.63266
15.9414	-1.63487
15.9514	-1.63709
15.9614	-1.6393
15.9714	-1.64152
15.9814	-1.64374
15.9913	-1.64596
16.0013	-1.64819
16.0113	-1.65041
16.0213	-1.65264
16.0313	-1.65487
16.0412	-1.6571
16.0512	-1.65933
16.0612	-1.66156
16.0712	-1.66379
16.0812	-1.66603
16.0912	-1.66827
16.1011	-1.67051
16.1111	-1.67275
16.1211	-1.67499
16.1311	-1.67724
16.1411	-1.67948
16.1511	-1.68173
16.161	-1.68398
16.171	-1.68623
16.181	-1.68848
16.191	-1.69074
16.201	-1.693
16.2109	-1.69525
16.2209	-1.69751
16.2309	-1.69977
16.2409	-1.70204
16.2509	-1.7043
16.2609	-1.70657
16.2708	-1.70883
16.2808	-1.7111
16.2908	-1.71338
16.3008	-1.71565
16.3108	-1.71792
16.3207	-1.7202
16.3307	-1.72248
16.3407	-1.72476
16.3507	-1.72704
16.3607	-1.72932
16.3707	-1.7316
16.3806	-1.73389
16.3906	-1.73618
16.4006	-1.73847
16.4106	-1.74076
16.4206	-1.74305
16.4305	-1.74534
16.4405	-1.74764
16.4505	-1.74994
16.4605	-1.75224
16.4705	-1.75454
16.4805	-1.75684
16.4904	-1.75914
16.5004	-1.76145
16.5104	-1.76376
16.5204	-1.76607
16.5304	-1.76838
16.5403	-1.77069
16.5503	-1.773
16.5603	-1.77532
16.5703	-1.77764
16.5803	-1.77996
16.5903	-1.78228
16.6002	-1.7846
16.6102	-1.78692
16.6202	-1.78925
16.6302	-1.79158
16.6402	-1.7939
16.6502	-1.79624
16.6601	-1.79857
16.6701	-1.8009
16.6801	-1.80324
16.6901	-1.80557
16.7001	-1.80791
16.71	-1.81025
16.72	-1.8126
16.73	-1.81494
16.74	-1.81728
16.75	-1.81963
16.76	-1.82198
16.7699	-1.82433
16.7799	-1.82668
16.7899	-1.82904
16.7999	-1.83139
16.8099	-1.83375
16.8198	-1.83611
16.8298	-1.83847
16.8398	-1.84083
16.8498	-1.84319
16.8598	-1.84556
16.8698	-1.84793
16.8797	-1.85029
16.8897	-1.85266
16.8997	-1.85504
16.9097	-1.85741
16.9197	-1.85979
16.9296	-1.86216
16.9396	-1.86454
16.9496	-1.86692
16.9596	-1.8693
16.9696	-1.87169
16.9796	-1.87407
16.9895	-1.87646
16.9995	-1.87885
17.0095	-1.88124
17.0195	-1.88363
17.0295	-1.88602
17.0394	-1.88842
17.0494	-1.89081
17.0594	-1.89321
17.0694	-1.89561
17.0794	-1.89801
17.0894	-1.90042
17.0993	-1.90282
17.1093	-1.90523
17.1193	-1.90764
17.1293	-1.91004
17.1393	-1.91246
17.1492	-1.91487
17.1592	-1.91728
17.1692	-1.9197
17.1792	-1.92212
17.1892	-1.92454
17.1992	-1.92696
17.2091	-1.92938
17.2191	-1.93181
17.2291	-1.93423
17.2391	-1.93666
17.2491	-1.93909
17.2591	-1.94152
17.269	-1.94395
17.279	-1.94639
17.289	-1.94883
17.299	-1.95126
17.309	-1.9537
17.3189	-1.95614
17.3289	-1.95859
17.3389	-1.96103
17.3489	-1.96348
17.3589	-1.96592
17.3689	-1.96837
17.3788	-1.97082
17.3888	-1.97328
17.3988	-1.97573
17.4088	-1.97819
17.4188	-1.98064
17.4287	-1.9831
17.4387	-1.98556
17.4487	-1.98803
17.4587	-1.99049
17.4687	-1.99296
17.4787	-1.99542
17.4886	-1.99789
17.4986	-2.00036
17.5086	-2.00284
17.5186	-2.00531
17.5286	-2.00779
17.5385	-2.01026
17.5485	-2.01274
17.5585	-2.01522
17.5685	-2.0177
17.5785	-2.02019
17.5885	-2.02267
17.5984	-2.02516
17.6084	-2.02765
17.6184	-2.03014
17.6284	-2.03263
17.6384	-2.03512
17.6483	-2.03762
17.6583	-2.04012
17.6683	-2.04261
17.6783	-2.04511
17.6883	-2.04762
17.6983	-2.05012
17.7082	-2.05262
17.7182	-2.05513
17.7282	-2.05764
17.7382	-2.06015
17.7482	-2.06266
17.7582	-2.06517
17.7681	-2.06769
17.7781	-2.07021
17.7881	-2.07272
17.7981	-2.07524
17.8081	-2.07776
17.818	-2.08029
17.828	-2.08281
17.838	-2.08534
17.848	-2.08787
17.858	-2.0904
17.868	-2.09293
17.8779	-2.09546
17.8879	-2.09799
17.8979	-2.10053
17.9079	-2.10307
17.9179	-2.10561
17.9278	-2.10815
17.9378	-2.11069
17.9478	-2.11324
17.9578	-2.11578
17.9678	-2.11833
17.9778	-2.12088
17.9877	-2.12343
17.9977	-2.12598
18.0077	-2.12853
18.0177	-2.13109
18.0277	-2.13365
18.0376	-2.13621
18.0476	-2.13877
18.0576	-2.14133
18.0676	-2.14389
18.0776	-2.14646
18.0876	-2.14903
18.0975	-2.15159
18.1075	-2.15416
18.1175	-2.15674
18.1275	-2.15931
18.1375	-2.16188
18.1474	-2.16446
18.1574	-2.16704
18.1674	-2.16962
18.1774	-2.1722
18.1874	-2.17478
18.1974	-2.17737
18.2073	-2.17996
18.2173	-2.18254
18.2273	-2.18513
18.2373	-2.18773
18.2473	-2.19032
18.2573	-2.19291
18.2672	-2.19551
18.2772	-2.19811
18.2872	-2.20071
18.2972	-2.20331
18.3072	-2.20591
18.3171	-2.20851
18.3271	-2.21112
18.3371	-2.21373
18.3471	-2.21634
18.3571	-2.21895
18.3671	-2.22156
18.377	-2.22417
18.387	-2.22679
18.397	-2.22941
18.407	-2.23203
18.417	-2.23465
18.4269	-2.23727
18.4369	-2.23989
18.4469	-2.24252
18.4569	-2.24514
18.4669	-2.24777
18.4769	-2.2504
18.4868	-2.25304
18.4968	-2.25567
18.5068	-2.2583
18.5168	-2.26094
18.5268	-2.26358
18.5367	-2.26622
18.5467	-2.26886
18.5567	-2.2715
18.5667	-2.27415
18.5767	-2.27679
18.5867	-2.27944
18.5966	-2.28209
18.6066	-2.28474
18.6166	-2.2874
18.6266	-2.29005
18.6366	-2.29271
18.6465	-2.29536
18.6565	-2.29802
18.6665	-2.30068
18.6765	-2.30335
18.6865	-2.30601
18.6965	-2.30868
18.7064	-2.31134
18.7164	-2.31401
18.7264	-2.31668
18.7364	-2.31935
18.7464	-2.32203
18.7564	-2.3247
18.7663	-2.32738
18.7763	-2.33006
18.7863	-2.33274
18.7963	-2.33542
18.8063	-2.3381
18.8162	-2.34079
18.8262	-2.34347
18.8362	-2.34616
18.8462	-2.34885
18.8562	-2.35154
18.8662	-2.35424
18.8761	-2.35693
18.8861	-2.35963
18.8961	-2.36232
18.9061	-2.36502
18.9161	-2.36773
18.926	-2.37043
18.936	-2.37313
18.946	-2.37584
18.956	-2.37854
18.966	-2.38125
18.976	-2.38396
18.9859	-2.38668
18.9959	-2.38939
19.0059	-2.39211
19.0159	-2.39482
19.0259	-2.39754
19.0358	-2.40026
19.0458	-2.40298
19.0558	-2.40571
19.0658	-2.40843
19.0758	-2.41116
19.0858	-2.41388
19.0957	-2.41661
19.1057	-2.41935
19.1157	-2.42208
19.1257	-2.42481
19.1357	-2.42755
19.1456	-2.43029
19.1556	-2.43303
19.1656	-2.43577
19.1756	-2.43851
19.1856	-2.44125
19.1956	-2.444
19.2055	-2.44674
19.2155	-2.44949
19.2255	-2.45224
19.2355	-2.455
19.2455	-2.45775
19.2555	-2.4605
19.2654	-2.46326
19.2754	-2.46602
19.2854	-2.46878
19.2954	-2.47154
19.3054	-2.4743
19.3153	-2.47707
19.3253	-2.47983
19.3353	-2.4826
19.3453	-2.48537
19.3553	-2.48814
19.3653	-2.49091
19.3752	-2.49369
19.3852	-2.49646
19.3952	-2.49924
19.4052	-2.50202
19.4152	-2.5048
19.4251	-2.50758
19.4351	-2.51036
19.4451	-2.51315
19.4551	-2.51594
19.4651	-2.51872
19.4751	-2.52151
19.485	-2.52431
19.495	-2.5271
19.505	-2.52989
19.515	-2.53269
19.525	-2.53549
19.5349	-2.53829
19.5449	-2.54109
19.5549	-2.54389
19.5649	-2.54669
19.5749	-2.5495
19.5849	-2.55231
19.5948	-2.55511
19.6048	-2.55792
19.6148	-2.56074
19.6248	-2.56355
19.6348	-2.56636
19.6447	-2.56918
19.6547	-2.572
19.6647	-2.57482
19.6747	-2.57764
19.6847	-2.58046
19.6947	-2.58329
19.7046	-2.58611
19.7146	-2.58894
19.7246	-2.59177
19.7346	-2.5946
19.7446	-2.59743
19.7546	-2.60027
19.7645	-2.6031
19.7745	-2.60594
19.7845	-2.60878
19.7945	-2.61162
19.8045	-2.61446
19.8144	-2.6173
19.8244	-2.62014
19.8344	-2.62299
19.8444	-2.62584
19.8544	-2.62869
19.8644	-2.63154
19.8743	-2.63439
19.8843	-2.63725
19.8943	-2.6401
19.9043	-2.64296
19.9143	-2.64582
19.9242	-2.64868
19.9342	-2.65154
19.9442	-2.6544
19.9542	-2.65727
19.9642	-2.66013
19.9742	-2.663
19.9841	-2.66587
19.9941	-2.66874
20.0041	-2.67161
20.0141	-2.67449
20.0241	-2.67736
20.034	-2.68024
20.044	-2.68312
20.054	-2.686
20.064	-2.68888
20.074	-2.69177
20.084	-2.69465
20.0939	-2.69754
20.1039	-2.70042
20.1139	-2.70331
20.1239	-2.70621
20.1339	-2.7091
20.1438	-2.71199
20.1538	-2.71489
20.1638	-2.71779
20.1738	-2.72068
20.1838	-2.72358
20.1938	-2.72649
20.2037	-2.72939
20.2137	-2.73229
20.2237	-2.7352
20.2337	-2.73811
20.2437	-2.74102
20.2537	-2.74393
20.2636	-2.74684
20.2736	-2.74976
20.2836	-2.75267
20.2936	-2.75559
20.3036	-2.75851
20.3135	-2.76143
20.3235	-2.76435
20.3335	-2.76727
20.3435	-2.7702
20.3535	-2.77313
20.3635	-2.77605
20.3734	-2.77898
20.3834	-2.78191
20.3934	-2.78485
20.4034	-2.78778
20.4134	-2.79072
20.4233	-2.79365
20.4333	-2.79659
20.4433	-2.79953
20.4533	-2.80247
20.4633	-2.80542
20.4733	-2.80836
20.4832	-2.81131
20.4932	-2.81426
20.5032	-2.81721
20.5132	-2.82016
20.5232	-2.82311
20.5331	-2.82606
20.5431	-2.82902
20.5531	-2.83198
20.5631	-2.83493
20.5731	-2.83789
20.5831	-2.84086
20.593	-2.84382
20.603	-2.84678
20.613	-2.84975
20.623	-2.85272
20.633	-2.85569
20.6429	-2.85866
20.6529	-2.86163
20.6629	-2.8646
20.6729	-2.86758
20.6829	-2.87055
20.6929	-2.87353
20.7028	-2.87651
20.7128	-2.87949
20.7228	-2.88248
20.7328	-2.88546
20.7428	-2.88845
20.7528	-2.89143
20.7627	-2.89442
20.7727	-2.89741
20.7827	-2.9004
20.7927	-2.9034
20.8027	-2.90639
20.8126	-2.90939
20.8226	-2.91238
20.8326	-2.91538
20.8426	-2.91838
20.8526	-2.92139
20.8626	-2.92439
20.8725	-2.9274
20.8825	-2.9304
20.8925	-2.93341
20.9025	-2.93642
20.9125	-2.93943
20.9224	-2.94244
20.9324	-2.94546
20.9424	-2.94847
20.9524	-2.95149
20.9624	-2.95451
20.9724	-2.95753
20.9823	-2.96055
20.9923	-2.96358
21.0023	-2.9666
21.0123	-2.96963
21.0223	-2.97265
21.0322	-2.97568
21.0422	-2.97871
21.0522	-2.98175
21.0622	-2.98478
21.0722	-2.98781
21.0822	-2.99085
21.0921	-2.99389
21.1021	-2.99693
21.1121	-2.99997
21.1221	-3.00301
21.1321	-3.00606
21.142	-3.0091
21.152	-3.01215
21.162	-3.0152
21.172	-3.01825
21.182	-3.0213
21.192	-3.02435
21.2019	-3.02741
21.2119	-3.03046
21.2219	-3.03352
21.2319	-3.03658
21.2419	-3.03964
21.2519	-3.0427
21.2618	-3.04576
21.2718	-3.04883
21.2818	-3.05189
21.2918	-3.05496
21.3018	-3.05803
21.3117	-3.0611
21.3217	-3.06417
21.3317	-3.06725
21.3417	-3.07032
21.3517	-3.0734
21.3617	-3.07648
21.3716	-3.07956
21.3816	-3.08264
21.3916	-3.08572
21.4016	-3.0888
21.4116	-3.09189
21.4215	-3.09497
21.4315	-3.09806
21.4415	-3.10115
21.4515	-3.10424
21.4615	-3.10734
21.4715	-3.11043
21.4814	-3.11353
21.4914	-3.11662
21.5014	-3.11972
21.5114	-3.12282
21.5214	-3.12592
21.5313	-3.12902
21.5413	-3.13213
21.5513	-3.13523
21.5613	-3.13834
21.5713	-3.14145
21.5813	-3.14456
21.5912	-3.14767
21.6012	-3.15079
21.6112	-3.1539
21.6212	-3.15702
21.6312	-3.16013
21.6411	-3.16325
21.6511	-3.16637
21.6611	-3.16949
21.6711	-3.17262
21.6811	-3.17574
21.6911	-3.17887
21.701	-3.18199
21.711	-3.18512
21.721	-3.18825
21.731	-3.19139
21.741	-3.19452
21.751	-3.19765
21.7609	-3.20079
21.7709	-3.20393
21.7809	-3.20707
21.7909	-3.21021
21.8009	-3.21335
21.8108	-3.21649
21.8208	-3.21964
21.8308	-3.22278
21.8408	-3.22593
21.8508	-3.22908
21.8608	-3.23223
21.8707	-3.23538
21.8807	-3.23853
21.8907	-3.24169
21.9007	-3.24484
21.9107	-3.248
21.9206	-3.25116
21.9306	-3.25432
21.9406	-3.25748
21.9506	-3.26065
21.9606	-3.26381
21.9706	-3.26698
21.9805	-3.27015
21.9905	-3.27331
22.0005	-3.27648
22.0105	-3.27966
22.0205	-3.28283
22.0304	-3.286
22.0404	-3.28918
22.0504	-3.29236
22.0604	-3.29554
22.0704	-3.29872
22.0804	-3.3019
22.0903	-3.30508
22.1003	-3.30827
22.1103	-3.31145
22.1203	-3.31464
22.1303	-3.31783
22.1402	-3.32102
22.1502	-3.32421
22.1602	-3.3274
22.1702	-3.3306
22.1802	-3.33379
22.1902	-3.33699
22.2001	-3.34019
22.2101	-3.34339
22.2201	-3.34659
22.2301	-3.3498
22.2401	-3.353
22.2501	-3.35621
22.26	-3.35941
22.27	-3.36262
22.28	-3.36583
22.29	-3.36904
22.3	-3.37226
22.3099	-3.37547
22.3199	-3.37869
22.3299	-3.3819
22.3399	-3.38512
22.3499	-3.38834
22.3599	-3.39156
22.3698	-3.39478
22.3798	-3.39801
22.3898	-3.40123
22.3998	-3.40446
22.4098	-3.40769
22.4197	-3.41092
22.4297	-3.41415
22.4397	-3.41738
22.4497	-3.42061
22.4597	-3.42385
22.4697	-3.42709
22.4796	-3.43032
22.4896	-3.43356
22.4996	-3.4368
22.5096	-3.44005
22.5196	-3.44329
22.5295	-3.44653
22.5395	-3.44978
22.5495	-3.45303
22.5595	-3.45628
22.5695	-3.45953
22.5795	-3.46278
22.5894	-3.46603
22.5994	-3.46929
22.6094	-3.47254
22.6194	-3.4758
22.6294	-3.47906
22.6393	-3.48232
22.6493	-3.48558
22.6593	-3.48884
22.6693	-3.4921
22.6793	-3.49537
22.6893	-3.49864
22.6992	-3.50191
22.7092	-3.50517
22.7192	-3.50845
22.7292	-3.51172
22.7392	-3.51499
22.7491	-3.51827
22.7591	-3.52154
22.7691	-3.52482
22.7791	-3.5281
22.7891	-3.53138
22.7991	-3.53466
22.809	-3.53794
22.819	-3.54123
22.829	-3.54452
22.839	-3.5478
22.849	-3.55109
22.859	-3.55438
22.8689	-3.55767
22.8789	-3.56096
22.8889	-3.56426
22.8989	-3.56755
22.9089	-3.57085
22.9188	-3.57415
22.9288	-3.57745
22.9388	-3.58075
22.9488	-3.58405
22.9588	-3.58735
22.9688	-3.59066
22.9787	-3.59397
22.9887	-3.59727
22.9987	-3.60058
23.0087	-3.60389
23.0187	-3.6072
23.0286	-3.61052
23.0386	-3.61383
23.0486	-3.61715
23.0586	-3.62046
23.0686	-3.62378
23.0786	-3.6271
23.0885	-3.63042
23.0985	-3.63374
23.1085	-3.63707
23.1185	-3.64039
23.1285	-3.64372
23.1384	-3.64705
23.1484	-3.65037
23.1584	-3.65371
23.1684	-3.65704
23.1784	-3.66037
23.1884	-3.6637
23.1983	-3.66704
23.2083	-3.67038
23.2183	-3.67371
23.2283	-3.67705
23.2383	-3.68039
23.2482	-3.68374
23.2582	-3.68708
23.2682	-3.69043
23.2782	-3.69377
23.2882	-3.69712
23.2982	-3.70047
23.3081	-3.70382
23.3181	-3.70717
23.3281	-3.71052
23.3381	-3.71388
23.3481	-3.71723
23.3581	-3.72059
23.368	-3.72395
23.378	-3.72731
23.388	-3.73067
23.398	-3.73403
23.408	-3.73739
23.4179	-3.74076
23.4279	-3.74412
23.4379	-3.74749
23.4479	-3.75086
23.4579	-3.75423
23.4679	-3.7576
23.4778	-3.76097
23.4878	-3.76434
23.4978	-3.76772
23.5078	-3.7711
23.5178	-3.77447
23.5277	-3.77785
23.5377	-3.78123
23.5477	-3.78461
23.5577	-3.788
23.5677	-3.79138
23.5777	-3.79477
23.5876	-3.79815
23.5976	-3.80154
23.6076	-3.80493
23.6176	-3.80832
23.6276	-3.81171
23.6375	-3.81511
23.6475	-3.8185
23.6575	-3.8219
23.6675	-3.82529
23.6775	-3.82869
23.6875	-3.83209
23.6974	-3.83549
23.7074	-3.83889
23.7174	-3.8423
23.7274	-3.8457
23.7374	-3.84911
23.7473	-3.85252
23.7573	-3.85592
23.7673	-3.85933
23.7773	-3.86275
23.7873	-3.86616
23.7973	-3.86957
23.8072	-3.87299
23.8172	-3.8764
23.8272	-3.87982
23.8372	-3.88324
23.8472	-3.88666
23.8572	-3.89008
23.8671	-3.8935
23.8771	-3.89693
23.8871	-3.90035
23.8971	-3.90378
23.9071	-3.90721
23.917	-3.91064
23.927	-3.91407
23.937	-3.9175
23.947	-3.92093
23.957	-3.92436
23.967	-3.9278
23.9769	-3.93124
23.9869	-3.93467
23.9969	-3.93811
24.0069	-3.94155
24.0169	-3.945
24.0268	-3.94844
24.0368	-3.95188
24.0468	-3.95533
24.0568	-3.95877
24.0668	-3.96222
24.0768	-3.96567
24.0867	-3.96912
24.0967	-3.97257
24.1067	-3.97603
24.1167	-3.97948
24.1267	-3.98294
24.1366	-3.98639
24.1466	-3.98985
24.1566	-3.99331
24.1666	-3.99677
24.1766	-4.00023
24.1866	-4.00369
24.1965	-4.00716
24.2065	-4.01062
24.2165	-4.01409
24.2265	-4.01756
24.2365	-4.02103
24.2464	-4.0245
24.2564	-4.02797
24.2664	-4.03144
24.2764	-4.03491
24.2864	-4.03839
24.2964	-4.04187
24.3063	-4.04534
24.3163	-4.04882
24.3263	-4.0523
24.3363	-4.05578
24.3463	-4.05927
24.3563	-4.06275
24.3662	-4.06624
24.3762	-4.06972
24.3862	-4.07321
24.3962	-4.0767
24.4062	-4.08019
24.4161	-4.08368
24.4261	-4.08717
24.4361	-4.09067
24.4461	-4.09416
24.4561	-4.09766
24.4661	-4.10115
24.476	-4.10465
24.486	-4.10815
24.496	-4.11165
24.506	-4.11516
24.516	-4.11866
24.5259	-4.12216
24.5359	-4.12567
24.5459	-4.12918
24.5559	-4.13268
24.5659	-4.13619
24.5759	-4.1397
24.5858	-4.14322
24.5958	-4.14673
24.6058	-4.15024
24.6158	-4.15376
24.6258	-4.15728
24.6357	-4.16079
24.6457	-4.16431
24.6557	-4.16783
24.6657	-4.17135
24.6757	-4.17488
24.6857	-4.1784
24.6956	-4.18193
24.7056	-4.18545
24.7156	-4.18898
24.7256	-4.19251
24.7356	-4.19604
24.7455	-4.19957
24.7555	-4.2031
24.7655	-4.20663
24.7755	-4.21017
24.7855	-4.2137
24.7955	-4.21724
24.8054	-4.22078
24.8154	-4.22432
24.8254	-4.22786
24.8354	-4.2314
24.8454	-4.23494
24.8554	-4.23849
24.8653	-4.24203
24.8753	-4.24558
24.8853	-4.24913
24.8953	-4.25268
24.9053	-4.25623
24.9152	-4.25978
24.9252	-4.26333
24.9352	-4.26688
24.9452	-4.27044
24.9552	-4.27399
24.9652	-4.27755
24.9751	-4.28111
24.9851	-4.28467
24.9951	-4.28823
25.0051	-4.29179
25.0151	-4.29535
25.025	-4.29892
25.035	-4.30248
25.045	-4.30605
25.055	-4.30962
25.065	-4.31318
25.075	-4.31675
25.0849	-4.32032
25.0949	-4.3239
25.1049	-4.32747
25.1149	-4.33104
25.1249	-4.33462
25.1348	-4.3382
25.1448	-4.34177
25.1548	-4.34535
25.1648	-4.34893
25.1748	-4.35252
25.1848	-4.3561
25.1947	-4.35968
25.2047	-4.36327
25.2147	-4.36685
25.2247	-4.37044
25.2347	-4.37403
25.2446	-4.37762
25.2546	-4.38121
25.2646	-4.3848
25.2746	-4.38839
25.2846	-4.39199
25.2946	-4.39558
25.3045	-4.39918
25.3145	-4.40278
25.3245	-4.40637
25.3345	-4.40997
25.3445	-4.41357
25.3545	-4.41718
25.3644	-4.42078
25.3744	-4.42438
25.3844	-4.42799
25.3944	-4.4316
25.4044	-4.4352
25.4143	-4.43881
25.4243	-4.44242
25.4343	-4.44603
25.4443	-4.44964
25.4543	-4.45326
25.4643	-4.45687
25.4742	-4.46049
25.4842	-4.4641
25.4942	-4.46772
25.5042	-4.47134
25.5142	-4.47496
25.5241	-4.47858
25.5341	-4.4822
25.5441	-4.48583
25.5541	-4.48945
25.5641	-4.49308
25.5741	-4.4967
25.584	-4.50033
25.594	-4.50396
25.604	-4.50759
25.614	-4.51122
25.624	-4.51485
25.6339	-4.51849
25.6439	-4.52212
25.6539	-4.52576
25.6639	-4.52939
25.6739	-4.53303
25.6839	-4.53667
25.6938	-4.54031
25.7038	-4.54395
25.7138	-4.54759
25.7238	-4.55124
25.7338	-4.55488
25.7437	-4.55853
25.7537	-4.56217
25.7637	-4.56582
25.7737	-4.56947
25.7837	-4.57312
25.7937	-4.57677
25.8036	-4.58042
25.8136	-4.58408
25.8236	-4.58773
25.8336	-4.59139
25.8436	-4.59504
25.8536	-4.5987
25.8635	-4.60236
25.8735	-4.60602
25.8835	-4.60968
25.8935	-4.61334
25.9035	-4.617
25.9134	-4.62067
25.9234	-4.62433
25.9334	-4.628
25.9434	-4.63167
25.9534	-4.63533
25.9634	-4.639
25.9733	-4.64267
25.9833	-4.64635
25.9933	-4.65002
26.0033	-4.65369
26.0133	-4.65737
26.0232	-4.66104
26.0332	-4.66472
26.0432	-4.6684
26.0532	-4.67208
26.0632	-4.67576
26.0732	-4.67944
26.0831	-4.68312
26.0931	-4.6868
26.1031	-4.69049
26.1131	-4.69417
26.1231	-4.69786
26.133	-4.70155
26.143	-4.70524
26.153	-4.70893
26.163	-4.71262
26.173	-4.71631
26.183	-4.72
26.1929	-4.7237
26.2029	-4.72739
26.2129	-4.73109
26.2229	-4.73478
26.2329	-4.73848
26.2428	-4.74218
26.2528	-4.74588
26.2628	-4.74958
26.2728	-4.75328
26.2828	-4.75699
26.2928	-4.76069
26.3027	-4.7644
26.3127	-4.7681
26.3227	-4.77181
26.3327	-4.77552
26.3427	-4.77923
26.3527	-4.78294
26.3626	-4.78665
26.3726	-4.79037
26.3826	-4.79408
26.3926	-4.79779
26.4026	-4.80151
26.4125	-4.80523
26.4225	-4.80894
26.4325	-4.81266
26.4425	-4.81638
26.4525	-4.8201
26.4625	-4.82383
26.4724	-4.82755
26.4824	-4.83127
26.4924	-4.835
26.5024	-4.83873
26.5124	-4.84245
26.5223	-4.84618
26.5323	-4.84991
26.5423	-4.85364
26.5523	-4.85737
26.5623	-4.8611
26.5723	-4.86484
26.5822	-4.86857
26.5922	-4.87231
26.6022	-4.87604
26.6122	-4.87978
26.6222	-4.88352
26.6321	-4.88726
26.6421	-4.891
26.6521	-4.89474
26.6621	-4.89848
26.6721	-4.90223
26.6821	-4.90597
26.692	-4.90972
26.702	-4.91346
26.712	-4.91721
26.722	-4.92096
26.732	-4.92471
26.7419	-4.92846
26.7519	-4.93221
26.7619	-4.93596
26.7719	-4.93972
26.7819	-4.94347
26.7919	-4.94723
26.8018	-4.95098
26.8118	-4.95474
26.8218	-4.9585
26.8318	-4.96226
26.8418	-4.96602
26.8518	-4.96978
26.8617	-4.97354
26.8717	-4.9773
26.8817	-4.98107
26.8917	-4.98483
26.9017	-4.9886
26.9116	-4.99237
26.9216	-4.99614
26.9316	-4.99991
26.9416	-5.00368
26.9516	-5.00745
26.9616	-5.01122
26.9715	-5.01499
26.9815	-5.01877
26.9915	-5.02254
27.0015	-5.02632
27.0115	-5.0301
27.0214	-5.03387
27.0314	-5.03765
27.0414	-5.04143
27.0514	-5.04521
27.0614	-5.049
27.0714	-5.05278
27.0813	-5.05656
27.0913	-5.06035
27.1013	-5.06413
27.1113	-5.06792
27.1213	-5.07171
27.1312	-5.0755
27.1412	-5.07929
27.1512	-5.08308
27.1612	-5.08687
27.1712	-5.09066
27.1812	-5.09446
27.1911	-5.09825
27.2011	-5.10205
27.2111	-5.10584
27.2211	-5.10964
27.2311	-5.11344
27.241	-5.11724
27.251	-5.12104
27.261	-5.12484
27.271	-5.12864
27.281	-5.13244
27.291	-5.13625
27.3009	-5.14005
27.3109	-5.14386
27.3209	-5.14767
27.3309	-5.15147
27.3409	-5.15528
27.3509	-5.15909
27.3608	-5.1629
27.3708	-5.16671
27.3808	-5.17053
27.3908	-5.17434
27.4008	-5.17816
27.4107	-5.18197
27.4207	-5.18579
27.4307	-5.1896
27.4407	-5.19342
27.4507	-5.19724
27.4607	-5.20106
27.4706	-5.20488
27.4806	-5.2087
27.4906	-5.21253
27.5006	-5.21635
27.5106	-5.22018
27.5205	-5.224
27.5305	-5.22783
27.5405	-5.23166
27.5505	-5.23548
27.5605	-5.23931
27.5705	-5.24314
27.5804	-5.24697
27.5904	-5.25081
27.6004	-5.25464
27.6104	-5.25847
27.6204	-5.26231
27.6303	-5.26614
27.6403	-5.26998
27.6503	-5.27382
27.6603	-5.27766
27.6703	-5.2815
27.6803	-5.28534
27.6902	-5.28918
27.7002	-5.29302
27.7102	-5.29686
27.7202	-5.30071
27.7302	-5.30455
27.7401	-5.3084
27.7501	-5.31224
27.7601	-5.31609
27.7701	-5.31994
27.7801	-5.32379
27.7901	-5.32764
27.8	-5.33149
27.81	-5.33534
27.82	-5.3392
27.83	-5.34305
27.84	-5.34691
27.8499	-5.35076
27.8599	-5.35462
27.8699	-5.35847
27.8799	-5.36233
27.8899	-5.36619
27.8999	-5.37005
27.9098	-5.37391
27.9198	-5.37778
27.9298	-5.38164
27.9398	-5.3855
27.9498	-5.38937
27.9598	-5.39323
27.9697	-5.3971
27.9797	-5.40097
27.9897	-5.40483
27.9997	-5.4087
28.0097	-5.41257
28.0196	-5.41644
28.0296	-5.42031
28.0396	-5.42419
28.0496	-5.42806
28.0596	-5.43193
28.0696	-5.43581
28.0795	-5.43969
28.0895	-5.44356
28.0995	-5.44744
28.1095	-5.45132
28.1195	-5.4552
28.1294	-5.45908
28.1394	-5.46296
28.1494	-5.46684
28.1594	-5.47072
28.1694	-5.47461
28.1794	-5.47849
28.1893	-5.48238
28.1993	-5.48627
28.2093	-5.49015
28.2193	-5.49404
28.2293	-5.49793
28.2392	-5.50182
28.2492	-5.50571
28.2592	-5.5096
28.2692	-5.51349
28.2792	-5.51739
28.2892	-5.52128
28.2991	-5.52518
28.3091	-5.52907
28.3191	-5.53297
28.3291	-5.53687
28.3391	-5.54076
28.349	-5.54466
28.359	-5.54856
28.369	-5.55246
28.379	-5.55637
28.389	-5.56027
28.399	-5.56417
28.4089	-5.56808
28.4189	-5.57198
28.4289	-5.57589
28.4389	-5.57979
28.4489	-5.5837
28.4589	-5.58761
28.4688	-5.59152
28.4788	-5.59543
28.4888	-5.59934
28.4988	-5.60325
28.5088	-5.60716
28.5187	-5.61108
28.5287	-5.61499
28.5387	-5.61891
28.5487	-5.62282
28.5587	-5.62674
28.5687	-5.63066
28.5786	-5.63458
28.5886	-5.63849
28.5986	-5.64241
28.6086	-5.64634
28.6186	-5.65026
28.6285	-5.65418
28.6385	-5.6581
28.6485	-5.66203
28.6585	-5.66595
28.6685	-5.66988
28.6785	-5.6738
28.6884	-5.67773
28.6984	-5.68166
28.7084	-5.68559
28.7184	-5.68952
28.7284	-5.69345
28.7383	-5.69738
28.7483	-5.70131
28.7583	-5.70525
28.7683	-5.70918
28.7783	-5.71311
28.7883	-5.71705
28.7982	-5.72099
28.8082	-5.72492
28.8182	-5.72886
28.8282	-5.7328
28.8382	-5.73674
28.8481	-5.74068
28.8581	-5.74462
28.8681	-5.74856
28.8781	-5.7525
28.8881	-5.75645
28.8981	-5.76039
28.908	-5.76434
28.918	-5.76828
28.928	-5.77223
28.938	-5.77618
28.948	-5.78013
28.958	-5.78407
28.9679	-5.78802
28.9779	-5.79197
28.9879	-5.79593
28.9979	-5.79988
29.0079	-5.80383
29.0178	-5.80779
29.0278	-5.81174
29.0378	-5.81569
29.0478	-5.81965
29.0578	-5.82361
29.0678	-5.82757
29.0777	-5.83152
29.0877	-5.83548
29.0977	-5.83944
29.1077	-5.8434
29.1177	-5.84736
29.1276	-5.85133
29.1376	-5.85529
29.1476	-5.85925
29.1576	-5.86322
29.1676	-5.86718
29.1776	-5.87115
29.1875	-5.87512
29.1975	-5.87908
29.2075	-5.88305
29.2175	-5.88702
29.2275	-5.89099
29.2374	-5.89496
29.2474	-5.89893
29.2574	-5.90291
29.2674	-5.90688
29.2774	-5.91085
29.2874	-5.91483
29.2973	-5.9188
29.3073	-5.92278
29.3173	-5.92675
29.3273	-5.93073
29.3373	-5.93471
29.3472	-5.93869
29.3572	-5.94267
29.3672	-5.94665
29.3772	-5.95063
29.3872	-5.95461
29.3972	-5.9586
29.4071	-5.96258
29.4171	-5.96656
29.4271	-5.97055
29.4371	-5.97453
29.4471	-5.97852
29.4571	-5.98251
29.467	-5.9865
29.477	-5.99048
29.487	-5.99447
29.497	-5.99846
29.507	-6.00245
29.5169	-6.00645
29.5269	-6.01044
29.5369	-6.01443
29.5469	-6.01843
29.5569	-6.02242
29.5669	-6.02642
29.5768	-6.03041
29.5868	-6.03441
29.5968	-6.03841
29.6068	-6.0424
29.6168	-6.0464
29.6267	-6.0504
29.6367	-6.0544
29.6467	-6.0584
29.6567	-6.06241
29.6667	-6.06641
29.6767	-6.07041
29.6866	-6.07442
29.6966	-6.07842
29.7066	-6.08243
29.7166	-6.08643
29.7266	-6.09044
29.7365	-6.09445
29.7465	-6.09845
29.7565	-6.10246
29.7665	-6.10647
29.7765	-6.11048
29.7865	-6.11449
29.7964	-6.11851
29.8064	-6.12252
29.8164	-6.12653
29.8264	-6.13055
29.8364	-6.13456
29.8463	-6.13858
29.8563	-6.14259
29.8663	-6.14661
29.8763	-6.15063
29.8863	-6.15464
29.8963	-6.15866
29.9062	-6.16268
29.9162	-6.1667
29.9262	-6.17072
29.9362	-6.17475
29.9462	-6.17877
29.9562	-6.18279
29.9661	-6.18681
29.9761	-6.19084
29.9861	-6.19486
29.9961	-6.19889
30.0061	-6.20292
30.016	-6.20694
30.026	-6.21097
30.036	-6.215
30.046	-6.21903
30.056	-6.22306
30.066	-6.22709
30.0759	-6.23112
30.0859	-6.23515
30.0959	-6.23919
30.1059	-6.24322
30.1159	-6.24725
30.1258	-6.25129
30.1358	-6.25532
30.1458	-6.25936
30.1558	-6.2634
30.1658	-6.26743
30.1758	-6.27147
30.1857	-6.27551
30.1957	-6.27955
30.2057	-6.28359
30.2157	-6.28763
30.2257	-6.29167
30.2356	-6.29571
30.2456	-6.29976
30.2556	-6.3038
30.2656	-6.30785
30.2756	-6.31189
30.2856	-6.31594
30.2955	-6.31998
30.3055	-6.32403
30.3155	-6.32808
30.3255	-6.33212
30.3355	-6.33617
30.3454	-6.34022
30.3554	-6.34427
30.3654	-6.34832
30.3754	-6.35237
30.3854	-6.35643
30.3954	-6.36048
30.4053	-6.36453
30.4153	-6.36859
30.4253	-6.37264
30.4353	-6.3767
30.4453	-6.38075
30.4553	-6.38481
30.4652	-6.38887
30.4752	-6.39292
30.4852	-6.39698
30.4952	-6.40104
30.5052	-6.4051
30.5151	-6.40916
30.5251	-6.41322
30.5351	-6.41729
30.5451	-6.42135
30.5551	-6.42541
30.5651	-6.42947
30.575	-6.43354
30.585	-6.4376
30.595	-6.44167
30.605	-6.44574
30.615	-6.4498
30.6249	-6.45387
30.6349	-6.45794
30.6449	-6.46201
30.6549	-6.46608
30.6649	-6.47015
30.6749	-6.47422
30.6848	-6.47829
30.6948	-6.48236
30.7048	-6.48643
30.7148	-6.49051
30.7248	-6.49458
30.7347	-6.49865
30.7447	-6.50273
30.7547	-6.50681
30.7647	-6.51088
30.7747	-6.51496
30.7847	-6.51904
30.7946	-6.52311
30.8046	-6.52719
30.8146	-6.53127
30.8246	-6.53535
30.8346	-6.53943
30.8445	-6.54351
30.8545	-6.5476
30.8645	-6.55168
30.8745	-6.55576
30.8845	-6.55985
30.8945	-6.56393
30.9044	-6.56801
30.9144	-6.5721
30.9244	-6.57619
30.9344	-6.58027
30.9444	-6.58436
30.9544	-6.58845
30.9643	-6.59254
30.9743	-6.59663
30.9843	-6.60072
30.9943	-6.60481
31.0043	-6.6089
31.0142	-6.61299
31.0242	-6.61708
31.0342	-6.62117
31.0442	-6.62527
31.0542	-6.62936
31.0642	-6.63346
31.0741	-6.63755
31.0841	-6.64165
31.0941	-6.64574
31.1041	-6.64984
31.1141	-6.65394
31.124	-6.65804
31.134	-6.66213
31.144	-6.66623
31.154	-6.67033
31.164	-6.67443
31.174	-6.67853
31.1839	-6.68264
31.1939	-6.68674
31.2039	-6.69084
31.2139	-6.69494
31.2239	-6.69905
31.2338	-6.70315
31.2438	-6.70726
31.2538	-6.71136
31.2638	-6.71547
31.2738	-6.71958
31.2838	-6.72368
31.2937	-6.72779
31.3037	-6.7319
31.3137	-6.73601
31.3237	-6.74012
31.3337	-6.74423
31.3436	-6.74834
31.3536	-6.75245
31.3636	-6.75656
31.3736	-6.76068
31.3836	-6.76479
31.3936	-6.7689
31.4035	-6.77302
31.4135	-6.77713
31.4235	-6.78125
31.4335	-6.78536
31.4435	-6.78948
31.4535	-6.7936
31.4634	-6.79772
31.4734	-6.80183
31.4834	-6.80595
31.4934	-6.81007
31.5034	-6.81419
31.5133	-6.81831
31.5233	-6.82243
31.5333	-6.82655
31.5433	-6.83068
31.5533	-6.8348
31.5633	-6.83892
31.5732	-6.84305
31.5832	-6.84717
31.5932	-6.85129
31.6032	-6.85542
31.6132	-6.85955
31.6231	-6.86367
31.6331	-6.8678
31.6431	-6.87193
31.6531	-6.87606
31.6631	-6.88018
31.6731	-6.88431
31.683	-6.88844
31.693	-6.89257
31.703	-6.8967
31.713	-6.90084
31.723	-6.90497
31.7329	-6.9091
31.7429	-6.91323
31.7529	-6.91737
31.7629	-6.9215
31.7729	-6.92563
31.7829	-6.92977
31.7928	-6.93391
31.8028	-6.93804
31.8128	-6.94218
31.8228	-6.94632
31.8328	-6.95045
31.8427	-6.95459
31.8527	-6.95873
31.8627	-6.96287
31.8727	-6.96701
31.8827	-6.97115
31.8927	-6.97529
31.9026	-6.97943
31.9126	-6.98357
31.9226	-6.98772
31.9326	-6.99186
31.9426	-6.996
31.9526	-7.00015
31.9625	-7.00429
31.9725	-7.00844
31.9825	-7.01258
31.9925	-7.01673
32.0025	-7.02088
32.0124	-7.02502
32.0224	-7.02917
32.0324	-7.03332
32.0424	-7.03747
32.0524	-7.04162
32.0624	-7.04577
32.0723	-7.04992
32.0823	-7.05407
32.0923	-7.05822
32.1023	-7.06237
32.1123	-7.06652
32.1222	-7.07067
32.1322	-7.07483
32.1422	-7.07898
32.1522	-7.08314
32.1622	-7.08729
32.1722	-7.09145
32.1821	-7.0956
32.1921	-7.09976
32.2021	-7.10391
32.2121	-7.10807
32.2221	-7.11223
32.232	-7.11639
32.242	-7.12055
32.252	-7.12471
32.262	-7.12887
32.272	-7.13303
32.282	-7.13719
32.2919	-7.14135
32.3019	-7.14551
32.3119	-7.14967
32.3219	-7.15383
32.3319	-7.158
32.3418	-7.16216
32.3518	-7.16632
32.3618	-7.17049
32.3718	-7.17465
32.3818	-7.17882
32.3918	-7.18299
32.4017	-7.18715
32.4117	-7.19132
32.4217	-7.19549
32.4317	-7.19965
32.4417	-7.20382
32.4517	-7.20799
32.4616	-7.21216
32.4716	-7.21633
32.4816	-7.2205
32.4916	-7.22467
32.5016	-7.22884
32.5115	-7.23302
32.5215	-7.23719
32.5315	-7.24136
32.5415	-7.24553
32.5515	-7.24971
32.5615	-7.25388
32.5714	-7.25806
32.5814	-7.26223
32.5914	-7.26641
32.6014	-7.27058
32.6114	-7.27476
32.6213	-7.27894
32.6313	-7.28311
32.6413	-7.28729
32.6513	-7.29147
32.6613	-7.29565
32.6713	-7.29983
32.6812	-7.30401
32.6912	-7.30819
32.7012	-7.31237
32.7112	-7.31655
32.7212	-7.32073
32.7311	-7.32491
32.7411	-7.32909
32.7511	-7.33328
32.7611	-7.33746
32.7711	-7.34164
32.7811	-7.34583
32.791	-7.35001
32.801	-7.3542
32.811	-7.35838
32.821	-7.36257
32.831	-7.36676
32.8409	-7.37094
32.8509	-7.37513
32.8609	-7.37932
32.8709	-7.38351
32.8809	-7.3877
32.8909	-7.39189
32.9008	-7.39607
32.9108	-7.40026
32.9208	-7.40446
32.9308	-7.40865
32.9408	-7.41284
32.9508	-7.41703
32.9607	-7.42122
32.9707	-7.42541
32.9807	-7.42961
32.9907	-7.4338
33.0007	-7.43799
33.0106	-7.44219
33.0206	-7.44638
33.0306	-7.45058
33.0406	-7.45477
33.0506	-7.45897
33.0606	-7.46317
33.0705	-7.46736
33.0805	-7.47156
33.0905	-7.47576
33.1005	-7.47996
33.1105	-7.48416
33.1204	-7.48836
33.1304	-7.49256
33.1404	-7.49676
33.1504	-7.50096
33.1604	-7.50516
33.1704	-7.50936
33.1803	-7.51356
33.1903	-7.51776
33.2003	-7.52196
33.2103	-7.52617
33.2203	-7.53037
33.2302	-7.53457
33.2402	-7.53878
33.2502	-7.54298
33.2602	-7.54719
33.2702	-7.55139
33.2802	-7.5556
33.2901	-7.5598
33.3001	-7.56401
33.3101	-7.56822
33.3201	-7.57243
33.3301	-7.57663
33.34	-7.58084
33.35	-7.58505
33.36	-7.58926
33.37	-7.59347
33.38	-7.59768
33.39	-7.60189
33.3999	-7.6061
33.4099	-7.61031
33.4199	-7.61452
33.4299	-7.61873
33.4399	-7.62295
33.4498	-7.62716
33.4598	-7.63137
33.4698	-7.63559
33.4798	-7.6398
33.4898	-7.64401
33.4998	-7.64823
33.5097	-7.65244
33.5197	-7.65666
33.5297	-7.66087
33.5397	-7.66509
33.5497	-7.66931
33.5597	-7.67352
33.5696	-7.67774
33.5796	-7.68196
33.5896	-7.68618
33.5996	-7.6904
33.6096	-7.69461
33.6195	-7.69883
33.6295	-7.70305
33.6395	-7.70727
33.6495	-7.71149
33.6595	-7.71572
33.6695	-7.71994
33.6794	-7.72416
33.6894	-7.72838
33.6994	-7.7326
33.7094	-7.73683
33.7194	-7.74105
33.7293	-7.74527
33.7393	-7.7495
33.7493	-7.75372
33.7593	-7.75794
33.7693	-7.76217
33.7793	-7.7664
33.7892	-7.77062
33.7992	-7.77485
33.8092	-7.77907
33.8192	-7.7833
33.8292	-7.78753
33.8391	-7.79176
33.8491	-7.79598
33.8591	-7.80021
33.8691	-7.80444
33.8791	-7.80867
33.8891	-7.8129
33.899	-7.81713
33.909	-7.82136
33.919	-7.82559
33.929	-7.82982
33.939	-7.83405
33.9489	-7.83828
33.9589	-7.84252
33.9689	-7.84675
33.9789	-7.85098
33.9889	-7.85521
33.9989	-7.85945
34.0088	-7.86368
34.0188	-7.86792
34.0288	-7.87215
34.0388	-7.87638
34.0488	-7.88062
34.0588	-7.88486
34.0687	-7.88909
34.0787	-7.89333
34.0887	-7.89756
34.0987	-7.9018
34.1087	-7.90604
34.1186	-7.91028
34.1286	-7.91451
34.1386	-7.91875
34.1486	-7.92299
34.1586	-7.92723
34.1686	-7.93147
34.1785	-7.93571
34.1885	-7.93995
34.1985	-7.94419
34.2085	-7.94843
34.2185	-7.95267
34.2284	-7.95691
34.2384	-7.96116
34.2484	-7.9654
34.2584	-7.96964
34.2684	-7.97388
34.2784	-7.97813
34.2883	-7.98237
34.2983	-7.98661
34.3083	-7.99086
34.3183	-7.9951
34.3283	-7.99935
34.3382	-8.00359
34.3482	-8.00784
34.3582	-8.01208
34.3682	-8.01633
34.3782	-8.02058
34.3882	-8.02482
34.3981	-8.02907
34.4081	-8.03332
34.4181	-8.03757
34.4281	-8.04181
34.4381	-8.04606
34.448	-8.05031
34.458	-8.05456
34.468	-8.05881
34.478	-8.06306
34.488	-8.06731
34.498	-8.07156
34.5079	-8.07581
34.5179	-8.08006
34.5279	-8.08431
34.5379	-8.08857
34.5479	-8.09282
34.5579	-8.09707
34.5678	-8.10132
34.5778	-8.10558
34.5878	-8.10983
34.5978	-8.11408
34.6078	-8.11834
34.6177	-8.12259
34.6277	-8.12684
34.6377	-8.1311
34.6477	-8.13535
34.6577	-8.13961
34.6677	-8.14387
34.6776	-8.14812
34.6876	-8.15238
34.6976	-8.15664
34.7076	-8.16089
34.7176	-8.16515
34.7275	-8.16941
34.7375	-8.17367
34.7475	-8.17792
34.7575	-8.18218
34.7675	-8.18644
34.7775	-8.1907
34.7874	-8.19496
34.7974	-8.19922
34.8074	-8.20348
34.8174	-8.20774
34.8274	-8.212
34.8373	-8.21626
34.8473	-8.22052
34.8573	-8.22478
34.8673	-8.22905
34.8773	-8.23331
34.8873	-8.23757
34.8972	-8.24183
34.9072	-8.2461
34.9172	-8.25036
34.9272	-8.25462
34.9372	-8.25889
34.9471	-8.26315
34.9571	-8.26742
34.9671	-8.27168
34.9771	-8.27595
34.9871	-8.28021
34.9971	-8.28448
35.007	-8.28874
35.017	-8.29301
35.027	-8.29728
35.037	-8.30154
35.047	-8.30581
35.057	-8.31008
35.0669	-8.31434
35.0769	-8.31861
35.0869	-8.32288
35.0969	-8.32715
35.1069	-8.33142
35.1168	-8.33569
35.1268	-8.33996
35.1368	-8.34423
35.1468	-8.3485
35.1568	-8.35277
35.1668	-8.35704
35.1767	-8.36131
35.1867	-8.36558
35.1967	-8.36985
35.2067	-8.37412
35.2167	-8.37839
35.2266	-8.38266
35.2366	-8.38694
35.2466	-8.39121
35.2566	-8.39548
35.2666	-8.39976
35.2766	-8.40403
35.2865	-8.4083
35.2965	-8.41258
35.3065	-8.41685
35.3165	-8.42113
35.3265	-8.4254
35.3364	-8.42967
35.3464	-8.43395
35.3564	-8.43823
35.3664	-8.4425
35.3764	-8.44678
35.3864	-8.45105
35.3963	-8.45533
35.4063	-8.45961
35.4163	-8.46388
35.4263	-8.46816
35.4363	-8.47244
35.4462	-8.47672
35.4562	-8.481
35.4662	-8.48527
35.4762	-8.48955
35.4862	-8.49383
35.4962	-8.49811
35.5061	-8.50239
35.5161	-8.50667
35.5261	-8.51095
35.5361	-8.51523
35.5461	-8.51951
35.5561	-8.52379
35.566	-8.52807
35.576	-8.53235
35.586	-8.53663
35.596	-8.54092
35.606	-8.5452
35.6159	-8.54948
35.6259	-8.55376
35.6359	-8.55805
35.6459	-8.56233
35.6559	-8.56661
35.6659	-8.57089
35.6758	-8.57518
35.6858	-8.57946
35.6958	-8.58375
35.7058	-8.58803
35.7158	-8.59232
35.7257	-8.5966
35.7357	-8.60089
35.7457	-8.60517
35.7557	-8.60946
35.7657	-8.61374
35.7757	-8.61803
35.7856	-8.62231
35.7956	-8.6266
35.8056	-8.63089
35.8156	-8.63517
35.8256	-8.63946
35.8355	-8.64375
35.8455	-8.64804
35.8555	-8.65232
35.8655	-8.65661
35.8755	-8.6609
35.8855	-8.66519
35.8954	-8.66948
35.9054	-8.67377
35.9154	-8.67806
35.9254	-8.68235
35.9354	-8.68664
35.9453	-8.69093
35.9553	-8.69522
35.9653	-8.69951
35.9753	-8.7038
35.9853	-8.70809
35.9953	-8.71238
36.0052	-8.71667
36.0152	-8.72096
36.0252	-8.72525
36.0352	-8.72955
36.0452	-8.73384
36.0552	-8.73813
36.0651	-8.74242
36.0751	-8.74672
36.0851	-8.75101
36.0951	-8.7553
36.1051	-8.7596
36.115	-8.76389
36.125	-8.76818
36.135	-8.77248
36.145	-8.77677
36.155	-8.78107
36.165	-8.78536
36.1749	-8.78966
36.1849	-8.79395
36.1949	-8.79825
36.2049	-8.80254
36.2149	-8.80684
36.2248	-8.81113
36.2348	-8.81543
36.2448	-8.81973
36.2548	-8.82402
36.2648	-8.82832
36.2748	-8.83262
36.2847	-8.83691
36.2947	-8.84121
36.3047	-8.84551
36.3147	-8.84981
36.3247	-8.85411
36.3346	-8.8584
36.3446	-8.8627
36.3546	-8.867
36.3646	-8.8713
36.3746	-8.8756
36.3846	-8.8799
36.3945	-8.8842
36.4045	-8.8885
36.4145	-8.8928
36.4245	-8.8971
36.4345	-8.9014
36.4444	-8.9057
36.4544	-8.91
36.4644	-8.9143
36.4744	-8.9186
36.4844	-8.9229
36.4944	-8.9272
36.5043	-8.9315
36.5143	-8.93581
36.5243	-8.94011
36.5343	-8.94441
36.5443	-8.94871
36.5543	-8.95302
36.5642	-8.95732
36.5742	-8.96162
36.5842	-8.96592
36.5942	-8.97023
36.6042	-8.97453
36.6141	-8.97883
36.6241	-8.98314
36.6341	-8.98744
36.6441	-8.99175
36.6541	-8.99605
36.6641	-9.00036
36.674	-9.00466
36.684	-9.00897
36.694	-9.01327
36.704	-9.01758
36.714	-9.02188
36.7239	-9.02619
36.7339	-9.03049
36.7439	-9.0348
36.7539	-9.0391
36.7639	-9.04341
36.7739	-9.04772
36.7838	-9.05202
36.7938	-9.05633
36.8038	-9.06064
36.8138	-9.06495
36.8238	-9.06925
36.8337	-9.07356
36.8437	-9.07787
36.8537	-9.08218
36.8637	-9.08648
36.8737	-9.09079
36.8837	-9.0951
36.8936	-9.09941
36.9036	-9.10372
36.9136	-9.10803
36.9236	-9.11234
36.9336	-9.11665
36.9435	-9.12096
36.9535	-9.12527
36.9635	-9.12957
36.9735	-9.13388
36.9835	-9.13819
36.9935	-9.14251
37.0034	-9.14682
37.0134	-9.15113
37.0234	-9.15544
37.0334	-9.15975
37.0434	-9.16406
37.0534	-9.16837
37.0633	-9.17268
37.0733	-9.17699
37.0833	-9.1813
37.0933	-9.18562
37.1033	-9.18993
37.1132	-9.19424
37.1232	-9.19855
37.1332	-9.20287
37.1432	-9.20718
37.1532	-9.21149
37.1632	-9.2158
37.1731	-9.22012
37.1831	-9.22443
37.1931	-9.22874
37.2031	-9.23306
37.2131	-9.23737
37.223	-9.24169
37.233	-9.246
37.243	-9.25031
37.253	-9.25463
37.263	-9.25894
37.273	-9.26326
37.2829	-9.26757
37.2929	-9.27189
37.3029	-9.2762
37.3129	-9.28052
37.3229	-9.28483
37.3328	-9.28915
37.3428	-9.29346
37.3528	-9.29778
37.3628	-9.30209
37.3728	-9.30641
37.3828	-9.31073
37.3927	-9.31504
37.4027	-9.31936
37.4127	-9.32368
37.4227	-9.32799
37.4327	-9.33231
37.4426	-9.33663
37.4526	-9.34094
37.4626	-9.34526
37.4726	-9.34958
37.4826	-9.3539
37.4926	-9.35821
37.5025	-9.36253
37.5125	-9.36685
37.5225	-9.37117
37.5325	-9.37549
37.5425	-9.3798
37.5525	-9.38412
37.5624	-9.38844
37.5724	-9.39276
37.5824	-9.39708
37.5924	-9.4014
37.6024	-9.40572
37.6123	-9.41004
37.6223	-9.41436
37.6323	-9.41868
37.6423	-9.423
37.6523	-9.42732
37.6623	-9.43164
37.6722	-9.43596
37.6822	-9.44028
37.6922	-9.4446
37.7022	-9.44892
37.7122	-9.45324
37.7221	-9.45756
37.7321	-9.46188
37.7421	-9.4662
37.7521	-9.47052
37.7621	-9.47484
37.7721	-9.47916
37.782	-9.48348
37.792	-9.48781
37.802	-9.49213
37.812	-9.49645
37.822	-9.50077
37.8319	-9.50509
37.8419	-9.50941
37.8519	-9.51374
37.8619	-9.51806
37.8719	-9.52238
37.8819	-9.5267
37.8918	-9.53103
37.9018	-9.53535
37.9118	-9.53967
37.9218	-9.544
37.9318	-9.54832
37.9417	-9.55264
37.9517	-9.55697
37.9617	-9.56129
37.9717	-9.56561
37.9817	-9.56994
37.9917	-9.57426
38.0016	-9.57858
38.0116	-9.58291
38.0216	-9.58723
38.0316	-9.59156
38.0416	-9.59588
38.0516	-9.6002
38.0615	-9.60453
38.0715	-9.60885
38.0815	-9.61318
38.0915	-9.6175
38.1015	-9.62183
38.1114	-9.62615
38.1214	-9.63048
38.1314	-9.6348
38.1414	-9.63913
38.1514	-9.64345
38.1614	-9.64778
38.1713	-9.65211
38.1813	-9.65643
38.1913	-9.66076
38.2013	-9.66508
38.2113	-9.66941
38.2212	-9.67374
38.2312	-9.67806
38.2412	-9.68239
38.2512	-9.68671
38.2612	-9.69104
38.2712	-9.69537
38.2811	-9.69969
38.2911	-9.70402
38.3011	-9.70835
38.3111	-9.71268
38.3211	-9.717
38.331	-9.72133
38.341	-9.72566
38.351	-9.72998
38.361	-9.73431
38.371	-9.73864
38.381	-9.74297
38.3909	-9.74729
38.4009	-9.75162
38.4109	-9.75595
38.4209	-9.76028
38.4309	-9.76461
38.4408	-9.76893
38.4508	-9.77326
38.4608	-9.77759
38.4708	-9.78192
38.4808	-9.78625
38.4908	-9.79058
38.5007	-9.79491
38.5107	-9.79923
38.5207	-9.80356
38.5307	-9.80789
38.5407	-9.81222
38.5507	-9.81655
38.5606	-9.82088
38.5706	-9.82521
38.5806	-9.82954
38.5906	-9.83387
38.6006	-9.8382
38.6105	-9.84253
38.6205	-9.84686
38.6305	-9.85118
38.6405	-9.85551
38.6505	-9.85984
38.6605	-9.86417
38.6704	-9.8685
38.6804	-9.87283
38.6904	-9.87716
38.7004	-9.88149
38.7104	-9.88583
38.7203	-9.89016
38.7303	-9.89449
38.7403	-9.89882
38.7503	-9.90315
38.7603	-9.90748
38.7703	-9.91181
38.7802	-9.91614
38.7902	-9.92047
38.8002	-9.9248
38.8102	-9.92913
38.8202	-9.93346
38.8301	-9.93779
38.8401	-9.94213
38.8501	-9.94646
38.8601	-9.95079
38.8701	-9.95512
38.8801	-9.95945
38.89	-9.96378
38.9	-9.96811
38.91	-9.97245
38.92	-9.97678
38.93	-9.98111
38.9399	-9.98544
38.9499	-9.98977
38.9599	-9.9941
38.9699	-9.99844
38.9799	-10.0028
38.9899	-10.0071
38.9998	-10.0114
39.0098	-10.0158
39.0198	-10.0201
39.0298	-10.0244
39.0398	-10.0288
39.0497	-10.0331
39.0597	-10.0374
39.0697	-10.0418
39.0797	-10.0461
39.0897	-10.0504
39.0997	-10.0548
39.1096	-10.0591
39.1196	-10.0634
39.1296	-10.0678
39.1396	-10.0721
39.1496	-10.0764
39.1596	-10.0808
39.1695	-10.0851
39.1795	-10.0894
39.1895	-10.0938
39.1995	-10.0981
39.2095	-10.1024
39.2194	-10.1068
39.2294	-10.1111
39.2394	-10.1154
39.2494	-10.1198
39.2594	-10.1241
39.2694	-10.1284
39.2793	-10.1328
39.2893	-10.1371
39.2993	-10.1414
39.3093	-10.1458
39.3193	-10.1501
39.3292	-10.1544
39.3392	-10.1588
39.3492	-10.1631
39.3592	-10.1674
39.3692	-10.1718
39.3792	-10.1761
39.3891	-10.1804
39.3991	-10.1848
39.4091	-10.1891
39.4191	-10.1934
39.4291	-10.1978
39.439	-10.2021
39.449	-10.2064
39.459	-10.2108
39.469	-10.2151
39.479	-10.2194
39.489	-10.2238
39.4989	-10.2281
39.5089	-10.2324
39.5189	-10.2368
39.5289	-10.2411
39.5389	-10.2454
39.5488	-10.2498
39.5588	-10.2541
39.5688	-10.2584
39.5788	-10.2628
39.5888	-10.2671
39.5988	-10.2715
39.6087	-10.2758
39.6187	-10.2801
39.6287	-10.2845
39.6387	-10.2888
39.6487	-10.2931
39.6587	-10.2975
39.6686	-10.3018
39.6786	-10.3061
39.6886	-10.3105
39.6986	-10.3148
39.7086	-10.3191
39.7185	-10.3235
39.7285	-10.3278
39.7385	-10.3321
39.7485	-10.3365
39.7585	-10.3408
39.7685	-10.3452
39.7784	-10.3495
39.7884	-10.3538
39.7984	-10.3582
39.8084	-10.3625
39.8184	-10.3668
39.8283	-10.3712
39.8383	-10.3755
39.8483	-10.3798
39.8583	-10.3842
39.8683	-10.3885
39.8783	-10.3928
39.8882	-10.3972
39.8982	-10.4015
39.9082	-10.4058
39.9182	-10.4102
39.9282	-10.4145
39.9381	-10.4189
39.9481	-10.4232
39.9581	-10.4275
39.9681	-10.4319
39.9781	-10.4362
39.9881	-10.4405
39.998	-10.4449
