Freq_GHz	Re_S11_meas	Im_S11_meas	Re_S11_fit	Im_S11_fit	S11_meas_dB	S11_fit_dB
10000000	0.9978146	0.0018255228	0.99999932	-0.0011154536	-0.018988416	-5.2490592e-07
2.0995e+08	1.0002911	-0.02392335	0.99969915	-0.023416453	0.0050115995	-0.00023136819
4.099e+08	0.99944252	-0.047616656	0.9988534	-0.045703842	0.0050031962	-0.00088186221
6.0985e+08	0.99716407	-0.071621783	0.99746252	-0.067964661	-0.0023203497	-0.0019518503
8.098e+08	0.99519414	-0.095392874	0.99552723	-0.09018596	-0.0021234755	-0.0034410739
1.00975e+09	0.99280626	-0.11775738	0.99304857	-0.1123548	-0.0020370565	-0.0053491723
1.2097e+09	0.98869365	-0.14082809	0.99002785	-0.13445826	-0.011534126	-0.0076756808
1.40965e+09	0.98542386	-0.1634092	0.98646668	-0.15648344	-0.0097271279	-0.01042003
1.6096e+09	0.98076475	-0.18696883	0.98236695	-0.17841747	-0.013672099	-0.013581542
1.80955e+09	0.97594488	-0.20953763	0.97773086	-0.20024749	-0.015774311	-0.017159432
2.0095e+09	0.97010195	-0.23185503	0.97256089	-0.22196069	-0.022404071	-0.021152801
2.20945e+09	0.96328777	-0.25468263	0.96685982	-0.2435443	-0.031441059	-0.025560639
2.4094e+09	0.95611507	-0.27598344	0.96063072	-0.26498558	-0.042231839	-0.030381816
2.60935e+09	0.95010436	-0.29771836	0.95387697	-0.28627187	-0.037797716	-0.035615081
2.8093e+09	0.94175261	-0.31907657	0.94660224	-0.30739052	-0.049320225	-0.04125906
3.00925e+09	0.93428457	-0.34071234	0.93881051	-0.32832897	-0.048157617	-0.047312251
3.2092e+09	0.92602419	-0.3617414	0.93050604	-0.34907471	-0.050770827	-0.053773018
3.40915e+09	0.91748279	-0.38315801	0.92169342	-0.36961533	-0.049861033	-0.06063959
3.6091e+09	0.90723396	-0.40456948	0.91237752	-0.38993846	-0.05792895	-0.067910052
3.80905e+09	0.89631985	-0.42440829	0.90256355	-0.41003185	-0.072204821	-0.075582346
4.009e+09	0.8862328	-0.44508701	0.892257	-0.42988331	-0.072207719	-0.083654259
4.20895e+09	0.87574357	-0.46524674	0.88146368	-0.44948078	-0.072780445	-0.092123423
4.4089e+09	0.86360603	-0.48515312	0.8701897	-0.46881229	-0.082473628	-0.10098731
4.60885e+09	0.85125547	-0.50456047	0.8584415	-0.48786599	-0.091209866	-0.11024322
4.8088e+09	0.83954556	-0.52318452	0.84622582	-0.50663015	-0.094130784	-0.11988828
5.00875e+09	0.82639255	-0.54239213	0.83354971	-0.52509318	-0.10054819	-0.12991943
5.2087e+09	0.81393223	-0.56125542	0.82042054	-0.54324363	-0.098862059	-0.14033346
5.40865e+09	0.79952066	-0.57966013	0.806846	-0.5610702	-0.1088887	-0.15112691
5.6086e+09	0.78508358	-0.59677812	0.79283408	-0.57856174	-0.12110238	-0.16229618
5.80855e+09	0.77077752	-0.61511749	0.77839309	-0.59570729	-0.12124896	-0.17383743
6.0085e+09	0.75574154	-0.63172853	0.76353164	-0.61249605	-0.13126999	-0.18574661
6.20845e+09	0.74040951	-0.64768199	0.74825868	-0.62891743	-0.14260064	-0.19801949
6.4084e+09	0.72326125	-0.66456204	0.73258343	-0.64496104	-0.15585424	-0.21065156
6.60835e+09	0.70844466	-0.6801036	0.71651545	-0.66061669	-0.15727156	-0.22363814
6.8083e+09	0.69081419	-0.69536865	0.70006458	-0.67587441	-0.17384268	-0.23697428
7.00825e+09	0.67423132	-0.71017673	0.68324098	-0.69072449	-0.18209077	-0.2506548
7.2082e+09	0.6574708	-0.724965	0.66605509	-0.70515744	-0.18706079	-0.26467428
7.40815e+09	0.63938001	-0.73916105	0.64851765	-0.71916405	-0.19921213	-0.27902705
7.6081e+09	0.62135858	-0.75303942	0.6306397	-0.73273536	-0.20836541	-0.29370716
7.80805e+09	0.60294754	-0.76521426	0.61243255	-0.74586272	-0.22688667	-0.30870843
8.008e+09	0.58499778	-0.77821391	0.59390779	-0.75853774	-0.2326529	-0.32402441
8.20795e+09	0.56592465	-0.79042476	0.57507727	-0.77075235	-0.24548885	-0.33964837
8.4079e+09	0.54780255	-0.80238141	0.55595312	-0.7824988	-0.25072378	-0.3555733
8.60785e+09	0.52774419	-0.81450537	0.53654773	-0.79376968	-0.25980023	-0.37179194
8.8078e+09	0.50827372	-0.82462696	0.5168737	-0.80455789	-0.27634311	-0.38829673
9.00775e+09	0.48899687	-0.83537306	0.49694392	-0.8148567	-0.28276131	-0.40507983
9.2077e+09	0.46953774	-0.84438606	0.47677146	-0.82465976	-0.29907313	-0.42213313
9.40765e+09	0.44926587	-0.85528216	0.45636964	-0.83396106	-0.29956681	-0.43944821
9.6076e+09	0.42901571	-0.86346573	0.43575197	-0.84275499	-0.31691012	-0.4570164
9.80755e+09	0.40806475	-0.87025185	0.41493215	-0.85103634	-0.34396127	-0.47482871
1.00075e+10	0.38789218	-0.87996421	0.39392407	-0.8588003	-0.33953422	-0.49287589
1.02075e+10	0.36775861	-0.88485964	0.37273648	-0.86604422	-0.37051842	-0.51115298
1.04074e+10	0.34589226	-0.89286544	0.35139953	-0.8727589	-0.3770164	-0.52963637
1.06074e+10	0.32495582	-0.89810117	0.32990624	-0.87894749	-0.399185	-0.54833445
1.08073e+10	0.30455003	-0.90519423	0.30829257	-0.88460073	-0.39944538	-0.56721813
1.10073e+10	0.28361612	-0.91039719	0.28655149	-0.88972161	-0.41311365	-0.58629566
1.12072e+10	0.26291207	-0.91456227	0.26471941	-0.8943028	-0.43089047	-0.60553704
1.14072e+10	0.24138413	-0.91846527	0.24278924	-0.89834715	-0.44868219	-0.62495035
1.16071e+10	0.21839096	-0.92241442	0.22079774	-0.90184934	-0.46461147	-0.64450473
1.18071e+10	0.1987857	-0.92614717	0.19873777	-0.90481207	-0.4707959	-0.66420809
1.2007e+10	0.17549667	-0.92828876	0.17664626	-0.90723204	-0.49382478	-0.68402879
1.2207e+10	0.156186	-0.93135661	0.154516	-0.9091118	-0.49723181	-0.70397454
1.24069e+10	0.13258784	-0.93318301	0.132384	-0.9104501	-0.51386529	-0.72401304
1.26069e+10	0.11441569	-0.93503684	0.11024298	-0.91124937	-0.51887995	-0.74415176
1.28068e+10	0.089493551	-0.93459797	0.08812986	-0.9115104	-0.54786325	-0.76435783
1.30068e+10	0.069157669	-0.93643265	0.066037261	-0.91123548	-0.54684627	-0.78463851
1.32067e+10	0.047111805	-0.9351359	0.044001916	-0.91042744	-0.57149649	-0.80496044
1.34067e+10	0.025424262	-0.93570214	0.022016321	-0.90908846	-0.57404238	-0.82533069
1.36066e+10	0.0086041017	-0.93333602	0.00011687204	-0.90722335	-0.5988704	-0.84571551
1.38066e+10	-0.014586264	-0.93213964	-0.021704067	-0.9048342	-0.60931718	-0.8661218
1.40065e+10	-0.036809792	-0.92874771	-0.04341057	-0.90192778	-0.63522816	-0.88651554
1.42065e+10	-0.060957557	-0.92648053	-0.065010424	-0.89850605	-0.6445142	-0.90690345
1.44064e+10	-0.07826034	-0.92364126	-0.086468304	-0.89457773	-0.65886599	-0.9272514
1.46064e+10	-0.10101543	-0.91962689	-0.10779216	-0.89014462	-0.67567974	-0.94756593
1.48063e+10	-0.11998123	-0.91449624	-0.12894741	-0.88521732	-0.70224142	-0.96781294
1.50063e+10	-0.14245449	-0.90952085	-0.14994217	-0.8797975	-0.71849293	-0.98799882
1.52062e+10	-0.16235957	-0.90403765	-0.17074271	-0.87389756	-0.73840415	-1.0080896
1.54062e+10	-0.18269742	-0.89952372	-0.19135735	-0.86751899	-0.74419123	-1.0280916
1.56061e+10	-0.20258916	-0.89210311	-0.21175331	-0.86067595	-0.77331448	-1.0479711
1.58061e+10	-0.22212569	-0.88567424	-0.23193913	-0.85336973	-0.78959632	-1.0677344
1.6006e+10	-0.24238617	-0.87846871	-0.25188311	-0.84561614	-0.80682153	-1.0873482
1.6206e+10	-0.26059703	-0.87068294	-0.271594	-0.83741627	-0.83020163	-1.1068187
1.64059e+10	-0.28069582	-0.8637544	-0.29104127	-0.82878749	-0.83618808	-1.1261131
1.66059e+10	-0.29783723	-0.85439182	-0.31023388	-0.81973065	-0.86879247	-1.1452377
1.68058e+10	-0.31670552	-0.84590149	-0.32914258	-0.81026457	-0.88388765	-1.1641606
1.70058e+10	-0.33631098	-0.83621606	-0.34777655	-0.80038985	-0.902502	-1.1828878
1.72057e+10	-0.35316055	-0.82746024	-0.36610788	-0.79012666	-0.91829914	-1.2013883
1.74057e+10	-0.37170308	-0.81770605	-0.38414599	-0.77947531	-0.93230683	-1.2196683
1.76056e+10	-0.38729173	-0.80624794	-0.40186435	-0.76845721	-0.96893394	-1.2376978
1.78056e+10	-0.40606444	-0.79509739	-0.41927262	-0.75707233	-0.98504525	-1.2554831
1.80055e+10	-0.42122952	-0.78371463	-0.43634574	-0.74534324	-1.0147066	-1.2729951
1.82055e+10	-0.43827992	-0.77329708	-0.45309358	-0.73326954	-1.0233022	-1.2902404
1.84054e+10	-0.45329282	-0.76055759	-0.46949259	-0.72087481	-1.0572702	-1.3071911
1.86054e+10	-0.46952076	-0.74905252	-0.48555284	-0.70815826	-1.0705467	-1.323854
1.88053e+10	-0.48609032	-0.73594552	-0.50125235	-0.69514436	-1.0907645	-1.3402026
1.90053e+10	-0.49907442	-0.7240477	-0.51660134	-0.68183193	-1.1164056	-1.3562438
1.92052e+10	-0.5153215	-0.71030533	-0.53157944	-0.66824618	-1.1345857	-1.3719524
1.94052e+10	-0.52869112	-0.6963421	-0.54619701	-0.6543855	-1.1667556	-1.3873357
1.96051e+10	-0.54315985	-0.68426642	-0.56043528	-0.64027575	-1.1733708	-1.40237
1.98051e+10	-0.55716513	-0.66891503	-0.57430474	-0.62591486	-1.2039938	-1.4170627
2.0005e+10	-0.57086753	-0.65692353	-0.58778823	-0.61132922	-1.2065276	-1.431392
2.0205e+10	-0.58249222	-0.64015508	-0.60089634	-0.59651627	-1.2546269	-1.4453652
2.04049e+10	-0.59553261	-0.62650054	-0.61361351	-0.58150282	-1.2658521	-1.4589623
2.06049e+10	-0.60809146	-0.61205287	-0.6259504	-0.56628579	-1.28203	-1.4721909
2.08048e+10	-0.62006323	-0.59685423	-0.63789303	-0.5508923	-1.3034981	-1.4850326
2.10048e+10	-0.63017697	-0.582354	-0.64945209	-0.53531877	-1.3296927	-1.4974952
2.12047e+10	-0.64179657	-0.56424024	-0.66061518	-0.51959248	-1.3651661	-1.5095622
2.14047e+10	-0.65159534	-0.54993642	-0.67139299	-0.50370933	-1.3846167	-1.5212416
2.16046e+10	-0.66354841	-0.53445476	-0.68177465	-0.4876967	-1.3910024	-1.5325184
2.18046e+10	-0.67030107	-0.51755588	-0.6917708	-0.47154995	-1.4437933	-1.5434011
2.20045e+10	-0.68251408	-0.50051055	-0.70137207	-0.45529644	-1.4488305	-1.5538763
2.22045e+10	-0.68937689	-0.48486826	-0.71058903	-0.43893099	-1.4853512	-1.5639528
2.24044e+10	-0.7005672	-0.46912858	-0.71941377	-0.42248086	-1.4820613	-1.573619
2.26044e+10	-0.70607917	-0.45107009	-0.72785674	-0.40594034	-1.5365545	-1.5828836
2.28043e+10	-0.71483955	-0.43631235	-0.73591142	-0.3893365	-1.540565	-1.5917369
2.30043e+10	-0.72245067	-0.4186416	-0.74358811	-0.37266309	-1.5664526	-1.6001878
2.32042e+10	-0.72906853	-0.4016112	-0.75088166	-0.35594692	-1.5937176	-1.6082281
2.34042e+10	-0.7365646	-0.3861126	-0.75780216	-0.3391812	-1.6013852	-1.6158668
2.36041e+10	-0.74092235	-0.36795389	-0.76434574	-0.32239242	-1.6471792	-1.6230976
2.38041e+10	-0.74745585	-0.35221039	-0.77052229	-0.30557326	-1.6574312	-1.6299294
2.4004e+10	-0.75262901	-0.33470584	-0.77632916	-0.28874982	-1.6846396	-1.6363574
2.4204e+10	-0.75836606	-0.31865972	-0.78177595	-0.27191428	-1.6962751	-1.6423905
2.44039e+10	-0.7619963	-0.30040662	-0.78686122	-0.25509227	-1.7335354	-1.6480256
2.46039e+10	-0.76675007	-0.28334942	-0.79159425	-0.2382755	-1.7509836	-1.6532714
2.48038e+10	-0.77140515	-0.26673434	-0.79597469	-0.22148909	-1.7638682	-1.6581264
2.50038e+10	-0.77413797	-0.25098577	-0.80001151	-0.2047243	-1.7895609	-1.6625991
2.52037e+10	-0.77703692	-0.23301286	-0.8037054	-0.18800568	-1.8172041	-1.6666894
2.54037e+10	-0.77972945	-0.21448882	-0.80706495	-0.17132405	-1.8443323	-1.6704057
2.56036e+10	-0.78218251	-0.19962896	-0.81009183	-0.15470339	-1.8597814	-1.6737492
2.58036e+10	-0.78456175	-0.18037518	-0.81279425	-0.1381341	-1.8837651	-1.6767281
2.60035e+10	-0.78669633	-0.16669875	-0.81517479	-0.12163954	-1.8931085	-1.6793448
2.62035e+10	-0.78758048	-0.14679208	-0.81724123	-0.10520973	-1.9257936	-1.6816072
2.64034e+10	-0.78790517	-0.13047105	-0.81899701	-0.088867377	-1.9530374	-1.683519
2.66034e+10	-0.78967867	-0.11339252	-0.82044946	-0.072602159	-1.9623553	-1.6850879
2.68033e+10	-0.7890742	-0.097380345	-0.82160281	-0.056436114	-1.9919976	-1.6863183
2.70033e+10	-0.7896356	-0.082889821	-0.82246395	-0.040358596	-2.0038717	-1.6872178
2.72032e+10	-0.78703216	-0.063347021	-0.8230378	-0.024390963	-2.0521059	-1.6877918
2.74032e+10	-0.78796464	-0.049078467	-0.8233308	-0.0085222799	-2.0530498	-1.6880475
2.76031e+10	-0.78665661	-0.032713762	-0.82334853	0.007226787	-2.076792	-1.6879912
2.78031e+10	-0.7832703	-0.0173554	-0.82309693	0.02286743	-2.1196351	-1.6876296
2.8003e+10	-0.78308398	-0.0022041464	-0.8225822	0.038379678	-2.1237988	-1.6869699
2.8203e+10	-0.77991092	0.015433273	-0.82180978	0.05377495	-2.1573997	-1.6860183
2.84029e+10	-0.77973079	0.029010474	-0.82078642	0.069033974	-2.1550987	-1.6847829
2.86029e+10	-0.77620567	0.048005118	-0.81951706	0.084168361	-2.1838841	-1.6832693
2.88028e+10	-0.77230418	0.062962355	-0.81800895	0.099159536	-2.2154629	-1.6814862
2.90028e+10	-0.77200573	0.079985077	-0.81626651	0.11401927	-2.2012191	-1.6794388
2.92027e+10	-0.76349451	0.093385828	-0.81429744	0.12872968	-2.2793896	-1.6771363
2.94027e+10	-0.76416637	0.10932161	-0.81210567	0.14330267	-2.2482555	-1.6745835
2.96026e+10	-0.75448083	0.12312685	-0.80969927	0.15772104	-2.3328865	-1.67179
2.98026e+10	-0.75349866	0.13797087	-0.80708168	0.1719968	-2.3151271	-1.6687602
3.00025e+10	-0.74777997	0.15249477	-0.80426132	0.18611341	-2.3475661	-1.6655041
3.02025e+10	-0.74585094	0.16451431	-0.80124114	0.20008295	-2.3406441	-1.6620254
3.04024e+10	-0.74086332	0.17817397	-0.79802985	0.21388956	-2.361047	-1.6583347
3.06024e+10	-0.73180865	0.195753	-0.7946299	0.22754535	-2.4119167	-1.6544352
3.08023e+10	-0.73238243	0.20653472	-0.79105029	0.24103511	-2.3729098	-1.6503376
3.10023e+10	-0.72453735	0.22020711	-0.78729298	0.25437096	-2.4150782	-1.6460446
3.12022e+10	-0.72030983	0.22443304	-0.78336719	0.26753834	-2.4472256	-1.6415672
3.14022e+10	-0.708674	0.24532433	-0.77927439	0.28054933	-2.4995248	-1.6369076
3.16021e+10	-0.7061834	0.25367293	-0.77502401	0.29339001	-2.4945693	-1.6320771
3.18021e+10	-0.70106818	0.27620983	-0.77061707	0.30607243	-2.4581344	-1.6270772
3.2002e+10	-0.69630595	0.27604346	-0.76606314	0.31858324	-2.5100465	-1.6219193
3.2202e+10	-0.68484928	0.29802131	-0.76136279	0.33093445	-2.5349405	-1.6166046
3.24019e+10	-0.68061998	0.30977364	-0.75652572	0.3431133	-2.524303	-1.6111446
3.26019e+10	-0.6739794	0.32027462	-0.75155206	0.35513171	-2.54282	-1.6055399
3.28018e+10	-0.66676966	0.3346069	-0.74645164	0.36697748	-2.5450084	-1.5998019
3.30018e+10	-0.65547141	0.3416562	-0.74122413	0.37866242	-2.6251178	-1.593931
3.32017e+10	-0.6530595	0.36027715	-0.73587945	0.3901749	-2.5470161	-1.5879386
3.34017e+10	-0.64177828	0.36714926	-0.73041687	0.40152659	-2.6226845	-1.5818244
3.36016e+10	-0.64093024	0.38202623	-0.72484636	0.4127064	-2.54351	-1.5756
3.38016e+10	-0.62600399	0.39040227	-0.71916679	0.42372586	-2.6416571	-1.5692647
3.40015e+10	-0.62741699	0.40232368	-0.71338817	0.43457438	-2.553031	-1.5628299
3.42015e+10	-0.61485887	0.4182316	-0.70750899	0.44526334	-2.5729914	-1.5562945
3.44014e+10	-0.61445371	0.4249065	-0.70153928	0.45578264	-2.5328884	-1.54967
3.46014e+10	-0.60046734	0.43400402	-0.69547717	0.46614349	-2.6049054	-1.5429546
3.48013e+10	-0.59101311	0.44188965	-0.68933269	0.47633627	-2.639519	-1.5361599
3.50013e+10	-0.58429599	0.45982533	-0.68310361	0.486372	-2.5739965	-1.5292838
3.52012e+10	-0.57523637	0.46924111	-0.67679997	0.49624152	-2.5878212	-1.5223377
3.54012e+10	-0.58028106	0.47556321	-0.67041919	0.50595565	-2.4957919	-1.515319
3.56011e+10	-0.55474912	0.47905699	-0.66397129	0.51550568	-2.6982989	-1.5082392
3.58011e+10	-0.5542387	0.49710838	-0.65745337	0.5249022	-2.5625725	-1.5010953
3.6001e+10	-0.53403884	0.51245308	-0.65087542	0.53413694	-2.613735	-1.4938985
3.6201e+10	-0.5320496	0.51784986	-0.64423425	0.54322028	-2.5865514	-1.4866457
3.64009e+10	-0.51746536	0.53096829	-0.63753978	0.55214433	-2.5987606	-1.4793478
3.66009e+10	-0.50327011	0.53459409	-0.63078853	0.56091927	-2.6835351	-1.4720014
3.68008e+10	-0.49545423	0.54875254	-0.6239904	0.56953759	-2.62327	-1.4646174
3.70008e+10	-0.48132198	0.55613206	-0.61714162	0.57800924	-2.6683989	-1.4571919
3.72007e+10	-0.47584978	0.56338829	-0.61025203	0.58632709	-2.6452935	-1.4497358
3.74007e+10	-0.46211358	0.57455992	-0.6033176	0.59450083	-2.6466618	-1.4422448
3.76006e+10	-0.45310476	0.57468122	-0.5963481	0.60252371	-2.711899	-1.4347298
3.78006e+10	-0.44495216	0.59288977	-0.58933928	0.61040518	-2.6003175	-1.4271861
3.80005e+10	-0.43300487	0.59385232	-0.58230081	0.61813882	-2.6748257	-1.4196245
3.82005e+10	-0.42554659	0.60526652	-0.57522823	0.62573384	-2.6166549	-1.4120401
3.84004e+10	-0.41291526	0.60914981	-0.56813113	0.63318415	-2.6635141	-1.4044434
3.86004e+10	-0.40805097	0.61300135	-0.56100483	0.64049871	-2.6577942	-1.3968295
3.88003e+10	-0.38825202	0.6260749	-0.55385884	0.64767175	-2.6543264	-1.3892085
3.90003e+10	-0.38956731	0.62845248	-0.54668829	0.65471198	-2.6223884	-1.3815753
3.92002e+10	-0.36431155	0.64428523	-0.53950259	0.66161392	-2.6135707	-1.3739401
3.94002e+10	-0.35926922	0.64255582	-0.53229671	0.66838604	-2.6603889	-1.3662974
3.96001e+10	-0.34333731	0.64934202	-0.52507994	0.67502314	-2.6798797	-1.3586571
3.98001e+10	-0.33287153	0.65681872	-0.5178471	0.68153346	-2.6582904	-1.3510139
4e+10	-0.32184557	0.65938838	-0.51060738	0.68791205	-2.6891301	-1.3433773
