Freq_GHz	Model_dBm
0.1	-23.314587
0.10998	-23.314589
0.11995999	-23.31459
0.12993999	-23.314592
0.13991998	-23.314593
0.14989998	-23.314595
0.15987997	-23.314597
0.16985997	-23.314599
0.17983996	-23.314601
0.18981996	-23.314603
0.19979996	-23.314605
0.20977995	-23.314608
0.21975995	-23.31461
0.22973994	-23.314613
0.23971994	-23.314616
0.24969993	-23.314619
0.25967993	-23.314622
0.26965992	-23.314625
0.27963992	-23.314628
0.28961992	-23.314632
0.29959991	-23.314635
0.30957991	-23.314639
0.3195599	-23.314642
0.3295399	-23.314646
0.33951989	-23.31465
0.34949989	-23.314654
0.35947988	-23.314659
0.36945988	-23.314663
0.37943988	-23.314667
0.38941987	-23.314672
0.39939987	-23.314677
0.40937986	-23.314682
0.41935986	-23.314687
0.42933985	-23.314692
0.43931985	-23.314697
0.44929984	-23.314702
0.45927984	-23.314707
0.46925984	-23.314713
0.47923983	-23.314719
0.48921983	-23.314724
0.49919982	-23.31473
0.50917982	-23.314736
0.51915981	-23.314743
0.52913981	-23.314749
0.5391198	-23.314755
0.5490998	-23.314762
0.5590798	-23.314768
0.56905979	-23.314775
0.57903979	-23.314782
0.58901978	-23.314789
0.59899978	-23.314796
0.60897977	-23.314803
0.61895977	-23.31481
0.62893976	-23.314818
0.63891976	-23.314825
0.64889976	-23.314833
0.65887975	-23.314841
0.66885975	-23.314849
0.67883974	-23.314857
0.68881974	-23.314865
0.69879973	-23.314873
0.70877973	-23.314882
0.71875972	-23.31489
0.72873972	-23.314899
0.73871972	-23.314908
0.74869971	-23.314917
0.75867971	-23.314926
0.7686597	-23.314935
0.7786397	-23.314944
0.78861969	-23.314953
0.79859969	-23.314963
0.80857968	-23.314973
0.81855968	-23.314982
0.82853968	-23.314992
0.83851967	-23.315002
0.84849967	-23.315012
0.85847966	-23.315022
0.86845966	-23.315033
0.87843965	-23.315043
0.88841965	-23.315054
0.89839964	-23.315064
0.90837964	-23.315075
0.91835964	-23.315086
0.92833963	-23.315097
0.93831963	-23.315108
0.94829962	-23.31512
0.95827962	-23.315131
0.96825961	-23.315143
0.97823961	-23.315154
0.9882196	-23.315166
0.9981996	-23.315178
1.0081796	-23.31519
1.0181596	-23.315202
1.0281396	-23.315214
1.0381196	-23.315227
1.0480996	-23.315239
1.0580796	-23.315252
1.0680596	-23.315265
1.0780396	-23.315277
1.0880196	-23.31529
1.0979996	-23.315304
1.1079796	-23.315317
1.1179595	-23.31533
1.1279395	-23.315344
1.1379195	-23.315357
1.1478995	-23.315371
1.1578795	-23.315385
1.1678595	-23.315399
1.1778395	-23.315413
1.1878195	-23.315427
1.1977995	-23.315441
1.2077795	-23.315456
1.2177595	-23.31547
1.2277395	-23.315485
1.2377195	-23.3155
1.2476995	-23.315515
1.2576795	-23.31553
1.2676595	-23.315545
1.2776395	-23.31556
1.2876195	-23.315576
1.2975995	-23.315591
1.3075795	-23.315607
1.3175595	-23.315622
1.3275395	-23.315638
1.3375194	-23.315654
1.3474994	-23.315671
1.3574794	-23.315687
1.3674594	-23.315703
1.3774394	-23.31572
1.3874194	-23.315736
1.3973994	-23.315753
1.4073794	-23.31577
1.4173594	-23.315787
1.4273394	-23.315804
1.4373194	-23.315821
1.4472994	-23.315839
1.4572794	-23.315856
1.4672594	-23.315874
1.4772394	-23.315891
1.4872194	-23.315909
1.4971994	-23.315927
1.5071794	-23.315945
1.5171594	-23.315964
1.5271394	-23.315982
1.5371194	-23.316
1.5470994	-23.316019
1.5570794	-23.316038
1.5670593	-23.316057
1.5770393	-23.316075
1.5870193	-23.316095
1.5969993	-23.316114
1.6069793	-23.316133
1.6169593	-23.316153
1.6269393	-23.316172
1.6369193	-23.316192
1.6468993	-23.316212
1.6568793	-23.316232
1.6668593	-23.316252
1.6768393	-23.316272
1.6868193	-23.316292
1.6967993	-23.316313
1.7067793	-23.316333
1.7167593	-23.316354
1.7267393	-23.316375
1.7367193	-23.316396
1.7466993	-23.316417
1.7566793	-23.316438
1.7666593	-23.316459
1.7766393	-23.316481
1.7866192	-23.316502
1.7965992	-23.316524
1.8065792	-23.316546
1.8165592	-23.316567
1.8265392	-23.31659
1.8365192	-23.316612
1.8464992	-23.316634
1.8564792	-23.316656
1.8664592	-23.316679
1.8764392	-23.316702
1.8864192	-23.316724
1.8963992	-23.316747
1.9063792	-23.31677
1.9163592	-23.316794
1.9263392	-23.316817
1.9363192	-23.31684
1.9462992	-23.316864
1.9562792	-23.316888
1.9662592	-23.316911
1.9762392	-23.316935
1.9862192	-23.316959
1.9961992	-23.316983
2.0061792	-23.317008
2.0161591	-23.317032
2.0261391	-23.317057
2.0361191	-23.317081
2.0460991	-23.317106
2.0560791	-23.317131
2.0660591	-23.317156
2.0760391	-23.317181
2.0860191	-23.317207
2.0959991	-23.317232
2.1059791	-23.317258
2.1159591	-23.317283
2.1259391	-23.317309
2.1359191	-23.317335
2.1458991	-23.317361
2.1558791	-23.317387
2.1658591	-23.317414
2.1758391	-23.31744
2.1858191	-23.317467
2.1957991	-23.317493
2.2057791	-23.31752
2.2157591	-23.317547
2.2257391	-23.317574
2.235719	-23.317601
2.245699	-23.317629
2.255679	-23.317656
2.265659	-23.317684
2.275639	-23.317712
2.285619	-23.317739
2.295599	-23.317767
2.305579	-23.317796
2.315559	-23.317824
2.325539	-23.317852
2.335519	-23.317881
2.345499	-23.317909
2.355479	-23.317938
2.365459	-23.317967
2.375439	-23.317996
2.385419	-23.318025
2.395399	-23.318054
2.405379	-23.318084
2.415359	-23.318113
2.425339	-23.318143
2.435319	-23.318172
2.445299	-23.318202
2.455279	-23.318232
2.4652589	-23.318263
2.4752389	-23.318293
2.4852189	-23.318323
2.4951989	-23.318354
2.5051789	-23.318384
2.5151589	-23.318415
2.5251389	-23.318446
2.5351189	-23.318477
2.5450989	-23.318508
2.5550789	-23.31854
2.5650589	-23.318571
2.5750389	-23.318603
2.5850189	-23.318635
2.5949989	-23.318666
2.6049789	-23.318698
2.6149589	-23.31873
2.6249389	-23.318763
2.6349189	-23.318795
2.6448989	-23.318828
2.6548789	-23.31886
2.6648589	-23.318893
2.6748389	-23.318926
2.6848188	-23.318959
2.6947988	-23.318992
2.7047788	-23.319025
2.7147588	-23.319059
2.7247388	-23.319092
2.7347188	-23.319126
2.7446988	-23.31916
2.7546788	-23.319194
2.7646588	-23.319228
2.7746388	-23.319262
2.7846188	-23.319296
2.7945988	-23.319331
2.8045788	-23.319365
2.8145588	-23.3194
2.8245388	-23.319435
2.8345188	-23.31947
2.8444988	-23.319505
2.8544788	-23.31954
2.8644588	-23.319576
2.8744388	-23.319611
2.8844188	-23.319647
2.8943988	-23.319682
2.9043788	-23.319718
2.9143587	-23.319754
2.9243387	-23.319791
2.9343187	-23.319827
2.9442987	-23.319863
2.9542787	-23.3199
2.9642587	-23.319937
2.9742387	-23.319974
2.9842187	-23.320011
2.9941987	-23.320048
3.0041787	-23.320085
3.0141587	-23.320122
3.0241387	-23.32016
3.0341187	-23.320197
3.0440987	-23.320235
3.0540787	-23.320273
3.0640587	-23.320311
3.0740387	-23.320349
3.0840187	-23.320388
3.0939987	-23.320426
3.1039787	-23.320465
3.1139587	-23.320504
3.1239387	-23.320542
3.1339186	-23.320581
3.1438986	-23.320621
3.1538786	-23.32066
3.1638586	-23.320699
3.1738386	-23.320739
3.1838186	-23.320778
3.1937986	-23.320818
3.2037786	-23.320858
3.2137586	-23.320898
3.2237386	-23.320939
3.2337186	-23.320979
3.2436986	-23.321019
3.2536786	-23.32106
3.2636586	-23.321101
3.2736386	-23.321142
3.2836186	-23.321183
3.2935986	-23.321224
3.3035786	-23.321265
3.3135586	-23.321307
3.3235386	-23.321348
3.3335186	-23.32139
3.3434986	-23.321432
3.3534786	-23.321474
3.3634585	-23.321516
3.3734385	-23.321558
3.3834185	-23.321601
3.3933985	-23.321643
3.4033785	-23.321686
3.4133585	-23.321729
3.4233385	-23.321772
3.4333185	-23.321815
3.4432985	-23.321858
3.4532785	-23.321902
3.4632585	-23.321945
3.4732385	-23.321989
3.4832185	-23.322033
3.4931985	-23.322076
3.5031785	-23.322121
3.5131585	-23.322165
3.5231385	-23.322209
3.5331185	-23.322254
3.5430985	-23.322298
3.5530785	-23.322343
3.5630585	-23.322388
3.5730385	-23.322433
3.5830184	-23.322478
3.5929984	-23.322524
3.6029784	-23.322569
3.6129584	-23.322615
3.6229384	-23.32266
3.6329184	-23.322706
3.6428984	-23.322752
3.6528784	-23.322799
3.6628584	-23.322845
3.6728384	-23.322891
3.6828184	-23.322938
3.6927984	-23.322985
3.7027784	-23.323032
3.7127584	-23.323079
3.7227384	-23.323126
3.7327184	-23.323173
3.7426984	-23.323221
3.7526784	-23.323268
3.7626584	-23.323316
3.7726384	-23.323364
3.7826184	-23.323412
3.7925984	-23.32346
3.8025784	-23.323508
3.8125583	-23.323557
3.8225383	-23.323605
3.8325183	-23.323654
3.8424983	-23.323703
3.8524783	-23.323752
3.8624583	-23.323801
3.8724383	-23.323851
3.8824183	-23.3239
3.8923983	-23.32395
3.9023783	-23.324
3.9123583	-23.324049
3.9223383	-23.324099
3.9323183	-23.32415
3.9422983	-23.3242
3.9522783	-23.32425
3.9622583	-23.324301
3.9722383	-23.324352
3.9822183	-23.324403
3.9921983	-23.324454
4.0021783	-23.324505
4.0121583	-23.324556
4.0221383	-23.324608
4.0321182	-23.32466
4.0420982	-23.324711
4.0520782	-23.324763
4.0620582	-23.324815
4.0720382	-23.324868
4.0820182	-23.32492
4.0919982	-23.324973
4.1019782	-23.325025
4.1119582	-23.325078
4.1219382	-23.325131
4.1319182	-23.325184
4.1418982	-23.325237
4.1518782	-23.325291
4.1618582	-23.325344
4.1718382	-23.325398
4.1818182	-23.325452
4.1917982	-23.325506
4.2017782	-23.32556
4.2117582	-23.325614
4.2217382	-23.325669
4.2317182	-23.325723
4.2416982	-23.325778
4.2516782	-23.325833
4.2616581	-23.325888
4.2716381	-23.325943
4.2816181	-23.325999
4.2915981	-23.326054
4.3015781	-23.32611
4.3115581	-23.326166
4.3215381	-23.326222
4.3315181	-23.326278
4.3414981	-23.326334
4.3514781	-23.32639
4.3614581	-23.326447
4.3714381	-23.326504
4.3814181	-23.32656
4.3913981	-23.326617
4.4013781	-23.326675
4.4113581	-23.326732
4.4213381	-23.326789
4.4313181	-23.326847
4.4412981	-23.326905
4.4512781	-23.326963
4.4612581	-23.327021
4.4712381	-23.327079
4.481218	-23.327137
4.491198	-23.327196
4.501178	-23.327254
4.511158	-23.327313
4.521138	-23.327372
4.531118	-23.327431
4.541098	-23.327491
4.551078	-23.32755
4.561058	-23.32761
4.571038	-23.32767
4.581018	-23.327729
4.590998	-23.327789
4.600978	-23.32785
4.610958	-23.32791
4.620938	-23.327971
4.630918	-23.328031
4.640898	-23.328092
4.650878	-23.328153
4.660858	-23.328214
4.670838	-23.328276
4.680818	-23.328337
4.690798	-23.328399
4.700778	-23.32846
4.7107579	-23.328522
4.7207379	-23.328584
4.7307179	-23.328647
4.7406979	-23.328709
4.7506779	-23.328772
4.7606579	-23.328834
4.7706379	-23.328897
4.7806179	-23.32896
4.7905979	-23.329023
4.8005779	-23.329087
4.8105579	-23.32915
4.8205379	-23.329214
4.8305179	-23.329278
4.8404979	-23.329342
4.8504779	-23.329406
4.8604579	-23.32947
4.8704379	-23.329534
4.8804179	-23.329599
4.8903979	-23.329664
4.9003779	-23.329729
4.9103579	-23.329794
4.9203379	-23.329859
4.9303178	-23.329925
4.9402978	-23.32999
4.9502778	-23.330056
4.9602578	-23.330122
4.9702378	-23.330188
4.9802178	-23.330254
4.9901978	-23.33032
5.0001778	-23.330387
5.0101578	-23.330454
5.0201378	-23.33052
5.0301178	-23.330587
5.0400978	-23.330655
5.0500778	-23.330722
5.0600578	-23.330789
5.0700378	-23.330857
5.0800178	-23.330925
5.0899978	-23.330993
5.0999778	-23.331061
5.1099578	-23.331129
5.1199378	-23.331198
5.1299178	-23.331266
5.1398978	-23.331335
5.1498778	-23.331404
5.1598577	-23.331473
5.1698377	-23.331543
5.1798177	-23.331612
5.1897977	-23.331682
5.1997777	-23.331752
5.2097577	-23.331822
5.2197377	-23.331892
5.2297177	-23.331962
5.2396977	-23.332032
5.2496777	-23.332103
5.2596577	-23.332174
5.2696377	-23.332245
5.2796177	-23.332316
5.2895977	-23.332387
5.2995777	-23.332459
5.3095577	-23.33253
5.3195377	-23.332602
5.3295177	-23.332674
5.3394977	-23.332746
5.3494777	-23.332818
5.3594577	-23.332891
5.3694377	-23.332963
5.3794176	-23.333036
5.3893976	-23.333109
5.3993776	-23.333182
5.4093576	-23.333255
5.4193376	-23.333329
5.4293176	-23.333403
5.4392976	-23.333476
5.4492776	-23.33355
5.4592576	-23.333624
5.4692376	-23.333699
5.4792176	-23.333773
5.4891976	-23.333848
5.4991776	-23.333923
5.5091576	-23.333998
5.5191376	-23.334073
5.5291176	-23.334148
5.5390976	-23.334224
5.5490776	-23.334299
5.5590576	-23.334375
5.5690376	-23.334451
5.5790176	-23.334527
5.5889976	-23.334604
5.5989776	-23.33468
5.6089575	-23.334757
5.6189375	-23.334834
5.6289175	-23.334911
5.6388975	-23.334988
5.6488775	-23.335066
5.6588575	-23.335143
5.6688375	-23.335221
5.6788175	-23.335299
5.6887975	-23.335377
5.6987775	-23.335455
5.7087575	-23.335534
5.7187375	-23.335612
5.7287175	-23.335691
5.7386975	-23.33577
5.7486775	-23.335849
5.7586575	-23.335928
5.7686375	-23.336008
5.7786175	-23.336087
5.7885975	-23.336167
5.7985775	-23.336247
5.8085575	-23.336327
5.8185375	-23.336408
5.8285174	-23.336488
5.8384974	-23.336569
5.8484774	-23.33665
5.8584574	-23.336731
5.8684374	-23.336812
5.8784174	-23.336894
5.8883974	-23.336975
5.8983774	-23.337057
5.9083574	-23.337139
5.9183374	-23.337221
5.9283174	-23.337304
5.9382974	-23.337386
5.9482774	-23.337469
5.9582574	-23.337552
5.9682374	-23.337635
5.9782174	-23.337718
5.9881974	-23.337801
5.9981774	-23.337885
6.0081574	-23.337969
6.0181374	-23.338053
6.0281174	-23.338137
6.0380974	-23.338221
6.0480774	-23.338306
6.0580573	-23.33839
6.0680373	-23.338475
6.0780173	-23.33856
6.0879973	-23.338645
6.0979773	-23.338731
6.1079573	-23.338816
6.1179373	-23.338902
6.1279173	-23.338988
6.1378973	-23.339074
6.1478773	-23.33916
6.1578573	-23.339247
6.1678373	-23.339334
6.1778173	-23.33942
6.1877973	-23.339507
6.1977773	-23.339595
6.2077573	-23.339682
6.2177373	-23.33977
6.2277173	-23.339858
6.2376973	-23.339946
6.2476773	-23.340034
6.2576573	-23.340122
6.2676373	-23.340211
6.2776172	-23.340299
6.2875972	-23.340388
6.2975772	-23.340477
6.3075572	-23.340567
6.3175372	-23.340656
6.3275172	-23.340746
6.3374972	-23.340835
6.3474772	-23.340926
6.3574572	-23.341016
6.3674372	-23.341106
6.3774172	-23.341197
6.3873972	-23.341288
6.3973772	-23.341378
6.4073572	-23.34147
6.4173372	-23.341561
6.4273172	-23.341653
6.4372972	-23.341744
6.4472772	-23.341836
6.4572572	-23.341928
6.4672372	-23.342021
6.4772172	-23.342113
6.4871972	-23.342206
6.4971772	-23.342299
6.5071571	-23.342392
6.5171371	-23.342485
6.5271171	-23.342578
6.5370971	-23.342672
6.5470771	-23.342766
6.5570571	-23.34286
6.5670371	-23.342954
6.5770171	-23.343049
6.5869971	-23.343143
6.5969771	-23.343238
6.6069571	-23.343333
6.6169371	-23.343428
6.6269171	-23.343524
6.6368971	-23.343619
6.6468771	-23.343715
6.6568571	-23.343811
6.6668371	-23.343907
6.6768171	-23.344003
6.6867971	-23.3441
6.6967771	-23.344197
6.7067571	-23.344294
6.7167371	-23.344391
6.726717	-23.344488
6.736697	-23.344586
6.746677	-23.344683
6.756657	-23.344781
6.766637	-23.34488
6.776617	-23.344978
6.786597	-23.345076
6.796577	-23.345175
6.806557	-23.345274
6.816537	-23.345373
6.826517	-23.345473
6.836497	-23.345572
6.846477	-23.345672
6.856457	-23.345772
6.866437	-23.345872
6.876417	-23.345972
6.886397	-23.346073
6.896377	-23.346173
6.906357	-23.346274
6.916337	-23.346375
6.926317	-23.346477
6.936297	-23.346578
6.946277	-23.34668
6.9562569	-23.346782
6.9662369	-23.346884
6.9762169	-23.346987
6.9861969	-23.347089
6.9961769	-23.347192
7.0061569	-23.347295
7.0161369	-23.347398
7.0261169	-23.347501
7.0360969	-23.347605
7.0460769	-23.347709
7.0560569	-23.347813
7.0660369	-23.347917
7.0760169	-23.348021
7.0859969	-23.348126
7.0959769	-23.348231
7.1059569	-23.348336
7.1159369	-23.348441
7.1259169	-23.348546
7.1358969	-23.348652
7.1458769	-23.348758
7.1558569	-23.348864
7.1658369	-23.34897
7.1758168	-23.349076
7.1857968	-23.349183
7.1957768	-23.34929
7.2057568	-23.349397
7.2157368	-23.349504
7.2257168	-23.349612
7.2356968	-23.34972
7.2456768	-23.349828
7.2556568	-23.349936
7.2656368	-23.350044
7.2756168	-23.350153
7.2855968	-23.350261
7.2955768	-23.35037
7.3055568	-23.35048
7.3155368	-23.350589
7.3255168	-23.350699
7.3354968	-23.350808
7.3454768	-23.350918
7.3554568	-23.351029
7.3654368	-23.351139
7.3754168	-23.35125
7.3853968	-23.351361
7.3953768	-23.351472
7.4053567	-23.351583
7.4153367	-23.351695
7.4253167	-23.351806
7.4352967	-23.351918
7.4452767	-23.352031
7.4552567	-23.352143
7.4652367	-23.352256
7.4752167	-23.352368
7.4851967	-23.352481
7.4951767	-23.352595
7.5051567	-23.352708
7.5151367	-23.352822
7.5251167	-23.352936
7.5350967	-23.35305
7.5450767	-23.353164
7.5550567	-23.353279
7.5650367	-23.353394
7.5750167	-23.353509
7.5849967	-23.353624
7.5949767	-23.353739
7.6049567	-23.353855
7.6149367	-23.353971
7.6249166	-23.354087
7.6348966	-23.354203
7.6448766	-23.35432
7.6548566	-23.354437
7.6648366	-23.354554
7.6748166	-23.354671
7.6847966	-23.354788
7.6947766	-23.354906
7.7047566	-23.355024
7.7147366	-23.355142
7.7247166	-23.35526
7.7346966	-23.355379
7.7446766	-23.355497
7.7546566	-23.355616
7.7646366	-23.355736
7.7746166	-23.355855
7.7845966	-23.355975
7.7945766	-23.356095
7.8045566	-23.356215
7.8145366	-23.356335
7.8245166	-23.356456
7.8344966	-23.356576
7.8444766	-23.356697
7.8544565	-23.356819
7.8644365	-23.35694
7.8744165	-23.357062
7.8843965	-23.357184
7.8943765	-23.357306
7.9043565	-23.357428
7.9143365	-23.357551
7.9243165	-23.357674
7.9342965	-23.357797
7.9442765	-23.35792
7.9542565	-23.358044
7.9642365	-23.358168
7.9742165	-23.358292
7.9841965	-23.358416
7.9941765	-23.35854
8.0041565	-23.358665
8.0141365	-23.35879
8.0241165	-23.358915
8.0340965	-23.35904
8.0440765	-23.359166
8.0540565	-23.359292
8.0640365	-23.359418
8.0740164	-23.359544
8.0839964	-23.359671
8.0939764	-23.359798
8.1039564	-23.359925
8.1139364	-23.360052
8.1239164	-23.360179
8.1338964	-23.360307
8.1438764	-23.360435
8.1538564	-23.360563
8.1638364	-23.360692
8.1738164	-23.36082
8.1837964	-23.360949
8.1937764	-23.361078
8.2037564	-23.361208
8.2137364	-23.361337
8.2237164	-23.361467
8.2336964	-23.361597
8.2436764	-23.361728
8.2536564	-23.361858
8.2636364	-23.361989
8.2736164	-23.36212
8.2835964	-23.362251
8.2935764	-23.362383
8.3035563	-23.362515
8.3135363	-23.362647
8.3235163	-23.362779
8.3334963	-23.362911
8.3434763	-23.363044
8.3534563	-23.363177
8.3634363	-23.36331
8.3734163	-23.363444
8.3833963	-23.363577
8.3933763	-23.363711
8.4033563	-23.363845
8.4133363	-23.36398
8.4233163	-23.364115
8.4332963	-23.364249
8.4432763	-23.364385
8.4532563	-23.36452
8.4632363	-23.364656
8.4732163	-23.364792
8.4831963	-23.364928
8.4931763	-23.365064
8.5031563	-23.365201
8.5131363	-23.365338
8.5231162	-23.365475
8.5330962	-23.365612
8.5430762	-23.36575
8.5530562	-23.365888
8.5630362	-23.366026
8.5730162	-23.366164
8.5829962	-23.366303
8.5929762	-23.366442
8.6029562	-23.366581
8.6129362	-23.36672
8.6229162	-23.36686
8.6328962	-23.367
8.6428762	-23.36714
8.6528562	-23.36728
8.6628362	-23.367421
8.6728162	-23.367562
8.6827962	-23.367703
8.6927762	-23.367844
8.7027562	-23.367986
8.7127362	-23.368128
8.7227162	-23.36827
8.7326962	-23.368412
8.7426762	-23.368555
8.7526561	-23.368698
8.7626361	-23.368841
8.7726161	-23.368984
8.7825961	-23.369128
8.7925761	-23.369272
8.8025561	-23.369416
8.8125361	-23.369561
8.8225161	-23.369705
8.8324961	-23.36985
8.8424761	-23.369996
8.8524561	-23.370141
8.8624361	-23.370287
8.8724161	-23.370433
8.8823961	-23.370579
8.8923761	-23.370725
8.9023561	-23.370872
8.9123361	-23.371019
8.9223161	-23.371167
8.9322961	-23.371314
8.9422761	-23.371462
8.9522561	-23.37161
8.9622361	-23.371758
8.972216	-23.371907
8.982196	-23.372056
8.992176	-23.372205
9.002156	-23.372354
9.012136	-23.372504
9.022116	-23.372654
9.032096	-23.372804
9.042076	-23.372955
9.052056	-23.373105
9.062036	-23.373256
9.072016	-23.373407
9.081996	-23.373559
9.091976	-23.373711
9.101956	-23.373863
9.111936	-23.374015
9.121916	-23.374168
9.131896	-23.37432
9.141876	-23.374474
9.151856	-23.374627
9.161836	-23.374781
9.171816	-23.374935
9.181796	-23.375089
9.191776	-23.375243
9.2017559	-23.375398
9.2117359	-23.375553
9.2217159	-23.375708
9.2316959	-23.375864
9.2416759	-23.376019
9.2516559	-23.376176
9.2616359	-23.376332
9.2716159	-23.376489
9.2815959	-23.376645
9.2915759	-23.376803
9.3015559	-23.37696
9.3115359	-23.377118
9.3215159	-23.377276
9.3314959	-23.377434
9.3414759	-23.377593
9.3514559	-23.377751
9.3614359	-23.37791
9.3714159	-23.37807
9.3813959	-23.378229
9.3913759	-23.378389
9.4013559	-23.37855
9.4113359	-23.37871
9.4213158	-23.378871
9.4312958	-23.379032
9.4412758	-23.379193
9.4512558	-23.379355
9.4612358	-23.379517
9.4712158	-23.379679
9.4811958	-23.379841
9.4911758	-23.380004
9.5011558	-23.380167
9.5111358	-23.38033
9.5211158	-23.380494
9.5310958	-23.380658
9.5410758	-23.380822
9.5510558	-23.380986
9.5610358	-23.381151
9.5710158	-23.381316
9.5809958	-23.381481
9.5909758	-23.381647
9.6009558	-23.381812
9.6109358	-23.381979
9.6209158	-23.382145
9.6308958	-23.382312
9.6408758	-23.382479
9.6508557	-23.382646
9.6608357	-23.382813
9.6708157	-23.382981
9.6807957	-23.383149
9.6907757	-23.383318
9.7007557	-23.383486
9.7107357	-23.383655
9.7207157	-23.383825
9.7306957	-23.383994
9.7406757	-23.384164
9.7506557	-23.384334
9.7606357	-23.384505
9.7706157	-23.384675
9.7805957	-23.384846
9.7905757	-23.385018
9.8005557	-23.385189
9.8105357	-23.385361
9.8205157	-23.385533
9.8304957	-23.385706
9.8404757	-23.385879
9.8504557	-23.386052
9.8604357	-23.386225
9.8704156	-23.386399
9.8803956	-23.386573
9.8903756	-23.386747
9.9003556	-23.386921
9.9103356	-23.387096
9.9203156	-23.387271
9.9302956	-23.387447
9.9402756	-23.387623
9.9502556	-23.387799
9.9602356	-23.387975
9.9702156	-23.388151
9.9801956	-23.388328
9.9901756	-23.388506
10.000156	-23.388683
10.010136	-23.388861
10.020116	-23.389039
10.030096	-23.389218
10.040076	-23.389396
10.050056	-23.389575
10.060036	-23.389755
10.070016	-23.389934
10.079996	-23.390114
10.089976	-23.390294
10.099956	-23.390475
10.109936	-23.390656
10.119916	-23.390837
10.129896	-23.391018
10.139876	-23.3912
10.149856	-23.391382
10.159836	-23.391565
10.169816	-23.391747
10.179796	-23.39193
10.189776	-23.392114
10.199756	-23.392297
10.209735	-23.392481
10.219715	-23.392665
10.229695	-23.39285
10.239675	-23.393035
10.249655	-23.39322
10.259635	-23.393405
10.269615	-23.393591
10.279595	-23.393777
10.289575	-23.393963
10.299555	-23.39415
10.309535	-23.394337
10.319515	-23.394524
10.329495	-23.394712
10.339475	-23.3949
10.349455	-23.395088
10.359435	-23.395277
10.369415	-23.395466
10.379395	-23.395655
10.389375	-23.395845
10.399355	-23.396034
10.409335	-23.396225
10.419315	-23.396415
10.429295	-23.396606
10.439275	-23.396797
10.449255	-23.396988
10.459235	-23.39718
10.469215	-23.397372
10.479195	-23.397565
10.489175	-23.397757
10.499155	-23.39795
10.509135	-23.398144
10.519115	-23.398337
10.529095	-23.398531
10.539075	-23.398726
10.549055	-23.39892
10.559035	-23.399115
10.569015	-23.39931
10.578995	-23.399506
10.588975	-23.399702
10.598955	-23.399898
10.608935	-23.400095
10.618915	-23.400292
10.628895	-23.400489
10.638875	-23.400686
10.648855	-23.400884
10.658835	-23.401083
10.668815	-23.401281
10.678795	-23.40148
10.688775	-23.401679
10.698755	-23.401879
10.708735	-23.402078
10.718715	-23.402279
10.728695	-23.402479
10.738675	-23.40268
10.748655	-23.402881
10.758635	-23.403083
10.768615	-23.403284
10.778595	-23.403487
10.788575	-23.403689
10.798555	-23.403892
10.808535	-23.404095
10.818515	-23.404299
10.828495	-23.404502
10.838475	-23.404707
10.848455	-23.404911
10.858435	-23.405116
10.868415	-23.405321
10.878395	-23.405527
10.888375	-23.405732
10.898355	-23.405939
10.908335	-23.406145
10.918315	-23.406352
10.928295	-23.406559
10.938275	-23.406767
10.948255	-23.406975
10.958235	-23.407183
10.968215	-23.407391
10.978195	-23.4076
10.988175	-23.407809
10.998155	-23.408019
11.008135	-23.408229
11.018115	-23.408439
11.028095	-23.40865
11.038075	-23.408861
11.048055	-23.409072
11.058035	-23.409284
11.068015	-23.409496
11.077995	-23.409708
11.087975	-23.409921
11.097955	-23.410134
11.107935	-23.410347
11.117915	-23.410561
11.127895	-23.410775
11.137875	-23.410989
11.147855	-23.411204
11.157835	-23.411419
11.167815	-23.411634
11.177795	-23.41185
11.187775	-23.412066
11.197755	-23.412283
11.207735	-23.4125
11.217715	-23.412717
11.227695	-23.412934
11.237675	-23.413152
11.247655	-23.413371
11.257635	-23.413589
11.267615	-23.413808
11.277595	-23.414027
11.287575	-23.414247
11.297555	-23.414467
11.307535	-23.414688
11.317515	-23.414908
11.327495	-23.415129
11.337475	-23.415351
11.347455	-23.415573
11.357435	-23.415795
11.367415	-23.416017
11.377395	-23.41624
11.387375	-23.416463
11.397355	-23.416687
11.407335	-23.416911
11.417315	-23.417135
11.427295	-23.41736
11.437275	-23.417585
11.447255	-23.41781
11.457235	-23.418036
11.467215	-23.418262
11.477195	-23.418489
11.487175	-23.418716
11.497155	-23.418943
11.507135	-23.419171
11.517115	-23.419398
11.527095	-23.419627
11.537075	-23.419855
11.547055	-23.420085
11.557035	-23.420314
11.567015	-23.420544
11.576995	-23.420774
11.586975	-23.421004
11.596955	-23.421235
11.606935	-23.421467
11.616915	-23.421698
11.626895	-23.42193
11.636875	-23.422163
11.646855	-23.422395
11.656835	-23.422628
11.666815	-23.422862
11.676795	-23.423096
11.686775	-23.42333
11.696755	-23.423565
11.706735	-23.4238
11.716715	-23.424035
11.726695	-23.424271
11.736675	-23.424507
11.746655	-23.424743
11.756635	-23.42498
11.766615	-23.425217
11.776595	-23.425455
11.786575	-23.425693
11.796555	-23.425931
11.806535	-23.42617
11.816515	-23.426409
11.826495	-23.426649
11.836475	-23.426889
11.846455	-23.427129
11.856435	-23.42737
11.866415	-23.427611
11.876395	-23.427852
11.886375	-23.428094
11.896355	-23.428336
11.906335	-23.428579
11.916315	-23.428822
11.926295	-23.429065
11.936275	-23.429309
11.946255	-23.429553
11.956235	-23.429797
11.966215	-23.430042
11.976195	-23.430288
11.986175	-23.430533
11.996155	-23.430779
12.006135	-23.431026
12.016115	-23.431273
12.026095	-23.43152
12.036075	-23.431767
12.046055	-23.432015
12.056035	-23.432264
12.066015	-23.432513
12.075995	-23.432762
12.085975	-23.433011
12.095955	-23.433261
12.105935	-23.433512
12.115915	-23.433762
12.125895	-23.434014
12.135875	-23.434265
12.145855	-23.434517
12.155835	-23.434769
12.165815	-23.435022
12.175795	-23.435275
12.185775	-23.435529
12.195755	-23.435783
12.205735	-23.436037
12.215715	-23.436292
12.225695	-23.436547
12.235675	-23.436802
12.245655	-23.437058
12.255635	-23.437315
12.265615	-23.437571
12.275595	-23.437829
12.285575	-23.438086
12.295555	-23.438344
12.305535	-23.438602
12.315515	-23.438861
12.325495	-23.43912
12.335475	-23.43938
12.345455	-23.43964
12.355435	-23.4399
12.365415	-23.440161
12.375395	-23.440422
12.385375	-23.440684
12.395355	-23.440946
12.405335	-23.441208
12.415315	-23.441471
12.425295	-23.441734
12.435275	-23.441998
12.445255	-23.442262
12.455234	-23.442526
12.465214	-23.442791
12.475194	-23.443057
12.485174	-23.443322
12.495154	-23.443588
12.505134	-23.443855
12.515114	-23.444122
12.525094	-23.444389
12.535074	-23.444657
12.545054	-23.444925
12.555034	-23.445194
12.565014	-23.445463
12.574994	-23.445732
12.584974	-23.446002
12.594954	-23.446273
12.604934	-23.446543
12.614914	-23.446814
12.624894	-23.447086
12.634874	-23.447358
12.644854	-23.44763
12.654834	-23.447903
12.664814	-23.448176
12.674794	-23.44845
12.684774	-23.448724
12.694754	-23.448999
12.704734	-23.449274
12.714714	-23.449549
12.724694	-23.449825
12.734674	-23.450101
12.744654	-23.450378
12.754634	-23.450655
12.764614	-23.450932
12.774594	-23.45121
12.784574	-23.451488
12.794554	-23.451767
12.804534	-23.452046
12.814514	-23.452326
12.824494	-23.452606
12.834474	-23.452887
12.844454	-23.453168
12.854434	-23.453449
12.864414	-23.453731
12.874394	-23.454013
12.884374	-23.454296
12.894354	-23.454579
12.904334	-23.454862
12.914314	-23.455146
12.924294	-23.455431
12.934274	-23.455716
12.944254	-23.456001
12.954234	-23.456287
12.964214	-23.456573
12.974194	-23.45686
12.984174	-23.457147
12.994154	-23.457434
13.004134	-23.457722
13.014114	-23.458011
13.024094	-23.458299
13.034074	-23.458589
13.044054	-23.458878
13.054034	-23.459169
13.064014	-23.459459
13.073994	-23.45975
13.083974	-23.460042
13.093954	-23.460334
13.103934	-23.460626
13.113914	-23.460919
13.123894	-23.461212
13.133874	-23.461506
13.143854	-23.4618
13.153834	-23.462095
13.163814	-23.46239
13.173794	-23.462685
13.183774	-23.462981
13.193754	-23.463278
13.203734	-23.463575
13.213714	-23.463872
13.223694	-23.46417
13.233674	-23.464468
13.243654	-23.464767
13.253634	-23.465066
13.263614	-23.465365
13.273594	-23.465666
13.283574	-23.465966
13.293554	-23.466267
13.303534	-23.466569
13.313514	-23.46687
13.323494	-23.467173
13.333474	-23.467476
13.343454	-23.467779
13.353434	-23.468083
13.363414	-23.468387
13.373394	-23.468692
13.383374	-23.468997
13.393354	-23.469302
13.403334	-23.469608
13.413314	-23.469915
13.423294	-23.470222
13.433274	-23.470529
13.443254	-23.470837
13.453234	-23.471146
13.463214	-23.471454
13.473194	-23.471764
13.483174	-23.472074
13.493154	-23.472384
13.503134	-23.472695
13.513114	-23.473006
13.523094	-23.473317
13.533074	-23.47363
13.543054	-23.473942
13.553034	-23.474255
13.563014	-23.474569
13.572994	-23.474883
13.582974	-23.475197
13.592954	-23.475512
13.602934	-23.475828
13.612914	-23.476144
13.622894	-23.47646
13.632874	-23.476777
13.642854	-23.477094
13.652834	-23.477412
13.662814	-23.477731
13.672794	-23.478049
13.682774	-23.478369
13.692754	-23.478689
13.702734	-23.479009
13.712714	-23.47933
13.722694	-23.479651
13.732674	-23.479972
13.742654	-23.480295
13.752634	-23.480617
13.762614	-23.48094
13.772594	-23.481264
13.782574	-23.481588
13.792554	-23.481913
13.802534	-23.482238
13.812514	-23.482563
13.822494	-23.48289
13.832474	-23.483216
13.842454	-23.483543
13.852434	-23.483871
13.862414	-23.484199
13.872394	-23.484527
13.882374	-23.484856
13.892354	-23.485186
13.902334	-23.485516
13.912314	-23.485846
13.922294	-23.486177
13.932274	-23.486509
13.942254	-23.486841
13.952234	-23.487173
13.962214	-23.487506
13.972194	-23.48784
13.982174	-23.488174
13.992154	-23.488508
14.002134	-23.488843
14.012114	-23.489179
14.022094	-23.489515
14.032074	-23.489851
14.042054	-23.490188
14.052034	-23.490526
14.062014	-23.490864
14.071994	-23.491202
14.081974	-23.491541
14.091954	-23.49188
14.101934	-23.492221
14.111914	-23.492561
14.121894	-23.492902
14.131874	-23.493244
14.141854	-23.493586
14.151834	-23.493928
14.161814	-23.494271
14.171794	-23.494615
14.181774	-23.494959
14.191754	-23.495303
14.201734	-23.495648
14.211714	-23.495994
14.221694	-23.49634
14.231674	-23.496687
14.241654	-23.497034
14.251634	-23.497382
14.261614	-23.49773
14.271594	-23.498078
14.281574	-23.498428
14.291554	-23.498777
14.301534	-23.499128
14.311514	-23.499478
14.321494	-23.49983
14.331474	-23.500182
14.341454	-23.500534
14.351434	-23.500887
14.361414	-23.50124
14.371394	-23.501594
14.381374	-23.501948
14.391354	-23.502303
14.401334	-23.502659
14.411314	-23.503015
14.421294	-23.503371
14.431274	-23.503728
14.441254	-23.504086
14.451234	-23.504444
14.461214	-23.504803
14.471194	-23.505162
14.481174	-23.505521
14.491154	-23.505882
14.501134	-23.506242
14.511114	-23.506604
14.521094	-23.506965
14.531074	-23.507328
14.541054	-23.507691
14.551034	-23.508054
14.561014	-23.508418
14.570994	-23.508782
14.580974	-23.509147
14.590954	-23.509513
14.600934	-23.509879
14.610914	-23.510246
14.620894	-23.510613
14.630874	-23.51098
14.640854	-23.511349
14.650834	-23.511717
14.660814	-23.512087
14.670794	-23.512457
14.680774	-23.512827
14.690754	-23.513198
14.700733	-23.513569
14.710713	-23.513941
14.720693	-23.514314
14.730673	-23.514687
14.740653	-23.515061
14.750633	-23.515435
14.760613	-23.51581
14.770593	-23.516185
14.780573	-23.516561
14.790553	-23.516937
14.800533	-23.517314
14.810513	-23.517692
14.820493	-23.51807
14.830473	-23.518448
14.840453	-23.518828
14.850433	-23.519207
14.860413	-23.519588
14.870393	-23.519968
14.880373	-23.52035
14.890353	-23.520732
14.900333	-23.521114
14.910313	-23.521497
14.920293	-23.521881
14.930273	-23.522265
14.940253	-23.52265
14.950233	-23.523035
14.960213	-23.523421
14.970193	-23.523807
14.980173	-23.524194
14.990153	-23.524582
15.000133	-23.52497
15.010113	-23.525359
15.020093	-23.525748
15.030073	-23.526138
15.040053	-23.526528
15.050033	-23.526919
15.060013	-23.52731
15.069993	-23.527702
15.079973	-23.528095
15.089953	-23.528488
15.099933	-23.528882
15.109913	-23.529276
15.119893	-23.529671
15.129873	-23.530067
15.139853	-23.530463
15.149833	-23.530859
15.159813	-23.531257
15.169793	-23.531654
15.179773	-23.532053
15.189753	-23.532452
15.199733	-23.532851
15.209713	-23.533251
15.219693	-23.533652
15.229673	-23.534053
15.239653	-23.534455
15.249633	-23.534857
15.259613	-23.53526
15.269593	-23.535664
15.279573	-23.536068
15.289553	-23.536473
15.299533	-23.536878
15.309513	-23.537284
15.319493	-23.53769
15.329473	-23.538097
15.339453	-23.538505
15.349433	-23.538913
15.359413	-23.539322
15.369393	-23.539731
15.379373	-23.540141
15.389353	-23.540552
15.399333	-23.540963
15.409313	-23.541375
15.419293	-23.541787
15.429273	-23.5422
15.439253	-23.542614
15.449233	-23.543028
15.459213	-23.543443
15.469193	-23.543858
15.479173	-23.544274
15.489153	-23.54469
15.499133	-23.545108
15.509113	-23.545525
15.519093	-23.545944
15.529073	-23.546362
15.539053	-23.546782
15.549033	-23.547202
15.559013	-23.547623
15.568993	-23.548044
15.578973	-23.548466
15.588953	-23.548889
15.598933	-23.549312
15.608913	-23.549735
15.618893	-23.55016
15.628873	-23.550585
15.638853	-23.55101
15.648833	-23.551436
15.658813	-23.551863
15.668793	-23.552291
15.678773	-23.552718
15.688753	-23.553147
15.698733	-23.553576
15.708713	-23.554006
15.718693	-23.554437
15.728673	-23.554868
15.738653	-23.555299
15.748633	-23.555732
15.758613	-23.556164
15.768593	-23.556598
15.778573	-23.557032
15.788553	-23.557467
15.798533	-23.557902
15.808513	-23.558338
15.818493	-23.558775
15.828473	-23.559212
15.838453	-23.55965
15.848433	-23.560088
15.858413	-23.560527
15.868393	-23.560967
15.878373	-23.561407
15.888353	-23.561848
15.898333	-23.56229
15.908313	-23.562732
15.918293	-23.563175
15.928273	-23.563618
15.938253	-23.564062
15.948233	-23.564507
15.958213	-23.564952
15.968193	-23.565398
15.978173	-23.565845
15.988153	-23.566292
15.998133	-23.56674
16.008113	-23.567189
16.018093	-23.567638
16.028073	-23.568088
16.038053	-23.568538
16.048033	-23.568989
16.058013	-23.569441
16.067993	-23.569893
16.077973	-23.570346
16.087953	-23.5708
16.097933	-23.571254
16.107913	-23.571709
16.117893	-23.572164
16.127873	-23.57262
16.137853	-23.573077
16.147833	-23.573535
16.157813	-23.573993
16.167793	-23.574451
16.177773	-23.574911
16.187753	-23.575371
16.197733	-23.575832
16.207713	-23.576293
16.217693	-23.576755
16.227673	-23.577217
16.237653	-23.577681
16.247633	-23.578145
16.257613	-23.578609
16.267593	-23.579074
16.277573	-23.57954
16.287553	-23.580007
16.297533	-23.580474
16.307513	-23.580942
16.317493	-23.58141
16.327473	-23.58188
16.337453	-23.582349
16.347433	-23.58282
16.357413	-23.583291
16.367393	-23.583763
16.377373	-23.584235
16.387353	-23.584708
16.397333	-23.585182
16.407313	-23.585656
16.417293	-23.586132
16.427273	-23.586607
16.437253	-23.587084
16.447233	-23.587561
16.457213	-23.588039
16.467193	-23.588517
16.477173	-23.588996
16.487153	-23.589476
16.497133	-23.589956
16.507113	-23.590437
16.517093	-23.590919
16.527073	-23.591402
16.537053	-23.591885
16.547033	-23.592369
16.557013	-23.592853
16.566993	-23.593338
16.576973	-23.593824
16.586953	-23.59431
16.596933	-23.594798
16.606913	-23.595285
16.616893	-23.595774
16.626873	-23.596263
16.636853	-23.596753
16.646833	-23.597244
16.656813	-23.597735
16.666793	-23.598227
16.676773	-23.598719
16.686753	-23.599213
16.696733	-23.599707
16.706713	-23.600201
16.716693	-23.600697
16.726673	-23.601193
16.736653	-23.601689
16.746633	-23.602187
16.756613	-23.602685
16.766593	-23.603184
16.776573	-23.603683
16.786553	-23.604183
16.796533	-23.604684
16.806513	-23.605186
16.816493	-23.605688
16.826473	-23.606191
16.836453	-23.606695
16.846433	-23.607199
16.856413	-23.607704
16.866393	-23.60821
16.876373	-23.608716
16.886353	-23.609223
16.896333	-23.609731
16.906313	-23.61024
16.916293	-23.610749
16.926273	-23.611259
16.936253	-23.611769
16.946232	-23.612281
16.956212	-23.612793
16.966192	-23.613305
16.976172	-23.613819
16.986152	-23.614333
16.996132	-23.614848
17.006112	-23.615364
17.016092	-23.61588
17.026072	-23.616397
17.036052	-23.616914
17.046032	-23.617433
17.056012	-23.617952
17.065992	-23.618472
17.075972	-23.618992
17.085952	-23.619514
17.095932	-23.620036
17.105912	-23.620558
17.115892	-23.621082
17.125872	-23.621606
17.135852	-23.622131
17.145832	-23.622656
17.155812	-23.623183
17.165792	-23.62371
17.175772	-23.624237
17.185752	-23.624766
17.195732	-23.625295
17.205712	-23.625825
17.215692	-23.626355
17.225672	-23.626887
17.235652	-23.627419
17.245632	-23.627952
17.255612	-23.628485
17.265592	-23.629019
17.275572	-23.629554
17.285552	-23.63009
17.295532	-23.630627
17.305512	-23.631164
17.315492	-23.631702
17.325472	-23.63224
17.335452	-23.63278
17.345432	-23.63332
17.355412	-23.633861
17.365392	-23.634402
17.375372	-23.634945
17.385352	-23.635488
17.395332	-23.636031
17.405312	-23.636576
17.415292	-23.637121
17.425272	-23.637667
17.435252	-23.638214
17.445232	-23.638762
17.455212	-23.63931
17.465192	-23.639859
17.475172	-23.640409
17.485152	-23.640959
17.495132	-23.64151
17.505112	-23.642062
17.515092	-23.642615
17.525072	-23.643168
17.535052	-23.643723
17.545032	-23.644278
17.555012	-23.644833
17.564992	-23.64539
17.574972	-23.645947
17.584952	-23.646505
17.594932	-23.647064
17.604912	-23.647623
17.614892	-23.648184
17.624872	-23.648745
17.634852	-23.649306
17.644832	-23.649869
17.654812	-23.650432
17.664792	-23.650996
17.674772	-23.651561
17.684752	-23.652127
17.694732	-23.652693
17.704712	-23.65326
17.714692	-23.653828
17.724672	-23.654397
17.734652	-23.654966
17.744632	-23.655536
17.754612	-23.656107
17.764592	-23.656679
17.774572	-23.657251
17.784552	-23.657824
17.794532	-23.658398
17.804512	-23.658973
17.814492	-23.659549
17.824472	-23.660125
17.834452	-23.660702
17.844432	-23.66128
17.854412	-23.661859
17.864392	-23.662438
17.874372	-23.663018
17.884352	-23.663599
17.894332	-23.664181
17.904312	-23.664764
17.914292	-23.665347
17.924272	-23.665931
17.934252	-23.666516
17.944232	-23.667102
17.954212	-23.667688
17.964192	-23.668275
17.974172	-23.668863
17.984152	-23.669452
17.994132	-23.670042
18.004112	-23.670632
18.014092	-23.671223
18.024072	-23.671815
18.034052	-23.672408
18.044032	-23.673002
18.054012	-23.673596
18.063992	-23.674191
18.073972	-23.674787
18.083952	-23.675384
18.093932	-23.675981
18.103912	-23.676579
18.113892	-23.677179
18.123872	-23.677778
18.133852	-23.678379
18.143832	-23.678981
18.153812	-23.679583
18.163792	-23.680186
18.173772	-23.68079
18.183752	-23.681395
18.193732	-23.682
18.203712	-23.682607
18.213692	-23.683214
18.223672	-23.683822
18.233652	-23.68443
18.243632	-23.68504
18.253612	-23.68565
18.263592	-23.686261
18.273572	-23.686873
18.283552	-23.687486
18.293532	-23.6881
18.303512	-23.688714
18.313492	-23.689329
18.323472	-23.689945
18.333452	-23.690562
18.343432	-23.69118
18.353412	-23.691798
18.363392	-23.692418
18.373372	-23.693038
18.383352	-23.693659
18.393332	-23.694281
18.403312	-23.694903
18.413292	-23.695527
18.423272	-23.696151
18.433252	-23.696776
18.443232	-23.697402
18.453212	-23.698029
18.463192	-23.698656
18.473172	-23.699284
18.483152	-23.699914
18.493132	-23.700544
18.503112	-23.701175
18.513092	-23.701806
18.523072	-23.702439
18.533052	-23.703072
18.543032	-23.703706
18.553012	-23.704341
18.562992	-23.704977
18.572972	-23.705614
18.582952	-23.706251
18.592932	-23.70689
18.602912	-23.707529
18.612892	-23.708169
18.622872	-23.70881
18.632852	-23.709451
18.642832	-23.710094
18.652812	-23.710737
18.662792	-23.711382
18.672772	-23.712027
18.682752	-23.712673
18.692732	-23.713319
18.702712	-23.713967
18.712692	-23.714616
18.722672	-23.715265
18.732652	-23.715915
18.742632	-23.716566
18.752612	-23.717218
18.762592	-23.717871
18.772572	-23.718524
18.782552	-23.719179
18.792532	-23.719834
18.802512	-23.72049
18.812492	-23.721147
18.822472	-23.721805
18.832452	-23.722464
18.842432	-23.723123
18.852412	-23.723784
18.862392	-23.724445
18.872372	-23.725107
18.882352	-23.72577
18.892332	-23.726434
18.902312	-23.727099
18.912292	-23.727764
18.922272	-23.728431
18.932252	-23.729098
18.942232	-23.729766
18.952212	-23.730435
18.962192	-23.731105
18.972172	-23.731776
18.982152	-23.732448
18.992132	-23.73312
19.002112	-23.733794
19.012092	-23.734468
19.022072	-23.735143
19.032052	-23.735819
19.042032	-23.736496
19.052012	-23.737174
19.061992	-23.737853
19.071972	-23.738532
19.081952	-23.739213
19.091932	-23.739894
19.101912	-23.740576
19.111892	-23.741259
19.121872	-23.741943
19.131852	-23.742628
19.141832	-23.743314
19.151812	-23.744001
19.161792	-23.744688
19.171772	-23.745377
19.181752	-23.746066
19.191731	-23.746756
19.201711	-23.747447
19.211691	-23.748139
19.221671	-23.748832
19.231651	-23.749526
19.241631	-23.75022
19.251611	-23.750916
19.261591	-23.751612
19.271571	-23.752309
19.281551	-23.753008
19.291531	-23.753707
19.301511	-23.754407
19.311491	-23.755108
19.321471	-23.75581
19.331451	-23.756512
19.341431	-23.757216
19.351411	-23.75792
19.361391	-23.758626
19.371371	-23.759332
19.381351	-23.760039
19.391331	-23.760748
19.401311	-23.761457
19.411291	-23.762167
19.421271	-23.762877
19.431251	-23.763589
19.441231	-23.764302
19.451211	-23.765015
19.461191	-23.76573
19.471171	-23.766445
19.481151	-23.767162
19.491131	-23.767879
19.501111	-23.768597
19.511091	-23.769316
19.521071	-23.770036
19.531051	-23.770757
19.541031	-23.771479
19.551011	-23.772202
19.560991	-23.772925
19.570971	-23.77365
19.580951	-23.774376
19.590931	-23.775102
19.600911	-23.775829
19.610891	-23.776558
19.620871	-23.777287
19.630851	-23.778017
19.640831	-23.778748
19.650811	-23.77948
19.660791	-23.780213
19.670771	-23.780947
19.680751	-23.781682
19.690731	-23.782418
19.700711	-23.783154
19.710691	-23.783892
19.720671	-23.784631
19.730651	-23.78537
19.740631	-23.78611
19.750611	-23.786852
19.760591	-23.787594
19.770571	-23.788337
19.780551	-23.789082
19.790531	-23.789827
19.800511	-23.790573
19.810491	-23.79132
19.820471	-23.792068
19.830451	-23.792817
19.840431	-23.793566
19.850411	-23.794317
19.860391	-23.795069
19.870371	-23.795822
19.880351	-23.796575
19.890331	-23.79733
19.900311	-23.798085
19.910291	-23.798842
19.920271	-23.799599
19.930251	-23.800358
19.940231	-23.801117
19.950211	-23.801878
19.960191	-23.802639
19.970171	-23.803401
19.980151	-23.804164
19.990131	-23.804928
20.000111	-23.805694
20.010091	-23.80646
20.020071	-23.807227
20.030051	-23.807995
20.040031	-23.808764
20.050011	-23.809534
20.059991	-23.810304
20.069971	-23.811076
20.079951	-23.811849
20.089931	-23.812623
20.099911	-23.813398
20.109891	-23.814173
20.119871	-23.81495
20.129851	-23.815728
20.139831	-23.816507
20.149811	-23.817286
20.159791	-23.818067
20.169771	-23.818848
20.179751	-23.819631
20.189731	-23.820414
20.199711	-23.821199
20.209691	-23.821985
20.219671	-23.822771
20.229651	-23.823558
20.239631	-23.824347
20.249611	-23.825136
20.259591	-23.825927
20.269571	-23.826718
20.279551	-23.827511
20.289531	-23.828304
20.299511	-23.829098
20.309491	-23.829894
20.319471	-23.83069
20.329451	-23.831487
20.339431	-23.832286
20.349411	-23.833085
20.359391	-23.833885
20.369371	-23.834686
20.379351	-23.835489
20.389331	-23.836292
20.399311	-23.837096
20.409291	-23.837902
20.419271	-23.838708
20.429251	-23.839515
20.439231	-23.840323
20.449211	-23.841133
20.459191	-23.841943
20.469171	-23.842754
20.479151	-23.843567
20.489131	-23.84438
20.499111	-23.845194
20.509091	-23.84601
20.519071	-23.846826
20.529051	-23.847643
20.539031	-23.848462
20.549011	-23.849281
20.558991	-23.850101
20.568971	-23.850923
20.578951	-23.851745
20.588931	-23.852568
20.598911	-23.853393
20.608891	-23.854218
20.618871	-23.855045
20.628851	-23.855872
20.638831	-23.856701
20.648811	-23.85753
20.658791	-23.858361
20.668771	-23.859192
20.678751	-23.860025
20.688731	-23.860858
20.698711	-23.861693
20.708691	-23.862529
20.718671	-23.863365
20.728651	-23.864203
20.738631	-23.865042
20.748611	-23.865881
20.758591	-23.866722
20.768571	-23.867564
20.778551	-23.868407
20.788531	-23.869251
20.798511	-23.870096
20.808491	-23.870942
20.818471	-23.871789
20.828451	-23.872637
20.838431	-23.873486
20.848411	-23.874336
20.858391	-23.875187
20.868371	-23.876039
20.878351	-23.876892
20.888331	-23.877747
20.898311	-23.878602
20.908291	-23.879458
20.918271	-23.880316
20.928251	-23.881174
20.938231	-23.882033
20.948211	-23.882894
20.958191	-23.883756
20.968171	-23.884618
20.978151	-23.885482
20.988131	-23.886347
20.998111	-23.887212
21.008091	-23.888079
21.018071	-23.888947
21.028051	-23.889816
21.038031	-23.890686
21.048011	-23.891557
21.057991	-23.892429
21.067971	-23.893302
21.077951	-23.894176
21.087931	-23.895052
21.097911	-23.895928
21.107891	-23.896805
21.117871	-23.897684
21.127851	-23.898563
21.137831	-23.899444
21.147811	-23.900326
21.157791	-23.901208
21.167771	-23.902092
21.177751	-23.902977
21.187731	-23.903863
21.197711	-23.90475
21.207691	-23.905638
21.217671	-23.906527
21.227651	-23.907417
21.237631	-23.908309
21.247611	-23.909201
21.257591	-23.910094
21.267571	-23.910989
21.277551	-23.911884
21.287531	-23.912781
21.297511	-23.913679
21.307491	-23.914578
21.317471	-23.915478
21.327451	-23.916379
21.337431	-23.917281
21.347411	-23.918184
21.357391	-23.919088
21.367371	-23.919993
21.377351	-23.9209
21.387331	-23.921807
21.397311	-23.922716
21.407291	-23.923625
21.417271	-23.924536
21.427251	-23.925448
21.43723	-23.926361
21.44721	-23.927275
21.45719	-23.92819
21.46717	-23.929106
21.47715	-23.930024
21.48713	-23.930942
21.49711	-23.931862
21.50709	-23.932782
21.51707	-23.933704
21.52705	-23.934627
21.53703	-23.935551
21.54701	-23.936476
21.55699	-23.937402
21.56697	-23.938329
21.57695	-23.939258
21.58693	-23.940187
21.59691	-23.941117
21.60689	-23.942049
21.61687	-23.942982
21.62685	-23.943916
21.63683	-23.944851
21.64681	-23.945787
21.65679	-23.946724
21.66677	-23.947662
21.67675	-23.948602
21.68673	-23.949542
21.69671	-23.950484
21.70669	-23.951427
21.71667	-23.952371
21.72665	-23.953316
21.73663	-23.954262
21.74661	-23.955209
21.75659	-23.956158
21.76657	-23.957107
21.77655	-23.958058
21.78653	-23.959009
21.79651	-23.959962
21.80649	-23.960916
21.81647	-23.961871
21.82645	-23.962828
21.83643	-23.963785
21.84641	-23.964744
21.85639	-23.965703
21.86637	-23.966664
21.87635	-23.967626
21.88633	-23.968589
21.89631	-23.969553
21.90629	-23.970518
21.91627	-23.971485
21.92625	-23.972453
21.93623	-23.973421
21.94621	-23.974391
21.95619	-23.975362
21.96617	-23.976334
21.97615	-23.977308
21.98613	-23.978282
21.99611	-23.979258
22.00609	-23.980234
22.01607	-23.981212
22.02605	-23.982191
22.03603	-23.983171
22.04601	-23.984153
22.05599	-23.985135
22.06597	-23.986119
22.07595	-23.987103
22.08593	-23.988089
22.09591	-23.989076
22.10589	-23.990065
22.11587	-23.991054
22.12585	-23.992045
22.13583	-23.993036
22.14581	-23.994029
22.15579	-23.995023
22.16577	-23.996018
22.17575	-23.997015
22.18573	-23.998012
22.19571	-23.999011
22.20569	-24.000011
22.21567	-24.001012
22.22565	-24.002014
22.23563	-24.003017
22.24561	-24.004021
22.25559	-24.005027
22.26557	-24.006034
22.27555	-24.007042
22.28553	-24.008051
22.29551	-24.009061
22.30549	-24.010073
22.31547	-24.011085
22.32545	-24.012099
22.33543	-24.013114
22.34541	-24.014131
22.35539	-24.015148
22.36537	-24.016166
22.37535	-24.017186
22.38533	-24.018207
22.39531	-24.019229
22.40529	-24.020252
22.41527	-24.021277
22.42525	-24.022303
22.43523	-24.023329
22.44521	-24.024357
22.45519	-24.025387
22.46517	-24.026417
22.47515	-24.027448
22.48513	-24.028481
22.49511	-24.029515
22.50509	-24.03055
22.51507	-24.031587
22.52505	-24.032624
22.53503	-24.033663
22.54501	-24.034703
22.55499	-24.035744
22.56497	-24.036786
22.57495	-24.03783
22.58493	-24.038874
22.59491	-24.03992
22.60489	-24.040967
22.61487	-24.042016
22.62485	-24.043065
22.63483	-24.044116
22.64481	-24.045168
22.65479	-24.046221
22.66477	-24.047275
22.67475	-24.048331
22.68473	-24.049387
22.69471	-24.050445
22.70469	-24.051504
22.71467	-24.052565
22.72465	-24.053626
22.73463	-24.054689
22.74461	-24.055753
22.75459	-24.056818
22.76457	-24.057885
22.77455	-24.058952
22.78453	-24.060021
22.79451	-24.061091
22.80449	-24.062163
22.81447	-24.063235
22.82445	-24.064309
22.83443	-24.065384
22.84441	-24.06646
22.85439	-24.067537
22.86437	-24.068616
22.87435	-24.069696
22.88433	-24.070777
22.89431	-24.071859
22.90429	-24.072943
22.91427	-24.074027
22.92425	-24.075113
22.93423	-24.0762
22.94421	-24.077289
22.95419	-24.078379
22.96417	-24.079469
22.97415	-24.080562
22.98413	-24.081655
22.99411	-24.08275
23.00409	-24.083845
23.01407	-24.084942
23.02405	-24.086041
23.03403	-24.08714
23.04401	-24.088241
23.05399	-24.089343
23.06397	-24.090446
23.07395	-24.091551
23.08393	-24.092657
23.09391	-24.093764
23.10389	-24.094872
23.11387	-24.095982
23.12385	-24.097092
23.13383	-24.098204
23.14381	-24.099318
23.15379	-24.100432
23.16377	-24.101548
23.17375	-24.102665
23.18373	-24.103783
23.19371	-24.104903
23.20369	-24.106023
23.21367	-24.107145
23.22365	-24.108269
23.23363	-24.109393
23.24361	-24.110519
23.25359	-24.111646
23.26357	-24.112774
23.27355	-24.113904
23.28353	-24.115035
23.29351	-24.116167
23.30349	-24.1173
23.31347	-24.118435
23.32345	-24.119571
23.33343	-24.120708
23.34341	-24.121846
23.35339	-24.122986
23.36337	-24.124127
23.37335	-24.125269
23.38333	-24.126413
23.39331	-24.127557
23.40329	-24.128703
23.41327	-24.129851
23.42325	-24.130999
23.43323	-24.132149
23.44321	-24.1333
23.45319	-24.134453
23.46317	-24.135606
23.47315	-24.136761
23.48313	-24.137918
23.49311	-24.139075
23.50309	-24.140234
23.51307	-24.141394
23.52305	-24.142556
23.53303	-24.143718
23.54301	-24.144882
23.55299	-24.146047
23.56297	-24.147214
23.57295	-24.148382
23.58293	-24.149551
23.59291	-24.150721
23.60289	-24.151893
23.61287	-24.153066
23.62285	-24.15424
23.63283	-24.155416
23.64281	-24.156593
23.65279	-24.157771
23.66277	-24.15895
23.672749	-24.160131
23.682729	-24.161313
23.692709	-24.162496
23.702689	-24.163681
23.712669	-24.164867
23.722649	-24.166054
23.732629	-24.167243
23.742609	-24.168433
23.752589	-24.169624
23.762569	-24.170816
23.772549	-24.17201
23.782529	-24.173205
23.792509	-24.174401
23.802489	-24.175599
23.812469	-24.176798
23.822449	-24.177998
23.832429	-24.1792
23.842409	-24.180403
23.852389	-24.181607
23.862369	-24.182813
23.872349	-24.18402
23.882329	-24.185228
23.892309	-24.186437
23.902289	-24.187648
23.912269	-24.18886
23.922249	-24.190074
23.932229	-24.191289
23.942209	-24.192505
23.952189	-24.193722
23.962169	-24.194941
23.972149	-24.196161
23.982129	-24.197382
23.992109	-24.198605
24.002089	-24.199829
24.012069	-24.201054
24.022049	-24.202281
24.032029	-24.203509
24.042009	-24.204739
24.051989	-24.205969
24.061969	-24.207201
24.071949	-24.208435
24.081929	-24.209669
24.091909	-24.210905
24.101889	-24.212143
24.111869	-24.213381
24.121849	-24.214621
24.131829	-24.215863
24.141809	-24.217106
24.151789	-24.21835
24.161769	-24.219595
24.171749	-24.220842
24.181729	-24.22209
24.191709	-24.223339
24.201689	-24.22459
24.211669	-24.225842
24.221649	-24.227095
24.231629	-24.22835
24.241609	-24.229606
24.251589	-24.230864
24.261569	-24.232123
24.271549	-24.233383
24.281529	-24.234644
24.291509	-24.235907
24.301489	-24.237172
24.311469	-24.238437
24.321449	-24.239704
24.331429	-24.240972
24.341409	-24.242242
24.351389	-24.243513
24.361369	-24.244785
24.371349	-24.246059
24.381329	-24.247334
24.391309	-24.248611
24.401289	-24.249889
24.411269	-24.251168
24.421249	-24.252448
24.431229	-24.25373
24.441209	-24.255013
24.451189	-24.256298
24.461169	-24.257584
24.471149	-24.258871
24.481129	-24.26016
24.491109	-24.26145
24.501089	-24.262742
24.511069	-24.264035
24.521049	-24.265329
24.531029	-24.266624
24.541009	-24.267921
24.550989	-24.26922
24.560969	-24.270519
24.570949	-24.27182
24.580929	-24.273123
24.590909	-24.274427
24.600889	-24.275732
24.610869	-24.277038
24.620849	-24.278346
24.630829	-24.279656
24.640809	-24.280967
24.650789	-24.282279
24.660769	-24.283592
24.670749	-24.284907
24.680729	-24.286223
24.690709	-24.287541
24.700689	-24.28886
24.710669	-24.29018
24.720649	-24.291502
24.730629	-24.292825
24.740609	-24.29415
24.750589	-24.295476
24.760569	-24.296803
24.770549	-24.298132
24.780529	-24.299462
24.790509	-24.300794
24.800489	-24.302127
24.810469	-24.303461
24.820449	-24.304797
24.830429	-24.306134
24.840409	-24.307473
24.850389	-24.308813
24.860369	-24.310154
24.870349	-24.311497
24.880329	-24.312841
24.890309	-24.314186
24.900289	-24.315533
24.910269	-24.316882
24.920249	-24.318231
24.930229	-24.319583
24.940209	-24.320935
24.950189	-24.322289
24.960169	-24.323644
24.970149	-24.325001
24.980129	-24.326359
24.990109	-24.327719
25.000089	-24.32908
25.010069	-24.330443
25.020049	-24.331806
25.030029	-24.333172
25.040009	-24.334538
25.049989	-24.335906
25.059969	-24.337276
25.069949	-24.338647
25.079929	-24.340019
25.089909	-24.341393
25.099889	-24.342768
25.109869	-24.344145
25.119849	-24.345523
25.129829	-24.346902
25.139809	-24.348283
25.149789	-24.349665
25.159769	-24.351049
25.169749	-24.352434
25.179729	-24.353821
25.189709	-24.355209
25.199689	-24.356598
25.209669	-24.357989
25.219649	-24.359382
25.229629	-24.360775
25.239609	-24.36217
25.249589	-24.363567
25.259569	-24.364965
25.269549	-24.366364
25.279529	-24.367765
25.289509	-24.369168
25.299489	-24.370571
25.309469	-24.371977
25.319449	-24.373383
25.329429	-24.374791
25.339409	-24.376201
25.349389	-24.377612
25.359369	-24.379024
25.369349	-24.380438
25.379329	-24.381853
25.389309	-24.38327
25.399289	-24.384688
25.409269	-24.386108
25.419249	-24.387529
25.429229	-24.388951
25.439209	-24.390375
25.449189	-24.391801
25.459169	-24.393228
25.469149	-24.394656
25.479129	-24.396086
25.489109	-24.397517
25.499089	-24.398949
25.509069	-24.400384
25.519049	-24.401819
25.529029	-24.403256
25.539009	-24.404695
25.548989	-24.406135
25.558969	-24.407576
25.568949	-24.409019
25.578929	-24.410463
25.588909	-24.411909
25.598889	-24.413356
25.608869	-24.414805
25.618849	-24.416255
25.628829	-24.417706
25.638809	-24.41916
25.648789	-24.420614
25.658769	-24.42207
25.668749	-24.423528
25.678729	-24.424986
25.688709	-24.426447
25.698689	-24.427909
25.708669	-24.429372
25.718649	-24.430837
25.728629	-24.432303
25.738609	-24.433771
25.748589	-24.43524
25.758569	-24.436711
25.768549	-24.438183
25.778529	-24.439656
25.788509	-24.441132
25.798489	-24.442608
25.808469	-24.444086
25.818449	-24.445566
25.828429	-24.447047
25.838409	-24.448529
25.848389	-24.450013
25.858369	-24.451499
25.868349	-24.452986
25.878329	-24.454474
25.888309	-24.455964
25.898289	-24.457455
25.908269	-24.458948
25.918248	-24.460443
25.928228	-24.461938
25.938208	-24.463436
25.948188	-24.464934
25.958168	-24.466435
25.968148	-24.467937
25.978128	-24.46944
25.988108	-24.470945
25.998088	-24.472451
26.008068	-24.473959
26.018048	-24.475468
26.028028	-24.476979
26.038008	-24.478491
26.047988	-24.480004
26.057968	-24.48152
26.067948	-24.483036
26.077928	-24.484555
26.087908	-24.486074
26.097888	-24.487596
26.107868	-24.489118
26.117848	-24.490642
26.127828	-24.492168
26.137808	-24.493695
26.147788	-24.495224
26.157768	-24.496754
26.167748	-24.498286
26.177728	-24.499819
26.187708	-24.501354
26.197688	-24.50289
26.207668	-24.504428
26.217648	-24.505967
26.227628	-24.507508
26.237608	-24.50905
26.247588	-24.510594
26.257568	-24.512139
26.267548	-24.513686
26.277528	-24.515234
26.287508	-24.516784
26.297488	-24.518335
26.307468	-24.519888
26.317448	-24.521443
26.327428	-24.522998
26.337408	-24.524556
26.347388	-24.526115
26.357368	-24.527675
26.367348	-24.529237
26.377328	-24.5308
26.387308	-24.532365
26.397288	-24.533932
26.407268	-24.5355
26.417248	-24.537069
26.427228	-24.538641
26.437208	-24.540213
26.447188	-24.541787
26.457168	-24.543363
26.467148	-24.54494
26.477128	-24.546519
26.487108	-24.548099
26.497088	-24.549681
26.507068	-24.551264
26.517048	-24.552849
26.527028	-24.554435
26.537008	-24.556023
26.546988	-24.557612
26.556968	-24.559203
26.566948	-24.560796
26.576928	-24.562389
26.586908	-24.563985
26.596888	-24.565582
26.606868	-24.567181
26.616848	-24.568781
26.626828	-24.570382
26.636808	-24.571986
26.646788	-24.57359
26.656768	-24.575197
26.666748	-24.576804
26.676728	-24.578414
26.686708	-24.580025
26.696688	-24.581637
26.706668	-24.583251
26.716648	-24.584866
26.726628	-24.586484
26.736608	-24.588102
26.746588	-24.589722
26.756568	-24.591344
26.766548	-24.592967
26.776528	-24.594592
26.786508	-24.596218
26.796488	-24.597846
26.806468	-24.599476
26.816448	-24.601107
26.826428	-24.602739
26.836408	-24.604373
26.846388	-24.606009
26.856368	-24.607646
26.866348	-24.609285
26.876328	-24.610925
26.886308	-24.612567
26.896288	-24.61421
26.906268	-24.615855
26.916248	-24.617502
26.926228	-24.61915
26.936208	-24.620799
26.946188	-24.62245
26.956168	-24.624103
26.966148	-24.625757
26.976128	-24.627413
26.986108	-24.629071
26.996088	-24.63073
27.006068	-24.63239
27.016048	-24.634052
27.026028	-24.635716
27.036008	-24.637381
27.045988	-24.639048
27.055968	-24.640716
27.065948	-24.642386
27.075928	-24.644058
27.085908	-24.645731
27.095888	-24.647405
27.105868	-24.649082
27.115848	-24.650759
27.125828	-24.652439
27.135808	-24.65412
27.145788	-24.655802
27.155768	-24.657486
27.165748	-24.659172
27.175728	-24.660859
27.185708	-24.662548
27.195688	-24.664238
27.205668	-24.66593
27.215648	-24.667623
27.225628	-24.669318
27.235608	-24.671015
27.245588	-24.672713
27.255568	-24.674413
27.265548	-24.676115
27.275528	-24.677817
27.285508	-24.679522
27.295488	-24.681228
27.305468	-24.682936
27.315448	-24.684645
27.325428	-24.686356
27.335408	-24.688068
27.345388	-24.689782
27.355368	-24.691498
27.365348	-24.693215
27.375328	-24.694934
27.385308	-24.696654
27.395288	-24.698376
27.405268	-24.7001
27.415248	-24.701825
27.425228	-24.703552
27.435208	-24.70528
27.445188	-24.70701
27.455168	-24.708741
27.465148	-24.710474
27.475128	-24.712209
27.485108	-24.713945
27.495088	-24.715683
27.505068	-24.717423
27.515048	-24.719164
27.525028	-24.720906
27.535008	-24.722651
27.544988	-24.724396
27.554968	-24.726144
27.564948	-24.727893
27.574928	-24.729643
27.584908	-24.731396
27.594888	-24.733149
27.604868	-24.734905
27.614848	-24.736662
27.624828	-24.73842
27.634808	-24.740181
27.644788	-24.741942
27.654768	-24.743706
27.664748	-24.745471
27.674728	-24.747238
27.684708	-24.749006
27.694688	-24.750776
27.704668	-24.752547
27.714648	-24.75432
27.724628	-24.756095
27.734608	-24.757871
27.744588	-24.759649
27.754568	-24.761428
27.764548	-24.763209
27.774528	-24.764992
27.784508	-24.766776
27.794488	-24.768562
27.804468	-24.77035
27.814448	-24.772139
27.824428	-24.77393
27.834408	-24.775722
27.844388	-24.777516
27.854368	-24.779311
27.864348	-24.781109
27.874328	-24.782907
27.884308	-24.784708
27.894288	-24.78651
27.904268	-24.788314
27.914248	-24.790119
27.924228	-24.791926
27.934208	-24.793734
27.944188	-24.795544
27.954168	-24.797356
27.964148	-24.799169
27.974128	-24.800984
27.984108	-24.802801
27.994088	-24.804619
28.004068	-24.806439
28.014048	-24.808261
28.024028	-24.810084
28.034008	-24.811908
28.043988	-24.813735
28.053968	-24.815563
28.063948	-24.817392
28.073928	-24.819223
28.083908	-24.821056
28.093888	-24.822891
28.103868	-24.824727
28.113848	-24.826565
28.123828	-24.828404
28.133808	-24.830245
28.143788	-24.832088
28.153768	-24.833932
28.163747	-24.835778
28.173727	-24.837625
28.183707	-24.839474
28.193687	-24.841325
28.203667	-24.843177
28.213647	-24.845031
28.223627	-24.846887
28.233607	-24.848744
28.243587	-24.850603
28.253567	-24.852464
28.263547	-24.854326
28.273527	-24.85619
28.283507	-24.858055
28.293487	-24.859922
28.303467	-24.861791
28.313447	-24.863662
28.323427	-24.865534
28.333407	-24.867407
28.343387	-24.869282
28.353367	-24.871159
28.363347	-24.873038
28.373327	-24.874918
28.383307	-24.8768
28.393287	-24.878684
28.403267	-24.880569
28.413247	-24.882455
28.423227	-24.884344
28.433207	-24.886234
28.443187	-24.888126
28.453167	-24.890019
28.463147	-24.891914
28.473127	-24.893811
28.483107	-24.895709
28.493087	-24.897609
28.503067	-24.89951
28.513047	-24.901414
28.523027	-24.903319
28.533007	-24.905225
28.542987	-24.907133
28.552967	-24.909043
28.562947	-24.910955
28.572927	-24.912868
28.582907	-24.914782
28.592887	-24.916699
28.602867	-24.918617
28.612847	-24.920537
28.622827	-24.922458
28.632807	-24.924381
28.642787	-24.926306
28.652767	-24.928232
28.662747	-24.93016
28.672727	-24.93209
28.682707	-24.934021
28.692687	-24.935954
28.702667	-24.937889
28.712647	-24.939825
28.722627	-24.941763
28.732607	-24.943703
28.742587	-24.945644
28.752567	-24.947587
28.762547	-24.949531
28.772527	-24.951477
28.782507	-24.953425
28.792487	-24.955375
28.802467	-24.957326
28.812447	-24.959279
28.822427	-24.961234
28.832407	-24.96319
28.842387	-24.965148
28.852367	-24.967107
28.862347	-24.969068
28.872327	-24.971031
28.882307	-24.972996
28.892287	-24.974962
28.902267	-24.97693
28.912247	-24.978899
28.922227	-24.98087
28.932207	-24.982843
28.942187	-24.984818
28.952167	-24.986794
28.962147	-24.988772
28.972127	-24.990751
28.982107	-24.992732
28.992087	-24.994715
29.002067	-24.9967
29.012047	-24.998686
29.022027	-25.000674
29.032007	-25.002663
29.041987	-25.004654
29.051967	-25.006647
29.061947	-25.008642
29.071927	-25.010638
29.081907	-25.012636
29.091887	-25.014635
29.101867	-25.016636
29.111847	-25.018639
29.121827	-25.020644
29.131807	-25.02265
29.141787	-25.024658
29.151767	-25.026668
29.161747	-25.028679
29.171727	-25.030692
29.181707	-25.032706
29.191687	-25.034723
29.201667	-25.036741
29.211647	-25.03876
29.221627	-25.040782
29.231607	-25.042805
29.241587	-25.044829
29.251567	-25.046856
29.261547	-25.048884
29.271527	-25.050913
29.281507	-25.052945
29.291487	-25.054978
29.301467	-25.057013
29.311447	-25.059049
29.321427	-25.061087
29.331407	-25.063127
29.341387	-25.065168
29.351367	-25.067211
29.361347	-25.069256
29.371327	-25.071303
29.381307	-25.073351
29.391287	-25.075401
29.401267	-25.077452
29.411247	-25.079506
29.421227	-25.081561
29.431207	-25.083617
29.441187	-25.085676
29.451167	-25.087736
29.461147	-25.089797
29.471127	-25.091861
29.481107	-25.093926
29.491087	-25.095992
29.501067	-25.098061
29.511047	-25.100131
29.521027	-25.102203
29.531007	-25.104276
29.540987	-25.106351
29.550967	-25.108428
29.560947	-25.110507
29.570927	-25.112587
29.580907	-25.114669
29.590887	-25.116753
29.600867	-25.118838
29.610847	-25.120925
29.620827	-25.123014
29.630807	-25.125104
29.640787	-25.127196
29.650767	-25.12929
29.660747	-25.131385
29.670727	-25.133482
29.680707	-25.135581
29.690687	-25.137682
29.700667	-25.139784
29.710647	-25.141888
29.720627	-25.143993
29.730607	-25.146101
29.740587	-25.14821
29.750567	-25.150321
29.760547	-25.152433
29.770527	-25.154547
29.780507	-25.156663
29.790487	-25.15878
29.800467	-25.160899
29.810447	-25.16302
29.820427	-25.165143
29.830407	-25.167267
29.840387	-25.169393
29.850367	-25.171521
29.860347	-25.17365
29.870327	-25.175781
29.880307	-25.177914
29.890287	-25.180048
29.900267	-25.182185
29.910247	-25.184322
29.920227	-25.186462
29.930207	-25.188603
29.940187	-25.190746
29.950167	-25.192891
29.960147	-25.195037
29.970127	-25.197185
29.980107	-25.199335
29.990087	-25.201486
30.000067	-25.20364
30.010047	-25.205794
30.020027	-25.207951
30.030007	-25.210109
30.039987	-25.212269
30.049967	-25.214431
30.059947	-25.216594
30.069927	-25.218759
30.079907	-25.220926
30.089887	-25.223095
30.099867	-25.225265
30.109847	-25.227437
30.119827	-25.22961
30.129807	-25.231786
30.139787	-25.233963
30.149767	-25.236141
30.159747	-25.238322
30.169727	-25.240504
30.179707	-25.242688
30.189687	-25.244873
30.199667	-25.24706
30.209647	-25.249249
30.219627	-25.25144
30.229607	-25.253632
30.239587	-25.255826
30.249567	-25.258022
30.259547	-25.26022
30.269527	-25.262419
30.279507	-25.26462
30.289487	-25.266822
30.299467	-25.269027
30.309447	-25.271233
30.319427	-25.273441
30.329407	-25.27565
30.339387	-25.277861
30.349367	-25.280074
30.359347	-25.282289
30.369327	-25.284505
30.379307	-25.286723
30.389287	-25.288943
30.399267	-25.291164
30.409246	-25.293387
30.419226	-25.295612
30.429206	-25.297838
30.439186	-25.300067
30.449166	-25.302297
30.459146	-25.304528
30.469126	-25.306762
30.479106	-25.308997
30.489086	-25.311234
30.499066	-25.313472
30.509046	-25.315712
30.519026	-25.317954
30.529006	-25.320198
30.538986	-25.322443
30.548966	-25.32469
30.558946	-25.326939
30.568926	-25.32919
30.578906	-25.331442
30.588886	-25.333696
30.598866	-25.335952
30.608846	-25.338209
30.618826	-25.340468
30.628806	-25.342729
30.638786	-25.344991
30.648766	-25.347256
30.658746	-25.349522
30.668726	-25.351789
30.678706	-25.354059
30.688686	-25.35633
30.698666	-25.358602
30.708646	-25.360877
30.718626	-25.363153
30.728606	-25.365431
30.738586	-25.367711
30.748566	-25.369992
30.758546	-25.372275
30.768526	-25.37456
30.778506	-25.376847
30.788486	-25.379135
30.798466	-25.381425
30.808446	-25.383717
30.818426	-25.38601
30.828406	-25.388305
30.838386	-25.390602
30.848366	-25.3929
30.858346	-25.395201
30.868326	-25.397503
30.878306	-25.399806
30.888286	-25.402112
30.898266	-25.404419
30.908246	-25.406728
30.918226	-25.409038
30.928206	-25.411351
30.938186	-25.413665
30.948166	-25.41598
30.958146	-25.418298
30.968126	-25.420617
30.978106	-25.422938
30.988086	-25.425261
30.998066	-25.427585
31.008046	-25.429911
31.018026	-25.432239
31.028006	-25.434568
31.037986	-25.436899
31.047966	-25.439232
31.057946	-25.441567
31.067926	-25.443903
31.077906	-25.446241
31.087886	-25.448581
31.097866	-25.450923
31.107846	-25.453266
31.117826	-25.455611
31.127806	-25.457958
31.137786	-25.460306
31.147766	-25.462656
31.157746	-25.465008
31.167726	-25.467361
31.177706	-25.469717
31.187686	-25.472074
31.197666	-25.474432
31.207646	-25.476793
31.217626	-25.479155
31.227606	-25.481519
31.237586	-25.483885
31.247566	-25.486252
31.257546	-25.488621
31.267526	-25.490992
31.277506	-25.493364
31.287486	-25.495738
31.297466	-25.498114
31.307446	-25.500492
31.317426	-25.502871
31.327406	-25.505252
31.337386	-25.507635
31.347366	-25.51002
31.357346	-25.512406
31.367326	-25.514794
31.377306	-25.517184
31.387286	-25.519575
31.397266	-25.521968
31.407246	-25.524363
31.417226	-25.52676
31.427206	-25.529158
31.437186	-25.531558
31.447166	-25.53396
31.457146	-25.536363
31.467126	-25.538768
31.477106	-25.541175
31.487086	-25.543584
31.497066	-25.545994
31.507046	-25.548406
31.517026	-25.55082
31.527006	-25.553236
31.536986	-25.555653
31.546966	-25.558072
31.556946	-25.560493
31.566926	-25.562915
31.576906	-25.565339
31.586886	-25.567765
31.596866	-25.570193
31.606846	-25.572622
31.616826	-25.575053
31.626806	-25.577486
31.636786	-25.57992
31.646766	-25.582356
31.656746	-25.584794
31.666726	-25.587234
31.676706	-25.589675
31.686686	-25.592118
31.696666	-25.594563
31.706646	-25.597009
31.716626	-25.599458
31.726606	-25.601908
31.736586	-25.604359
31.746566	-25.606813
31.756546	-25.609268
31.766526	-25.611725
31.776506	-25.614183
31.786486	-25.616644
31.796466	-25.619106
31.806446	-25.621569
31.816426	-25.624035
31.826406	-25.626502
31.836386	-25.628971
31.846366	-25.631441
31.856346	-25.633914
31.866326	-25.636388
31.876306	-25.638863
31.886286	-25.641341
31.896266	-25.64382
31.906246	-25.646301
31.916226	-25.648784
31.926206	-25.651268
31.936186	-25.653754
31.946166	-25.656242
31.956146	-25.658732
31.966126	-25.661223
31.976106	-25.663716
31.986086	-25.666211
31.996066	-25.668707
32.006046	-25.671205
32.016026	-25.673705
32.026006	-25.676206
32.035986	-25.67871
32.045966	-25.681215
32.055946	-25.683722
32.065926	-25.68623
32.075906	-25.68874
32.085886	-25.691252
32.095866	-25.693766
32.105846	-25.696281
32.115826	-25.698798
32.125806	-25.701317
32.135786	-25.703837
32.145766	-25.70636
32.155746	-25.708883
32.165726	-25.711409
32.175706	-25.713936
32.185686	-25.716466
32.195666	-25.718996
32.205646	-25.721529
32.215626	-25.724063
32.225606	-25.726599
32.235586	-25.729137
32.245566	-25.731676
32.255546	-25.734217
32.265526	-25.73676
32.275506	-25.739305
32.285486	-25.741851
32.295466	-25.744399
32.305446	-25.746949
32.315426	-25.7495
32.325406	-25.752053
32.335386	-25.754608
32.345366	-25.757165
32.355346	-25.759723
32.365326	-25.762283
32.375306	-25.764845
32.385286	-25.767408
32.395266	-25.769973
32.405246	-25.77254
32.415226	-25.775109
32.425206	-25.777679
32.435186	-25.780251
32.445166	-25.782825
32.455146	-25.7854
32.465126	-25.787977
32.475106	-25.790556
32.485086	-25.793137
32.495066	-25.795719
32.505046	-25.798303
32.515026	-25.800889
32.525006	-25.803476
32.534986	-25.806065
32.544966	-25.808656
32.554946	-25.811249
32.564926	-25.813843
32.574906	-25.816439
32.584886	-25.819037
32.594866	-25.821636
32.604846	-25.824237
32.614826	-25.82684
32.624806	-25.829445
32.634786	-25.832051
32.644766	-25.834659
32.654745	-25.837269
32.664725	-25.83988
32.674705	-25.842493
32.684685	-25.845108
32.694665	-25.847725
32.704645	-25.850343
32.714625	-25.852963
32.724605	-25.855585
32.734585	-25.858208
32.744565	-25.860833
32.754545	-25.86346
32.764525	-25.866089
32.774505	-25.868719
32.784485	-25.871351
32.794465	-25.873985
32.804445	-25.87662
32.814425	-25.879257
32.824405	-25.881896
32.834385	-25.884536
32.844365	-25.887178
32.854345	-25.889822
32.864325	-25.892468
32.874305	-25.895115
32.884285	-25.897764
32.894265	-25.900415
32.904245	-25.903068
32.914225	-25.905722
32.924205	-25.908378
32.934185	-25.911035
32.944165	-25.913694
32.954145	-25.916355
32.964125	-25.919018
32.974105	-25.921683
32.984085	-25.924349
32.994065	-25.927016
33.004045	-25.929686
33.014025	-25.932357
33.024005	-25.93503
33.033985	-25.937705
33.043965	-25.940381
33.053945	-25.943059
33.063925	-25.945739
33.073905	-25.94842
33.083885	-25.951103
33.093865	-25.953788
33.103845	-25.956475
33.113825	-25.959163
33.123805	-25.961853
33.133785	-25.964545
33.143765	-25.967238
33.153745	-25.969933
33.163725	-25.97263
33.173705	-25.975328
33.183685	-25.978029
33.193665	-25.98073
33.203645	-25.983434
33.213625	-25.986139
33.223605	-25.988846
33.233585	-25.991555
33.243565	-25.994265
33.253545	-25.996977
33.263525	-25.999691
33.273505	-26.002406
33.283485	-26.005124
33.293465	-26.007842
33.303445	-26.010563
33.313425	-26.013285
33.323405	-26.016009
33.333385	-26.018735
33.343365	-26.021462
33.353345	-26.024191
33.363325	-26.026922
33.373305	-26.029654
33.383285	-26.032388
33.393265	-26.035124
33.403245	-26.037862
33.413225	-26.040601
33.423205	-26.043342
33.433185	-26.046084
33.443165	-26.048829
33.453145	-26.051575
33.463125	-26.054322
33.473105	-26.057072
33.483085	-26.059823
33.493065	-26.062576
33.503045	-26.06533
33.513025	-26.068086
33.523005	-26.070844
33.532985	-26.073603
33.542965	-26.076365
33.552945	-26.079127
33.562925	-26.081892
33.572905	-26.084658
33.582885	-26.087426
33.592865	-26.090196
33.602845	-26.092967
33.612825	-26.09574
33.622805	-26.098515
33.632785	-26.101291
33.642765	-26.104069
33.652745	-26.106849
33.662725	-26.109631
33.672705	-26.112414
33.682685	-26.115199
33.692665	-26.117985
33.702645	-26.120773
33.712625	-26.123563
33.722605	-26.126355
33.732585	-26.129148
33.742565	-26.131943
33.752545	-26.134739
33.762525	-26.137538
33.772505	-26.140338
33.782485	-26.143139
33.792465	-26.145943
33.802445	-26.148748
33.812425	-26.151554
33.822405	-26.154363
33.832385	-26.157173
33.842365	-26.159985
33.852345	-26.162798
33.862325	-26.165613
33.872305	-26.16843
33.882285	-26.171248
33.892265	-26.174069
33.902245	-26.17689
33.912225	-26.179714
33.922205	-26.182539
33.932185	-26.185366
33.942165	-26.188194
33.952145	-26.191025
33.962125	-26.193856
33.972105	-26.19669
33.982085	-26.199525
33.992065	-26.202362
34.002045	-26.205201
34.012025	-26.208041
34.022005	-26.210883
34.031985	-26.213726
34.041965	-26.216572
34.051945	-26.219419
34.061925	-26.222267
34.071905	-26.225118
34.081885	-26.227969
34.091865	-26.230823
34.101845	-26.233678
34.111825	-26.236535
34.121805	-26.239394
34.131785	-26.242254
34.141765	-26.245116
34.151745	-26.24798
34.161725	-26.250845
34.171705	-26.253712
34.181685	-26.256581
34.191665	-26.259451
34.201645	-26.262323
34.211625	-26.265197
34.221605	-26.268072
34.231585	-26.270949
34.241565	-26.273828
34.251545	-26.276708
34.261525	-26.27959
34.271505	-26.282473
34.281485	-26.285359
34.291465	-26.288246
34.301445	-26.291134
34.311425	-26.294024
34.321405	-26.296916
34.331385	-26.29981
34.341365	-26.302705
34.351345	-26.305602
34.361325	-26.308501
34.371305	-26.311401
34.381285	-26.314303
34.391265	-26.317206
34.401245	-26.320112
34.411225	-26.323018
34.421205	-26.325927
34.431185	-26.328837
34.441165	-26.331749
34.451145	-26.334662
34.461125	-26.337578
34.471105	-26.340494
34.481085	-26.343413
34.491065	-26.346333
34.501045	-26.349255
34.511025	-26.352178
34.521005	-26.355103
34.530985	-26.35803
34.540965	-26.360958
34.550945	-26.363888
34.560925	-26.36682
34.570905	-26.369753
34.580885	-26.372688
34.590865	-26.375625
34.600845	-26.378563
34.610825	-26.381503
34.620805	-26.384444
34.630785	-26.387387
34.640765	-26.390332
34.650745	-26.393279
34.660725	-26.396227
34.670705	-26.399177
34.680685	-26.402128
34.690665	-26.405081
34.700645	-26.408036
34.710625	-26.410992
34.720605	-26.41395
34.730585	-26.41691
34.740565	-26.419871
34.750545	-26.422834
34.760525	-26.425798
34.770505	-26.428765
34.780485	-26.431733
34.790465	-26.434702
34.800445	-26.437673
34.810425	-26.440646
34.820405	-26.44362
34.830385	-26.446596
34.840365	-26.449574
34.850345	-26.452553
34.860325	-26.455534
34.870305	-26.458517
34.880285	-26.461501
34.890265	-26.464487
34.900244	-26.467474
34.910224	-26.470463
34.920204	-26.473454
34.930184	-26.476446
34.940164	-26.47944
34.950144	-26.482436
34.960124	-26.485433
34.970104	-26.488432
34.980084	-26.491433
34.990064	-26.494435
35.000044	-26.497439
35.010024	-26.500444
35.020004	-26.503451
35.029984	-26.50646
35.039964	-26.50947
35.049944	-26.512482
35.059924	-26.515495
35.069904	-26.51851
35.079884	-26.521527
35.089864	-26.524546
35.099844	-26.527566
35.109824	-26.530587
35.119804	-26.533611
35.129784	-26.536635
35.139764	-26.539662
35.149744	-26.54269
35.159724	-26.54572
35.169704	-26.548751
35.179684	-26.551784
35.189664	-26.554819
35.199644	-26.557855
35.209624	-26.560893
35.219604	-26.563932
35.229584	-26.566973
35.239564	-26.570016
35.249544	-26.57306
35.259524	-26.576106
35.269504	-26.579154
35.279484	-26.582203
35.289464	-26.585254
35.299444	-26.588306
35.309424	-26.59136
35.319404	-26.594415
35.329384	-26.597473
35.339364	-26.600531
35.349344	-26.603592
35.359324	-26.606654
35.369304	-26.609718
35.379284	-26.612783
35.389264	-26.61585
35.399244	-26.618918
35.409224	-26.621988
35.419204	-26.62506
35.429184	-26.628133
35.439164	-26.631208
35.449144	-26.634284
35.459124	-26.637362
35.469104	-26.640442
35.479084	-26.643523
35.489064	-26.646606
35.499044	-26.649691
35.509024	-26.652777
35.519004	-26.655864
35.528984	-26.658954
35.538964	-26.662045
35.548944	-26.665137
35.558924	-26.668231
35.568904	-26.671327
35.578884	-26.674424
35.588864	-26.677523
35.598844	-26.680623
35.608824	-26.683725
35.618804	-26.686829
35.628784	-26.689934
35.638764	-26.693041
35.648744	-26.696149
35.658724	-26.699259
35.668704	-26.702371
35.678684	-26.705484
35.688664	-26.708599
35.698644	-26.711715
35.708624	-26.714833
35.718604	-26.717953
35.728584	-26.721074
35.738564	-26.724196
35.748544	-26.727321
35.758524	-26.730447
35.768504	-26.733574
35.778484	-26.736703
35.788464	-26.739834
35.798444	-26.742966
35.808424	-26.7461
35.818404	-26.749235
35.828384	-26.752372
35.838364	-26.75551
35.848344	-26.75865
35.858324	-26.761792
35.868304	-26.764935
35.878284	-26.76808
35.888264	-26.771227
35.898244	-26.774375
35.908224	-26.777524
35.918204	-26.780675
35.928184	-26.783828
35.938164	-26.786982
35.948144	-26.790138
35.958124	-26.793295
35.968104	-26.796454
35.978084	-26.799615
35.988064	-26.802777
35.998044	-26.805941
36.008024	-26.809106
36.018004	-26.812273
36.027984	-26.815441
36.037964	-26.818611
36.047944	-26.821783
36.057924	-26.824956
36.067904	-26.82813
36.077884	-26.831307
36.087864	-26.834484
36.097844	-26.837664
36.107824	-26.840845
36.117804	-26.844027
36.127784	-26.847211
36.137764	-26.850397
36.147744	-26.853584
36.157724	-26.856773
36.167704	-26.859963
36.177684	-26.863155
36.187664	-26.866348
36.197644	-26.869543
36.207624	-26.872739
36.217604	-26.875937
36.227584	-26.879137
36.237564	-26.882338
36.247544	-26.885541
36.257524	-26.888745
36.267504	-26.891951
36.277484	-26.895158
36.287464	-26.898367
36.297444	-26.901578
36.307424	-26.90479
36.317404	-26.908003
36.327384	-26.911218
36.337364	-26.914435
36.347344	-26.917653
36.357324	-26.920873
36.367304	-26.924094
36.377284	-26.927317
36.387264	-26.930541
36.397244	-26.933767
36.407224	-26.936995
36.417204	-26.940223
36.427184	-26.943454
36.437164	-26.946686
36.447144	-26.94992
36.457124	-26.953155
36.467104	-26.956391
36.477084	-26.95963
36.487064	-26.962869
36.497044	-26.966111
36.507024	-26.969353
36.517004	-26.972598
36.526984	-26.975844
36.536964	-26.979091
36.546944	-26.98234
36.556924	-26.98559
36.566904	-26.988842
36.576884	-26.992096
36.586864	-26.995351
36.596844	-26.998608
36.606824	-27.001866
36.616804	-27.005125
36.626784	-27.008387
36.636764	-27.011649
36.646744	-27.014913
36.656724	-27.018179
36.666704	-27.021446
36.676684	-27.024715
36.686664	-27.027985
36.696644	-27.031257
36.706624	-27.034531
36.716604	-27.037805
36.726584	-27.041082
36.736564	-27.04436
36.746544	-27.047639
36.756524	-27.05092
36.766504	-27.054202
36.776484	-27.057486
36.786464	-27.060772
36.796444	-27.064059
36.806424	-27.067347
36.816404	-27.070637
36.826384	-27.073929
36.836364	-27.077222
36.846344	-27.080516
36.856324	-27.083812
36.866304	-27.08711
36.876284	-27.090409
36.886264	-27.09371
36.896244	-27.097012
36.906224	-27.100315
36.916204	-27.10362
36.926184	-27.106927
36.936164	-27.110235
36.946144	-27.113545
36.956124	-27.116856
36.966104	-27.120168
36.976084	-27.123482
36.986064	-27.126798
36.996044	-27.130115
37.006024	-27.133434
37.016004	-27.136754
37.025984	-27.140075
37.035964	-27.143398
37.045944	-27.146723
37.055924	-27.150049
37.065904	-27.153376
37.075884	-27.156705
37.085864	-27.160036
37.095844	-27.163368
37.105824	-27.166701
37.115804	-27.170036
37.125784	-27.173373
37.135764	-27.176711
37.145743	-27.18005
37.155723	-27.183391
37.165703	-27.186734
37.175683	-27.190078
37.185663	-27.193423
37.195643	-27.19677
37.205623	-27.200118
37.215603	-27.203468
37.225583	-27.206819
37.235563	-27.210172
37.245543	-27.213527
37.255523	-27.216882
37.265503	-27.22024
37.275483	-27.223598
37.285463	-27.226958
37.295443	-27.23032
37.305423	-27.233683
37.315403	-27.237048
37.325383	-27.240414
37.335363	-27.243781
37.345343	-27.24715
37.355323	-27.250521
37.365303	-27.253893
37.375283	-27.257266
37.385263	-27.260641
37.395243	-27.264018
37.405223	-27.267395
37.415203	-27.270775
37.425183	-27.274155
37.435163	-27.277538
37.445143	-27.280921
37.455123	-27.284307
37.465103	-27.287693
37.475083	-27.291081
37.485063	-27.294471
37.495043	-27.297862
37.505023	-27.301254
37.515003	-27.304648
37.524983	-27.308043
37.534963	-27.31144
37.544943	-27.314838
37.554923	-27.318238
37.564903	-27.321639
37.574883	-27.325042
37.584863	-27.328446
37.594843	-27.331852
37.604823	-27.335259
37.614803	-27.338667
37.624783	-27.342077
37.634763	-27.345488
37.644743	-27.348901
37.654723	-27.352315
37.664703	-27.355731
37.674683	-27.359148
37.684663	-27.362566
37.694643	-27.365986
37.704623	-27.369408
37.714603	-27.372831
37.724583	-27.376255
37.734563	-27.379681
37.744543	-27.383108
37.754523	-27.386537
37.764503	-27.389967
37.774483	-27.393398
37.784463	-27.396831
37.794443	-27.400266
37.804423	-27.403701
37.814403	-27.407139
37.824383	-27.410577
37.834363	-27.414017
37.844343	-27.417459
37.854323	-27.420902
37.864303	-27.424346
37.874283	-27.427792
37.884263	-27.431239
37.894243	-27.434688
37.904223	-27.438138
37.914203	-27.441589
37.924183	-27.445042
37.934163	-27.448497
37.944143	-27.451953
37.954123	-27.45541
37.964103	-27.458868
37.974083	-27.462328
37.984063	-27.46579
37.994043	-27.469253
38.004023	-27.472717
38.014003	-27.476183
38.023983	-27.47965
38.033963	-27.483118
38.043943	-27.486588
38.053923	-27.49006
38.063903	-27.493533
38.073883	-27.497007
38.083863	-27.500482
38.093843	-27.503959
38.103823	-27.507438
38.113803	-27.510918
38.123783	-27.514399
38.133763	-27.517881
38.143743	-27.521365
38.153723	-27.524851
38.163703	-27.528338
38.173683	-27.531826
38.183663	-27.535316
38.193643	-27.538807
38.203623	-27.542299
38.213603	-27.545793
38.223583	-27.549288
38.233563	-27.552785
38.243543	-27.556283
38.253523	-27.559782
38.263503	-27.563283
38.273483	-27.566785
38.283463	-27.570289
38.293443	-27.573794
38.303423	-27.5773
38.313403	-27.580808
38.323383	-27.584317
38.333363	-27.587828
38.343343	-27.59134
38.353323	-27.594853
38.363303	-27.598368
38.373283	-27.601884
38.383263	-27.605401
38.393243	-27.60892
38.403223	-27.612441
38.413203	-27.615962
38.423183	-27.619485
38.433163	-27.62301
38.443143	-27.626535
38.453123	-27.630063
38.463103	-27.633591
38.473083	-27.637121
38.483063	-27.640652
38.493043	-27.644185
38.503023	-27.647719
38.513003	-27.651254
38.522983	-27.654791
38.532963	-27.658329
38.542943	-27.661869
38.552923	-27.66541
38.562903	-27.668952
38.572883	-27.672495
38.582863	-27.67604
38.592843	-27.679587
38.602823	-27.683135
38.612803	-27.686684
38.622783	-27.690234
38.632763	-27.693786
38.642743	-27.697339
38.652723	-27.700893
38.662703	-27.704449
38.672683	-27.708007
38.682663	-27.711565
38.692643	-27.715125
38.702623	-27.718686
38.712603	-27.722249
38.722583	-27.725813
38.732563	-27.729379
38.742543	-27.732945
38.752523	-27.736513
38.762503	-27.740083
38.772483	-27.743653
38.782463	-27.747226
38.792443	-27.750799
38.802423	-27.754374
38.812403	-27.75795
38.822383	-27.761528
38.832363	-27.765106
38.842343	-27.768687
38.852323	-27.772268
38.862303	-27.775851
38.872283	-27.779435
38.882263	-27.783021
38.892243	-27.786608
38.902223	-27.790196
38.912203	-27.793785
38.922183	-27.797376
38.932163	-27.800969
38.942143	-27.804562
38.952123	-27.808157
38.962103	-27.811753
38.972083	-27.815351
38.982063	-27.81895
38.992043	-27.82255
39.002023	-27.826152
39.012003	-27.829754
39.021983	-27.833359
39.031963	-27.836964
39.041943	-27.840571
39.051923	-27.844179
39.061903	-27.847789
39.071883	-27.8514
39.081863	-27.855012
39.091843	-27.858625
39.101823	-27.86224
39.111803	-27.865856
39.121783	-27.869474
39.131763	-27.873092
39.141743	-27.876712
39.151723	-27.880334
39.161703	-27.883956
39.171683	-27.88758
39.181663	-27.891206
39.191643	-27.894832
39.201623	-27.89846
39.211603	-27.90209
39.221583	-27.90572
39.231563	-27.909352
39.241543	-27.912985
39.251523	-27.91662
39.261503	-27.920255
39.271483	-27.923893
39.281463	-27.927531
39.291443	-27.931171
39.301423	-27.934812
39.311403	-27.938454
39.321383	-27.942097
39.331363	-27.945742
39.341343	-27.949389
39.351323	-27.953036
39.361303	-27.956685
39.371283	-27.960335
39.381263	-27.963986
39.391242	-27.967639
39.401222	-27.971293
39.411202	-27.974948
39.421182	-27.978605
39.431162	-27.982262
39.441142	-27.985922
39.451122	-27.989582
39.461102	-27.993244
39.471082	-27.996907
39.481062	-28.000571
39.491042	-28.004236
39.501022	-28.007903
39.511002	-28.011571
39.520982	-28.015241
39.530962	-28.018911
39.540942	-28.022583
39.550922	-28.026256
39.560902	-28.029931
39.570882	-28.033607
39.580862	-28.037284
39.590842	-28.040962
39.600822	-28.044642
39.610802	-28.048322
39.620782	-28.052005
39.630762	-28.055688
39.640742	-28.059373
39.650722	-28.063059
39.660702	-28.066746
39.670682	-28.070434
39.680662	-28.074124
39.690642	-28.077815
39.700622	-28.081507
39.710602	-28.085201
39.720582	-28.088896
39.730562	-28.092592
39.740542	-28.096289
39.750522	-28.099988
39.760502	-28.103687
39.770482	-28.107388
39.780462	-28.111091
39.790442	-28.114794
39.800422	-28.118499
39.810402	-28.122205
39.820382	-28.125913
39.830362	-28.129621
39.840342	-28.133331
39.850322	-28.137042
39.860302	-28.140755
39.870282	-28.144468
39.880262	-28.148183
39.890242	-28.151899
39.900222	-28.155617
39.910202	-28.159335
39.920182	-28.163055
39.930162	-28.166776
39.940142	-28.170498
39.950122	-28.174222
39.960102	-28.177947
39.970082	-28.181673
39.980062	-28.1854
39.990042	-28.189129
40.000022	-28.192858
40.010002	-28.196589
40.019982	-28.200321
40.029962	-28.204055
40.039942	-28.20779
40.049922	-28.211525
40.059902	-28.215263
40.069882	-28.219001
40.079862	-28.222741
40.089842	-28.226481
40.099822	-28.230223
40.109802	-28.233967
40.119782	-28.237711
40.129762	-28.241457
40.139742	-28.245204
40.149722	-28.248952
40.159702	-28.252701
40.169682	-28.256452
40.179662	-28.260204
40.189642	-28.263957
40.199622	-28.267711
40.209602	-28.271466
40.219582	-28.275223
40.229562	-28.278981
40.239542	-28.28274
40.249522	-28.2865
40.259502	-28.290262
40.269482	-28.294025
40.279462	-28.297789
40.289442	-28.301554
40.299422	-28.30532
40.309402	-28.309088
40.319382	-28.312856
40.329362	-28.316626
40.339342	-28.320398
40.349322	-28.32417
40.359302	-28.327944
40.369282	-28.331718
40.379262	-28.335494
40.389242	-28.339271
40.399222	-28.34305
40.409202	-28.346829
40.419182	-28.35061
40.429162	-28.354392
40.439142	-28.358175
40.449122	-28.36196
40.459102	-28.365745
40.469082	-28.369532
40.479062	-28.37332
40.489042	-28.377109
40.499022	-28.380899
40.509002	-28.384691
40.518982	-28.388483
40.528962	-28.392277
40.538942	-28.396072
40.548922	-28.399868
40.558902	-28.403666
40.568882	-28.407464
40.578862	-28.411264
40.588842	-28.415065
40.598822	-28.418867
40.608802	-28.42267
40.618782	-28.426475
40.628762	-28.43028
40.638742	-28.434087
40.648722	-28.437895
40.658702	-28.441704
40.668682	-28.445515
40.678662	-28.449326
40.688642	-28.453139
40.698622	-28.456953
40.708602	-28.460768
40.718582	-28.464584
40.728562	-28.468401
40.738542	-28.47222
40.748522	-28.476039
40.758502	-28.47986
40.768482	-28.483682
40.778462	-28.487505
40.788442	-28.49133
40.798422	-28.495155
40.808402	-28.498982
40.818382	-28.502809
40.828362	-28.506638
40.838342	-28.510468
40.848322	-28.5143
40.858302	-28.518132
40.868282	-28.521966
40.878262	-28.5258
40.888242	-28.529636
40.898222	-28.533473
40.908202	-28.537311
40.918182	-28.541151
40.928162	-28.544991
40.938142	-28.548832
40.948122	-28.552675
40.958102	-28.556519
40.968082	-28.560364
40.978062	-28.56421
40.988042	-28.568057
40.998022	-28.571906
41.008002	-28.575755
41.017982	-28.579606
41.027962	-28.583458
41.037942	-28.587311
41.047922	-28.591165
41.057902	-28.59502
41.067882	-28.598877
41.077862	-28.602734
41.087842	-28.606593
41.097822	-28.610453
41.107802	-28.614313
41.117782	-28.618175
41.127762	-28.622039
41.137742	-28.625903
41.147722	-28.629768
41.157702	-28.633635
41.167682	-28.637502
41.177662	-28.641371
41.187642	-28.645241
41.197622	-28.649112
41.207602	-28.652984
41.217582	-28.656857
41.227562	-28.660732
41.237542	-28.664607
41.247522	-28.668484
41.257502	-28.672361
41.267482	-28.67624
41.277462	-28.68012
41.287442	-28.684001
41.297422	-28.687883
41.307402	-28.691766
41.317382	-28.695651
41.327362	-28.699536
41.337342	-28.703423
41.347322	-28.707311
41.357302	-28.711199
41.367282	-28.715089
41.377262	-28.71898
41.387242	-28.722872
41.397222	-28.726765
41.407202	-28.73066
41.417182	-28.734555
41.427162	-28.738451
41.437142	-28.742349
41.447122	-28.746248
41.457102	-28.750147
41.467082	-28.754048
41.477062	-28.75795
41.487042	-28.761853
41.497022	-28.765757
41.507002	-28.769663
41.516982	-28.773569
41.526962	-28.777476
41.536942	-28.781385
41.546922	-28.785294
41.556902	-28.789205
41.566882	-28.793117
41.576862	-28.797029
41.586842	-28.800943
41.596822	-28.804858
41.606802	-28.808774
41.616782	-28.812692
41.626762	-28.81661
41.636741	-28.820529
41.646721	-28.824449
41.656701	-28.828371
41.666681	-28.832293
41.676661	-28.836217
41.686641	-28.840142
41.696621	-28.844067
41.706601	-28.847994
41.716581	-28.851922
41.726561	-28.855851
41.736541	-28.859781
41.746521	-28.863712
41.756501	-28.867644
41.766481	-28.871577
41.776461	-28.875511
41.786441	-28.879447
41.796421	-28.883383
41.806401	-28.88732
41.816381	-28.891259
41.826361	-28.895199
41.836341	-28.899139
41.846321	-28.903081
41.856301	-28.907023
41.866281	-28.910967
41.876261	-28.914912
41.886241	-28.918858
41.896221	-28.922805
41.906201	-28.926753
41.916181	-28.930702
41.926161	-28.934652
41.936141	-28.938603
41.946121	-28.942555
41.956101	-28.946508
41.966081	-28.950463
41.976061	-28.954418
41.986041	-28.958374
41.996021	-28.962332
42.006001	-28.96629
42.015981	-28.97025
42.025961	-28.97421
42.035941	-28.978172
42.045921	-28.982134
42.055901	-28.986098
42.065881	-28.990062
42.075861	-28.994028
42.085841	-28.997995
42.095821	-29.001963
42.105801	-29.005931
42.115781	-29.009901
42.125761	-29.013872
42.135741	-29.017844
42.145721	-29.021817
42.155701	-29.025791
42.165681	-29.029765
42.175661	-29.033741
42.185641	-29.037718
42.195621	-29.041696
42.205601	-29.045675
42.215581	-29.049655
42.225561	-29.053636
42.235541	-29.057619
42.245521	-29.061602
42.255501	-29.065586
42.265481	-29.069571
42.275461	-29.073557
42.285441	-29.077544
42.295421	-29.081532
42.305401	-29.085522
42.315381	-29.089512
42.325361	-29.093503
42.335341	-29.097495
42.345321	-29.101488
42.355301	-29.105482
42.365281	-29.109478
42.375261	-29.113474
42.385241	-29.117471
42.395221	-29.121469
42.405201	-29.125469
42.415181	-29.129469
42.425161	-29.13347
42.435141	-29.137472
42.445121	-29.141476
42.455101	-29.14548
42.465081	-29.149485
42.475061	-29.153491
42.485041	-29.157498
42.495021	-29.161507
42.505001	-29.165516
42.514981	-29.169526
42.524961	-29.173537
42.534941	-29.177549
42.544921	-29.181562
42.554901	-29.185576
42.564881	-29.189592
42.574861	-29.193608
42.584841	-29.197625
42.594821	-29.201643
42.604801	-29.205662
42.614781	-29.209682
42.624761	-29.213703
42.634741	-29.217725
42.644721	-29.221748
42.654701	-29.225772
42.664681	-29.229797
42.674661	-29.233823
42.684641	-29.23785
42.694621	-29.241877
42.704601	-29.245906
42.714581	-29.249936
42.724561	-29.253967
42.734541	-29.257998
42.744521	-29.262031
42.754501	-29.266065
42.764481	-29.270099
42.774461	-29.274135
42.784441	-29.278172
42.794421	-29.282209
42.804401	-29.286248
42.814381	-29.290287
42.824361	-29.294327
42.834341	-29.298369
42.844321	-29.302411
42.854301	-29.306454
42.864281	-29.310499
42.874261	-29.314544
42.884241	-29.31859
42.894221	-29.322637
42.904201	-29.326685
42.914181	-29.330734
42.924161	-29.334784
42.934141	-29.338835
42.944121	-29.342887
42.954101	-29.346939
42.964081	-29.350993
42.974061	-29.355048
42.984041	-29.359104
42.994021	-29.36316
43.004001	-29.367218
43.013981	-29.371276
43.023961	-29.375336
43.033941	-29.379396
43.043921	-29.383457
43.053901	-29.387519
43.063881	-29.391583
43.073861	-29.395647
43.083841	-29.399712
43.093821	-29.403778
43.103801	-29.407845
43.113781	-29.411912
43.123761	-29.415981
43.133741	-29.420051
43.143721	-29.424121
43.153701	-29.428193
43.163681	-29.432265
43.173661	-29.436339
43.183641	-29.440413
43.193621	-29.444488
43.203601	-29.448565
43.213581	-29.452642
43.223561	-29.45672
43.233541	-29.460799
43.243521	-29.464879
43.253501	-29.468959
43.263481	-29.473041
43.273461	-29.477124
43.283441	-29.481207
43.293421	-29.485292
43.303401	-29.489377
43.313381	-29.493463
43.323361	-29.49755
43.333341	-29.501639
43.343321	-29.505728
43.353301	-29.509817
43.363281	-29.513908
43.373261	-29.518
43.383241	-29.522093
43.393221	-29.526186
43.403201	-29.530281
43.413181	-29.534376
43.423161	-29.538472
43.433141	-29.542569
43.443121	-29.546668
43.453101	-29.550766
43.463081	-29.554866
43.473061	-29.558967
43.483041	-29.563069
43.493021	-29.567171
43.503001	-29.571275
43.512981	-29.575379
43.522961	-29.579484
43.532941	-29.58359
43.542921	-29.587697
43.552901	-29.591805
43.562881	-29.595914
43.572861	-29.600024
43.582841	-29.604134
43.592821	-29.608246
43.602801	-29.612358
43.612781	-29.616471
43.622761	-29.620586
43.632741	-29.6247
43.642721	-29.628816
43.652701	-29.632933
43.662681	-29.637051
43.672661	-29.641169
43.682641	-29.645289
43.692621	-29.649409
43.702601	-29.65353
43.712581	-29.657652
43.722561	-29.661775
43.732541	-29.665899
43.742521	-29.670023
43.752501	-29.674149
43.762481	-29.678275
43.772461	-29.682403
43.782441	-29.686531
43.792421	-29.69066
43.802401	-29.694789
43.812381	-29.69892
43.822361	-29.703052
43.832341	-29.707184
43.842321	-29.711318
43.852301	-29.715452
43.862281	-29.719587
43.872261	-29.723723
43.88224	-29.727859
43.89222	-29.731997
43.9022	-29.736135
43.91218	-29.740275
43.92216	-29.744415
43.93214	-29.748556
43.94212	-29.752698
43.9521	-29.756841
43.96208	-29.760984
43.97206	-29.765129
43.98204	-29.769274
43.99202	-29.77342
44.002	-29.777567
44.01198	-29.781715
44.02196	-29.785863
44.03194	-29.790013
44.04192	-29.794163
44.0519	-29.798315
44.06188	-29.802467
44.07186	-29.806619
44.08184	-29.810773
44.09182	-29.814928
44.1018	-29.819083
44.11178	-29.823239
44.12176	-29.827397
44.13174	-29.831554
44.14172	-29.835713
44.1517	-29.839873
44.16168	-29.844033
44.17166	-29.848194
44.18164	-29.852356
44.19162	-29.856519
44.2016	-29.860683
44.21158	-29.864848
44.22156	-29.869013
44.23154	-29.873179
44.24152	-29.877346
44.2515	-29.881514
44.26148	-29.885683
44.27146	-29.889852
44.28144	-29.894023
44.29142	-29.898194
44.3014	-29.902366
44.31138	-29.906539
44.32136	-29.910712
44.33134	-29.914887
44.34132	-29.919062
44.3513	-29.923238
44.36128	-29.927415
44.37126	-29.931593
44.38124	-29.935771
44.39122	-29.93995
44.4012	-29.94413
44.41118	-29.948311
44.42116	-29.952493
44.43114	-29.956676
44.44112	-29.960859
44.4511	-29.965043
44.46108	-29.969228
44.47106	-29.973414
44.48104	-29.9776
44.49102	-29.981788
44.501	-29.985976
44.51098	-29.990165
44.52096	-29.994355
44.53094	-29.998545
44.54092	-30.002737
44.5509	-30.006929
44.56088	-30.011122
44.57086	-30.015315
44.58084	-30.01951
44.59082	-30.023705
44.6008	-30.027901
44.61078	-30.032098
44.62076	-30.036296
44.63074	-30.040495
44.64072	-30.044694
44.6507	-30.048894
44.66068	-30.053095
44.67066	-30.057296
44.68064	-30.061499
44.69062	-30.065702
44.7006	-30.069906
44.71058	-30.074111
44.72056	-30.078316
44.73054	-30.082523
44.74052	-30.08673
44.7505	-30.090938
44.76048	-30.095146
44.77046	-30.099356
44.78044	-30.103566
44.79042	-30.107777
44.8004	-30.111989
44.81038	-30.116201
44.82036	-30.120415
44.83034	-30.124629
44.84032	-30.128844
44.8503	-30.133059
44.86028	-30.137276
44.87026	-30.141493
44.88024	-30.145711
44.89022	-30.149929
44.9002	-30.154149
44.91018	-30.158369
44.92016	-30.16259
44.93014	-30.166812
44.94012	-30.171034
44.9501	-30.175258
44.96008	-30.179482
44.97006	-30.183706
44.98004	-30.187932
44.99002	-30.192158
45	-30.196385
