Freq_GHz	Model_dBm
0.1	-21.28546
0.10998	-21.285466
0.11995999	-21.285473
0.12993999	-21.285481
0.13991998	-21.285489
0.14989998	-21.285498
0.15987997	-21.285508
0.16985997	-21.285518
0.17983996	-21.285529
0.18981996	-21.28554
0.19979996	-21.285552
0.20977995	-21.285565
0.21975995	-21.285578
0.22973994	-21.285592
0.23971994	-21.285607
0.24969993	-21.285622
0.25967993	-21.285638
0.26965992	-21.285654
0.27963992	-21.285671
0.28961992	-21.285689
0.29959991	-21.285707
0.30957991	-21.285726
0.3195599	-21.285745
0.3295399	-21.285765
0.33951989	-21.285786
0.34949989	-21.285807
0.35947988	-21.285829
0.36945988	-21.285852
0.37943988	-21.285875
0.38941987	-21.285899
0.39939987	-21.285923
0.40937986	-21.285948
0.41935986	-21.285974
0.42933985	-21.286
0.43931985	-21.286027
0.44929984	-21.286054
0.45927984	-21.286082
0.46925984	-21.286111
0.47923983	-21.286141
0.48921983	-21.286171
0.49919982	-21.286201
0.50917982	-21.286232
0.51915981	-21.286264
0.52913981	-21.286297
0.5391198	-21.28633
0.5490998	-21.286363
0.5590798	-21.286398
0.56905979	-21.286432
0.57903979	-21.286468
0.58901978	-21.286504
0.59899978	-21.286541
0.60897977	-21.286578
0.61895977	-21.286616
0.62893976	-21.286655
0.63891976	-21.286694
0.64889976	-21.286734
0.65887975	-21.286774
0.66885975	-21.286816
0.67883974	-21.286857
0.68881974	-21.2869
0.69879973	-21.286942
0.70877973	-21.286986
0.71875972	-21.28703
0.72873972	-21.287075
0.73871972	-21.28712
0.74869971	-21.287166
0.75867971	-21.287213
0.7686597	-21.28726
0.7786397	-21.287308
0.78861969	-21.287357
0.79859969	-21.287406
0.80857968	-21.287456
0.81855968	-21.287506
0.82853968	-21.287557
0.83851967	-21.287609
0.84849967	-21.287661
0.85847966	-21.287714
0.86845966	-21.287767
0.87843965	-21.287821
0.88841965	-21.287876
0.89839964	-21.287931
0.90837964	-21.287987
0.91835964	-21.288044
0.92833963	-21.288101
0.93831963	-21.288159
0.94829962	-21.288217
0.95827962	-21.288276
0.96825961	-21.288336
0.97823961	-21.288396
0.9882196	-21.288457
0.9981996	-21.288518
1.0081796	-21.28858
1.0181596	-21.288643
1.0281396	-21.288707
1.0381196	-21.288771
1.0480996	-21.288835
1.0580796	-21.2889
1.0680596	-21.288966
1.0780396	-21.289033
1.0880196	-21.2891
1.0979996	-21.289167
1.1079796	-21.289236
1.1179595	-21.289305
1.1279395	-21.289374
1.1379195	-21.289444
1.1478995	-21.289515
1.1578795	-21.289587
1.1678595	-21.289659
1.1778395	-21.289731
1.1878195	-21.289805
1.1977995	-21.289878
1.2077795	-21.289953
1.2177595	-21.290028
1.2277395	-21.290104
1.2377195	-21.29018
1.2476995	-21.290257
1.2576795	-21.290335
1.2676595	-21.290413
1.2776395	-21.290492
1.2876195	-21.290571
1.2975995	-21.290651
1.3075795	-21.290732
1.3175595	-21.290813
1.3275395	-21.290895
1.3375194	-21.290978
1.3474994	-21.291061
1.3574794	-21.291145
1.3674594	-21.291229
1.3774394	-21.291314
1.3874194	-21.2914
1.3973994	-21.291486
1.4073794	-21.291573
1.4173594	-21.291661
1.4273394	-21.291749
1.4373194	-21.291838
1.4472994	-21.291927
1.4572794	-21.292017
1.4672594	-21.292108
1.4772394	-21.292199
1.4872194	-21.292291
1.4971994	-21.292384
1.5071794	-21.292477
1.5171594	-21.29257
1.5271394	-21.292665
1.5371194	-21.29276
1.5470994	-21.292855
1.5570794	-21.292952
1.5670593	-21.293048
1.5770393	-21.293146
1.5870193	-21.293244
1.5969993	-21.293343
1.6069793	-21.293442
1.6169593	-21.293542
1.6269393	-21.293643
1.6369193	-21.293744
1.6468993	-21.293846
1.6568793	-21.293948
1.6668593	-21.294051
1.6768393	-21.294155
1.6868193	-21.294259
1.6967993	-21.294364
1.7067793	-21.29447
1.7167593	-21.294576
1.7267393	-21.294683
1.7367193	-21.29479
1.7466993	-21.294898
1.7566793	-21.295007
1.7666593	-21.295116
1.7766393	-21.295226
1.7866192	-21.295337
1.7965992	-21.295448
1.8065792	-21.29556
1.8165592	-21.295672
1.8265392	-21.295785
1.8365192	-21.295899
1.8464992	-21.296013
1.8564792	-21.296128
1.8664592	-21.296243
1.8764392	-21.296359
1.8864192	-21.296476
1.8963992	-21.296594
1.9063792	-21.296712
1.9163592	-21.29683
1.9263392	-21.29695
1.9363192	-21.297069
1.9462992	-21.29719
1.9562792	-21.297311
1.9662592	-21.297433
1.9762392	-21.297555
1.9862192	-21.297678
1.9961992	-21.297802
2.0061792	-21.297926
2.0161591	-21.298051
2.0261391	-21.298177
2.0361191	-21.298303
2.0460991	-21.298429
2.0560791	-21.298557
2.0660591	-21.298685
2.0760391	-21.298813
2.0860191	-21.298943
2.0959991	-21.299073
2.1059791	-21.299203
2.1159591	-21.299334
2.1259391	-21.299466
2.1359191	-21.299598
2.1458991	-21.299731
2.1558791	-21.299865
2.1658591	-21.299999
2.1758391	-21.300134
2.1858191	-21.30027
2.1957991	-21.300406
2.2057791	-21.300542
2.2157591	-21.30068
2.2257391	-21.300818
2.235719	-21.300956
2.245699	-21.301096
2.255679	-21.301236
2.265659	-21.301376
2.275639	-21.301517
2.285619	-21.301659
2.295599	-21.301801
2.305579	-21.301944
2.315559	-21.302088
2.325539	-21.302232
2.335519	-21.302377
2.345499	-21.302523
2.355479	-21.302669
2.365459	-21.302816
2.375439	-21.302963
2.385419	-21.303111
2.395399	-21.30326
2.405379	-21.303409
2.415359	-21.303559
2.425339	-21.303709
2.435319	-21.303861
2.445299	-21.304012
2.455279	-21.304165
2.4652589	-21.304318
2.4752389	-21.304471
2.4852189	-21.304626
2.4951989	-21.304781
2.5051789	-21.304936
2.5151589	-21.305092
2.5251389	-21.305249
2.5351189	-21.305407
2.5450989	-21.305565
2.5550789	-21.305723
2.5650589	-21.305883
2.5750389	-21.306043
2.5850189	-21.306203
2.5949989	-21.306365
2.6049789	-21.306526
2.6149589	-21.306689
2.6249389	-21.306852
2.6349189	-21.307016
2.6448989	-21.30718
2.6548789	-21.307345
2.6648589	-21.307511
2.6748389	-21.307677
2.6848188	-21.307844
2.6947988	-21.308011
2.7047788	-21.308179
2.7147588	-21.308348
2.7247388	-21.308517
2.7347188	-21.308688
2.7446988	-21.308858
2.7546788	-21.309029
2.7646588	-21.309201
2.7746388	-21.309374
2.7846188	-21.309547
2.7945988	-21.309721
2.8045788	-21.309895
2.8145588	-21.31007
2.8245388	-21.310246
2.8345188	-21.310422
2.8444988	-21.310599
2.8544788	-21.310777
2.8644588	-21.310955
2.8744388	-21.311134
2.8844188	-21.311313
2.8943988	-21.311494
2.9043788	-21.311674
2.9143587	-21.311856
2.9243387	-21.312038
2.9343187	-21.31222
2.9442987	-21.312404
2.9542787	-21.312588
2.9642587	-21.312772
2.9742387	-21.312957
2.9842187	-21.313143
2.9941987	-21.313329
3.0041787	-21.313517
3.0141587	-21.313704
3.0241387	-21.313893
3.0341187	-21.314081
3.0440987	-21.314271
3.0540787	-21.314461
3.0640587	-21.314652
3.0740387	-21.314844
3.0840187	-21.315036
3.0939987	-21.315229
3.1039787	-21.315422
3.1139587	-21.315616
3.1239387	-21.315811
3.1339186	-21.316006
3.1438986	-21.316202
3.1538786	-21.316398
3.1638586	-21.316596
3.1738386	-21.316793
3.1838186	-21.316992
3.1937986	-21.317191
3.2037786	-21.317391
3.2137586	-21.317591
3.2237386	-21.317792
3.2337186	-21.317994
3.2436986	-21.318196
3.2536786	-21.318399
3.2636586	-21.318602
3.2736386	-21.318807
3.2836186	-21.319011
3.2935986	-21.319217
3.3035786	-21.319423
3.3135586	-21.31963
3.3235386	-21.319837
3.3335186	-21.320045
3.3434986	-21.320254
3.3534786	-21.320463
3.3634585	-21.320673
3.3734385	-21.320883
3.3834185	-21.321095
3.3933985	-21.321306
3.4033785	-21.321519
3.4133585	-21.321732
3.4233385	-21.321946
3.4333185	-21.32216
3.4432985	-21.322375
3.4532785	-21.322591
3.4632585	-21.322807
3.4732385	-21.323024
3.4832185	-21.323241
3.4931985	-21.32346
3.5031785	-21.323678
3.5131585	-21.323898
3.5231385	-21.324118
3.5331185	-21.324339
3.5430985	-21.32456
3.5530785	-21.324782
3.5630585	-21.325005
3.5730385	-21.325228
3.5830184	-21.325452
3.5929984	-21.325677
3.6029784	-21.325902
3.6129584	-21.326128
3.6229384	-21.326354
3.6329184	-21.326581
3.6428984	-21.326809
3.6528784	-21.327037
3.6628584	-21.327266
3.6728384	-21.327496
3.6828184	-21.327726
3.6927984	-21.327957
3.7027784	-21.328189
3.7127584	-21.328421
3.7227384	-21.328654
3.7327184	-21.328888
3.7426984	-21.329122
3.7526784	-21.329357
3.7626584	-21.329592
3.7726384	-21.329828
3.7826184	-21.330065
3.7925984	-21.330302
3.8025784	-21.33054
3.8125583	-21.330779
3.8225383	-21.331018
3.8325183	-21.331258
3.8424983	-21.331499
3.8524783	-21.33174
3.8624583	-21.331982
3.8724383	-21.332224
3.8824183	-21.332468
3.8923983	-21.332711
3.9023783	-21.332956
3.9123583	-21.333201
3.9223383	-21.333447
3.9323183	-21.333693
3.9422983	-21.33394
3.9522783	-21.334188
3.9622583	-21.334436
3.9722383	-21.334685
3.9822183	-21.334934
3.9921983	-21.335185
4.0021783	-21.335436
4.0121583	-21.335687
4.0221383	-21.335939
4.0321182	-21.336192
4.0420982	-21.336446
4.0520782	-21.3367
4.0620582	-21.336954
4.0720382	-21.33721
4.0820182	-21.337466
4.0919982	-21.337722
4.1019782	-21.33798
4.1119582	-21.338238
4.1219382	-21.338496
4.1319182	-21.338756
4.1418982	-21.339016
4.1518782	-21.339276
4.1618582	-21.339537
4.1718382	-21.339799
4.1818182	-21.340062
4.1917982	-21.340325
4.2017782	-21.340589
4.2117582	-21.340853
4.2217382	-21.341118
4.2317182	-21.341384
4.2416982	-21.34165
4.2516782	-21.341917
4.2616581	-21.342185
4.2716381	-21.342453
4.2816181	-21.342722
4.2915981	-21.342992
4.3015781	-21.343262
4.3115581	-21.343533
4.3215381	-21.343805
4.3315181	-21.344077
4.3414981	-21.34435
4.3514781	-21.344623
4.3614581	-21.344897
4.3714381	-21.345172
4.3814181	-21.345448
4.3913981	-21.345724
4.4013781	-21.346
4.4113581	-21.346278
4.4213381	-21.346556
4.4313181	-21.346835
4.4412981	-21.347114
4.4512781	-21.347394
4.4612581	-21.347675
4.4712381	-21.347956
4.481218	-21.348238
4.491198	-21.34852
4.501178	-21.348804
4.511158	-21.349088
4.521138	-21.349372
4.531118	-21.349657
4.541098	-21.349943
4.551078	-21.35023
4.561058	-21.350517
4.571038	-21.350805
4.581018	-21.351093
4.590998	-21.351382
4.600978	-21.351672
4.610958	-21.351963
4.620938	-21.352254
4.630918	-21.352545
4.640898	-21.352838
4.650878	-21.353131
4.660858	-21.353425
4.670838	-21.353719
4.680818	-21.354014
4.690798	-21.35431
4.700778	-21.354606
4.7107579	-21.354903
4.7207379	-21.355201
4.7307179	-21.355499
4.7406979	-21.355798
4.7506779	-21.356097
4.7606579	-21.356398
4.7706379	-21.356698
4.7806179	-21.357
4.7905979	-21.357302
4.8005779	-21.357605
4.8105579	-21.357909
4.8205379	-21.358213
4.8305179	-21.358518
4.8404979	-21.358823
4.8504779	-21.359129
4.8604579	-21.359436
4.8704379	-21.359744
4.8804179	-21.360052
4.8903979	-21.36036
4.9003779	-21.36067
4.9103579	-21.36098
4.9203379	-21.361291
4.9303178	-21.361602
4.9402978	-21.361914
4.9502778	-21.362227
4.9602578	-21.36254
4.9702378	-21.362854
4.9802178	-21.363169
4.9901978	-21.363484
5.0001778	-21.3638
5.0101578	-21.364117
5.0201378	-21.364435
5.0301178	-21.364753
5.0400978	-21.365071
5.0500778	-21.36539
5.0600578	-21.36571
5.0700378	-21.366031
5.0800178	-21.366352
5.0899978	-21.366674
5.0999778	-21.366997
5.1099578	-21.36732
5.1199378	-21.367644
5.1299178	-21.367969
5.1398978	-21.368294
5.1498778	-21.36862
5.1598577	-21.368947
5.1698377	-21.369274
5.1798177	-21.369602
5.1897977	-21.36993
5.1997777	-21.37026
5.2097577	-21.37059
5.2197377	-21.37092
5.2297177	-21.371251
5.2396977	-21.371583
5.2496777	-21.371916
5.2596577	-21.372249
5.2696377	-21.372583
5.2796177	-21.372917
5.2895977	-21.373253
5.2995777	-21.373588
5.3095577	-21.373925
5.3195377	-21.374262
5.3295177	-21.3746
5.3394977	-21.374939
5.3494777	-21.375278
5.3594577	-21.375618
5.3694377	-21.375958
5.3794176	-21.376299
5.3893976	-21.376641
5.3993776	-21.376984
5.4093576	-21.377327
5.4193376	-21.377671
5.4293176	-21.378015
5.4392976	-21.378361
5.4492776	-21.378706
5.4592576	-21.379053
5.4692376	-21.3794
5.4792176	-21.379748
5.4891976	-21.380097
5.4991776	-21.380446
5.5091576	-21.380796
5.5191376	-21.381146
5.5291176	-21.381497
5.5390976	-21.381849
5.5490776	-21.382202
5.5590576	-21.382555
5.5690376	-21.382909
5.5790176	-21.383263
5.5889976	-21.383619
5.5989776	-21.383974
5.6089575	-21.384331
5.6189375	-21.384688
5.6289175	-21.385046
5.6388975	-21.385405
5.6488775	-21.385764
5.6588575	-21.386124
5.6688375	-21.386484
5.6788175	-21.386846
5.6887975	-21.387208
5.6987775	-21.38757
5.7087575	-21.387933
5.7187375	-21.388297
5.7287175	-21.388662
5.7386975	-21.389027
5.7486775	-21.389393
5.7586575	-21.38976
5.7686375	-21.390127
5.7786175	-21.390495
5.7885975	-21.390864
5.7985775	-21.391233
5.8085575	-21.391603
5.8185375	-21.391974
5.8285174	-21.392345
5.8384974	-21.392717
5.8484774	-21.39309
5.8584574	-21.393463
5.8684374	-21.393837
5.8784174	-21.394212
5.8883974	-21.394587
5.8983774	-21.394963
5.9083574	-21.39534
5.9183374	-21.395718
5.9283174	-21.396096
5.9382974	-21.396474
5.9482774	-21.396854
5.9582574	-21.397234
5.9682374	-21.397615
5.9782174	-21.397996
5.9881974	-21.398378
5.9981774	-21.398761
6.0081574	-21.399145
6.0181374	-21.399529
6.0281174	-21.399914
6.0380974	-21.400299
6.0480774	-21.400685
6.0580573	-21.401072
6.0680373	-21.40146
6.0780173	-21.401848
6.0879973	-21.402237
6.0979773	-21.402627
6.1079573	-21.403017
6.1179373	-21.403408
6.1279173	-21.4038
6.1378973	-21.404192
6.1478773	-21.404585
6.1578573	-21.404979
6.1678373	-21.405373
6.1778173	-21.405768
6.1877973	-21.406164
6.1977773	-21.40656
6.2077573	-21.406957
6.2177373	-21.407355
6.2277173	-21.407754
6.2376973	-21.408153
6.2476773	-21.408553
6.2576573	-21.408953
6.2676373	-21.409354
6.2776172	-21.409756
6.2875972	-21.410159
6.2975772	-21.410562
6.3075572	-21.410966
6.3175372	-21.41137
6.3275172	-21.411776
6.3374972	-21.412182
6.3474772	-21.412588
6.3574572	-21.412996
6.3674372	-21.413404
6.3774172	-21.413813
6.3873972	-21.414222
6.3973772	-21.414632
6.4073572	-21.415043
6.4173372	-21.415454
6.4273172	-21.415866
6.4372972	-21.416279
6.4472772	-21.416693
6.4572572	-21.417107
6.4672372	-21.417522
6.4772172	-21.417937
6.4871972	-21.418354
6.4971772	-21.418771
6.5071571	-21.419188
6.5171371	-21.419607
6.5271171	-21.420026
6.5370971	-21.420445
6.5470771	-21.420866
6.5570571	-21.421287
6.5670371	-21.421709
6.5770171	-21.422131
6.5869971	-21.422554
6.5969771	-21.422978
6.6069571	-21.423403
6.6169371	-21.423828
6.6269171	-21.424254
6.6368971	-21.42468
6.6468771	-21.425108
6.6568571	-21.425536
6.6668371	-21.425964
6.6768171	-21.426394
6.6867971	-21.426824
6.6967771	-21.427254
6.7067571	-21.427686
6.7167371	-21.428118
6.726717	-21.428551
6.736697	-21.428984
6.746677	-21.429419
6.756657	-21.429853
6.766637	-21.430289
6.776617	-21.430725
6.786597	-21.431162
6.796577	-21.4316
6.806557	-21.432038
6.816537	-21.432477
6.826517	-21.432917
6.836497	-21.433358
6.846477	-21.433799
6.856457	-21.434241
6.866437	-21.434683
6.876417	-21.435126
6.886397	-21.43557
6.896377	-21.436015
6.906357	-21.43646
6.916337	-21.436906
6.926317	-21.437353
6.936297	-21.437801
6.946277	-21.438249
6.9562569	-21.438698
6.9662369	-21.439147
6.9762169	-21.439597
6.9861969	-21.440048
6.9961769	-21.4405
7.0061569	-21.440952
7.0161369	-21.441405
7.0261169	-21.441859
7.0360969	-21.442313
7.0460769	-21.442768
7.0560569	-21.443224
7.0660369	-21.443681
7.0760169	-21.444138
7.0859969	-21.444596
7.0959769	-21.445054
7.1059569	-21.445514
7.1159369	-21.445974
7.1259169	-21.446434
7.1358969	-21.446896
7.1458769	-21.447358
7.1558569	-21.447821
7.1658369	-21.448284
7.1758168	-21.448749
7.1857968	-21.449213
7.1957768	-21.449679
7.2057568	-21.450145
7.2157368	-21.450612
7.2257168	-21.45108
7.2356968	-21.451549
7.2456768	-21.452018
7.2556568	-21.452488
7.2656368	-21.452958
7.2756168	-21.453429
7.2855968	-21.453901
7.2955768	-21.454374
7.3055568	-21.454848
7.3155368	-21.455322
7.3255168	-21.455796
7.3354968	-21.456272
7.3454768	-21.456748
7.3554568	-21.457225
7.3654368	-21.457703
7.3754168	-21.458181
7.3853968	-21.45866
7.3953768	-21.45914
7.4053567	-21.45962
7.4153367	-21.460101
7.4253167	-21.460583
7.4352967	-21.461066
7.4452767	-21.461549
7.4552567	-21.462033
7.4652367	-21.462518
7.4752167	-21.463003
7.4851967	-21.463489
7.4951767	-21.463976
7.5051567	-21.464464
7.5151367	-21.464952
7.5251167	-21.465441
7.5350967	-21.465931
7.5450767	-21.466421
7.5550567	-21.466912
7.5650367	-21.467404
7.5750167	-21.467897
7.5849967	-21.46839
7.5949767	-21.468884
7.6049567	-21.469378
7.6149367	-21.469874
7.6249166	-21.47037
7.6348966	-21.470867
7.6448766	-21.471364
7.6548566	-21.471863
7.6648366	-21.472362
7.6748166	-21.472861
7.6847966	-21.473362
7.6947766	-21.473863
7.7047566	-21.474365
7.7147366	-21.474867
7.7247166	-21.47537
7.7346966	-21.475874
7.7446766	-21.476379
7.7546566	-21.476884
7.7646366	-21.47739
7.7746166	-21.477897
7.7845966	-21.478405
7.7945766	-21.478913
7.8045566	-21.479422
7.8145366	-21.479932
7.8245166	-21.480442
7.8344966	-21.480953
7.8444766	-21.481465
7.8544565	-21.481978
7.8644365	-21.482491
7.8744165	-21.483005
7.8843965	-21.48352
7.8943765	-21.484035
7.9043565	-21.484552
7.9143365	-21.485068
7.9243165	-21.485586
7.9342965	-21.486104
7.9442765	-21.486623
7.9542565	-21.487143
7.9642365	-21.487664
7.9742165	-21.488185
7.9841965	-21.488707
7.9941765	-21.48923
8.0041565	-21.489753
8.0141365	-21.490277
8.0241165	-21.490802
8.0340965	-21.491328
8.0440765	-21.491854
8.0540565	-21.492381
8.0640365	-21.492909
8.0740164	-21.493437
8.0839964	-21.493966
8.0939764	-21.494496
8.1039564	-21.495027
8.1139364	-21.495558
8.1239164	-21.49609
8.1338964	-21.496623
8.1438764	-21.497157
8.1538564	-21.497691
8.1638364	-21.498226
8.1738164	-21.498762
8.1837964	-21.499298
8.1937764	-21.499836
8.2037564	-21.500373
8.2137364	-21.500912
8.2237164	-21.501451
8.2336964	-21.501992
8.2436764	-21.502532
8.2536564	-21.503074
8.2636364	-21.503616
8.2736164	-21.504159
8.2835964	-21.504703
8.2935764	-21.505248
8.3035563	-21.505793
8.3135363	-21.506339
8.3235163	-21.506885
8.3334963	-21.507433
8.3434763	-21.507981
8.3534563	-21.50853
8.3634363	-21.50908
8.3734163	-21.50963
8.3833963	-21.510181
8.3933763	-21.510733
8.4033563	-21.511285
8.4133363	-21.511839
8.4233163	-21.512393
8.4332963	-21.512947
8.4432763	-21.513503
8.4532563	-21.514059
8.4632363	-21.514616
8.4732163	-21.515174
8.4831963	-21.515732
8.4931763	-21.516291
8.5031563	-21.516851
8.5131363	-21.517412
8.5231162	-21.517973
8.5330962	-21.518535
8.5430762	-21.519098
8.5530562	-21.519662
8.5630362	-21.520226
8.5730162	-21.520791
8.5829962	-21.521357
8.5929762	-21.521924
8.6029562	-21.522491
8.6129362	-21.523059
8.6229162	-21.523628
8.6328962	-21.524197
8.6428762	-21.524767
8.6528562	-21.525338
8.6628362	-21.52591
8.6728162	-21.526483
8.6827962	-21.527056
8.6927762	-21.52763
8.7027562	-21.528204
8.7127362	-21.52878
8.7227162	-21.529356
8.7326962	-21.529933
8.7426762	-21.530511
8.7526561	-21.531089
8.7626361	-21.531668
8.7726161	-21.532248
8.7825961	-21.532829
8.7925761	-21.53341
8.8025561	-21.533992
8.8125361	-21.534575
8.8225161	-21.535159
8.8324961	-21.535743
8.8424761	-21.536328
8.8524561	-21.536914
8.8624361	-21.537501
8.8724161	-21.538088
8.8823961	-21.538676
8.8923761	-21.539265
8.9023561	-21.539854
8.9123361	-21.540445
8.9223161	-21.541036
8.9322961	-21.541628
8.9422761	-21.54222
8.9522561	-21.542814
8.9622361	-21.543408
8.972216	-21.544002
8.982196	-21.544598
8.992176	-21.545194
9.002156	-21.545791
9.012136	-21.546389
9.022116	-21.546988
9.032096	-21.547587
9.042076	-21.548187
9.052056	-21.548788
9.062036	-21.54939
9.072016	-21.549992
9.081996	-21.550595
9.091976	-21.551199
9.101956	-21.551804
9.111936	-21.552409
9.121916	-21.553015
9.131896	-21.553622
9.141876	-21.55423
9.151856	-21.554838
9.161836	-21.555447
9.171816	-21.556057
9.181796	-21.556668
9.191776	-21.557279
9.2017559	-21.557891
9.2117359	-21.558504
9.2217159	-21.559118
9.2316959	-21.559732
9.2416759	-21.560347
9.2516559	-21.560963
9.2616359	-21.56158
9.2716159	-21.562197
9.2815959	-21.562816
9.2915759	-21.563435
9.3015559	-21.564054
9.3115359	-21.564675
9.3215159	-21.565296
9.3314959	-21.565918
9.3414759	-21.566541
9.3514559	-21.567164
9.3614359	-21.567789
9.3714159	-21.568414
9.3813959	-21.569039
9.3913759	-21.569666
9.4013559	-21.570293
9.4113359	-21.570921
9.4213158	-21.57155
9.4312958	-21.57218
9.4412758	-21.57281
9.4512558	-21.573441
9.4612358	-21.574073
9.4712158	-21.574706
9.4811958	-21.575339
9.4911758	-21.575974
9.5011558	-21.576609
9.5111358	-21.577244
9.5211158	-21.577881
9.5310958	-21.578518
9.5410758	-21.579156
9.5510558	-21.579795
9.5610358	-21.580435
9.5710158	-21.581075
9.5809958	-21.581716
9.5909758	-21.582358
9.6009558	-21.583
9.6109358	-21.583644
9.6209158	-21.584288
9.6308958	-21.584933
9.6408758	-21.585579
9.6508557	-21.586225
9.6608357	-21.586872
9.6708157	-21.58752
9.6807957	-21.588169
9.6907757	-21.588819
9.7007557	-21.589469
9.7107357	-21.59012
9.7207157	-21.590772
9.7306957	-21.591425
9.7406757	-21.592078
9.7506557	-21.592732
9.7606357	-21.593387
9.7706157	-21.594043
9.7805957	-21.5947
9.7905757	-21.595357
9.8005557	-21.596015
9.8105357	-21.596674
9.8205157	-21.597333
9.8304957	-21.597994
9.8404757	-21.598655
9.8504557	-21.599317
9.8604357	-21.59998
9.8704156	-21.600643
9.8803956	-21.601307
9.8903756	-21.601972
9.9003556	-21.602638
9.9103356	-21.603305
9.9203156	-21.603972
9.9302956	-21.60464
9.9402756	-21.605309
9.9502556	-21.605979
9.9602356	-21.606649
9.9702156	-21.607321
9.9801956	-21.607993
9.9901756	-21.608666
10.000156	-21.609339
10.010136	-21.610014
10.020116	-21.610689
10.030096	-21.611365
10.040076	-21.612041
10.050056	-21.612719
10.060036	-21.613397
10.070016	-21.614076
10.079996	-21.614756
10.089976	-21.615437
10.099956	-21.616118
10.109936	-21.6168
10.119916	-21.617483
10.129896	-21.618167
10.139876	-21.618852
10.149856	-21.619537
10.159836	-21.620223
10.169816	-21.62091
10.179796	-21.621598
10.189776	-21.622286
10.199756	-21.622976
10.209735	-21.623666
10.219715	-21.624357
10.229695	-21.625048
10.239675	-21.625741
10.249655	-21.626434
10.259635	-21.627128
10.269615	-21.627823
10.279595	-21.628518
10.289575	-21.629215
10.299555	-21.629912
10.309535	-21.63061
10.319515	-21.631308
10.329495	-21.632008
10.339475	-21.632708
10.349455	-21.633409
10.359435	-21.634111
10.369415	-21.634814
10.379395	-21.635518
10.389375	-21.636222
10.399355	-21.636927
10.409335	-21.637633
10.419315	-21.638339
10.429295	-21.639047
10.439275	-21.639755
10.449255	-21.640464
10.459235	-21.641174
10.469215	-21.641885
10.479195	-21.642596
10.489175	-21.643308
10.499155	-21.644021
10.509135	-21.644735
10.519115	-21.64545
10.529095	-21.646165
10.539075	-21.646881
10.549055	-21.647598
10.559035	-21.648316
10.569015	-21.649035
10.578995	-21.649754
10.588975	-21.650474
10.598955	-21.651195
10.608935	-21.651917
10.618915	-21.65264
10.628895	-21.653363
10.638875	-21.654087
10.648855	-21.654812
10.658835	-21.655538
10.668815	-21.656265
10.678795	-21.656992
10.688775	-21.65772
10.698755	-21.658449
10.708735	-21.659179
10.718715	-21.65991
10.728695	-21.660641
10.738675	-21.661373
10.748655	-21.662106
10.758635	-21.66284
10.768615	-21.663575
10.778595	-21.66431
10.788575	-21.665047
10.798555	-21.665784
10.808535	-21.666521
10.818515	-21.66726
10.828495	-21.668
10.838475	-21.66874
10.848455	-21.669481
10.858435	-21.670223
10.868415	-21.670966
10.878395	-21.671709
10.888375	-21.672453
10.898355	-21.673198
10.908335	-21.673944
10.918315	-21.674691
10.928295	-21.675439
10.938275	-21.676187
10.948255	-21.676936
10.958235	-21.677686
10.968215	-21.678437
10.978195	-21.679189
10.988175	-21.679941
10.998155	-21.680694
11.008135	-21.681448
11.018115	-21.682203
11.028095	-21.682959
11.038075	-21.683715
11.048055	-21.684473
11.058035	-21.685231
11.068015	-21.68599
11.077995	-21.686749
11.087975	-21.68751
11.097955	-21.688271
11.107935	-21.689034
11.117915	-21.689797
11.127895	-21.69056
11.137875	-21.691325
11.147855	-21.69209
11.157835	-21.692857
11.167815	-21.693624
11.177795	-21.694392
11.187775	-21.69516
11.197755	-21.69593
11.207735	-21.6967
11.217715	-21.697472
11.227695	-21.698244
11.237675	-21.699016
11.247655	-21.69979
11.257635	-21.700565
11.267615	-21.70134
11.277595	-21.702116
11.287575	-21.702893
11.297555	-21.703671
11.307535	-21.704449
11.317515	-21.705229
11.327495	-21.706009
11.337475	-21.70679
11.347455	-21.707572
11.357435	-21.708354
11.367415	-21.709138
11.377395	-21.709922
11.387375	-21.710708
11.397355	-21.711494
11.407335	-21.71228
11.417315	-21.713068
11.427295	-21.713856
11.437275	-21.714646
11.447255	-21.715436
11.457235	-21.716227
11.467215	-21.717019
11.477195	-21.717811
11.487175	-21.718605
11.497155	-21.719399
11.507135	-21.720194
11.517115	-21.72099
11.527095	-21.721787
11.537075	-21.722584
11.547055	-21.723383
11.557035	-21.724182
11.567015	-21.724982
11.576995	-21.725783
11.586975	-21.726585
11.596955	-21.727387
11.606935	-21.728191
11.616915	-21.728995
11.626895	-21.7298
11.636875	-21.730606
11.646855	-21.731413
11.656835	-21.73222
11.666815	-21.733029
11.676795	-21.733838
11.686775	-21.734648
11.696755	-21.735459
11.706735	-21.736271
11.716715	-21.737083
11.726695	-21.737897
11.736675	-21.738711
11.746655	-21.739526
11.756635	-21.740342
11.766615	-21.741159
11.776595	-21.741977
11.786575	-21.742795
11.796555	-21.743614
11.806535	-21.744435
11.816515	-21.745256
11.826495	-21.746077
11.836475	-21.7469
11.846455	-21.747724
11.856435	-21.748548
11.866415	-21.749373
11.876395	-21.750199
11.886375	-21.751026
11.896355	-21.751854
11.906335	-21.752682
11.916315	-21.753512
11.926295	-21.754342
11.936275	-21.755173
11.946255	-21.756005
11.956235	-21.756838
11.966215	-21.757671
11.976195	-21.758506
11.986175	-21.759341
11.996155	-21.760177
12.006135	-21.761014
12.016115	-21.761852
12.026095	-21.762691
12.036075	-21.763531
12.046055	-21.764371
12.056035	-21.765212
12.066015	-21.766054
12.075995	-21.766897
12.085975	-21.767741
12.095955	-21.768586
12.105935	-21.769431
12.115915	-21.770278
12.125895	-21.771125
12.135875	-21.771973
12.145855	-21.772822
12.155835	-21.773671
12.165815	-21.774522
12.175795	-21.775373
12.185775	-21.776226
12.195755	-21.777079
12.205735	-21.777933
12.215715	-21.778788
12.225695	-21.779644
12.235675	-21.7805
12.245655	-21.781358
12.255635	-21.782216
12.265615	-21.783075
12.275595	-21.783935
12.285575	-21.784796
12.295555	-21.785658
12.305535	-21.78652
12.315515	-21.787384
12.325495	-21.788248
12.335475	-21.789113
12.345455	-21.789979
12.355435	-21.790846
12.365415	-21.791714
12.375395	-21.792582
12.385375	-21.793452
12.395355	-21.794322
12.405335	-21.795193
12.415315	-21.796065
12.425295	-21.796938
12.435275	-21.797812
12.445255	-21.798686
12.455234	-21.799562
12.465214	-21.800438
12.475194	-21.801315
12.485174	-21.802194
12.495154	-21.803072
12.505134	-21.803952
12.515114	-21.804833
12.525094	-21.805714
12.535074	-21.806597
12.545054	-21.80748
12.555034	-21.808364
12.565014	-21.809249
12.574994	-21.810135
12.584974	-21.811022
12.594954	-21.811909
12.604934	-21.812798
12.614914	-21.813687
12.624894	-21.814577
12.634874	-21.815468
12.644854	-21.81636
12.654834	-21.817253
12.664814	-21.818147
12.674794	-21.819041
12.684774	-21.819937
12.694754	-21.820833
12.704734	-21.82173
12.714714	-21.822628
12.724694	-21.823527
12.734674	-21.824427
12.744654	-21.825328
12.754634	-21.826229
12.764614	-21.827131
12.774594	-21.828035
12.784574	-21.828939
12.794554	-21.829844
12.804534	-21.83075
12.814514	-21.831656
12.824494	-21.832564
12.834474	-21.833473
12.844454	-21.834382
12.854434	-21.835292
12.864414	-21.836203
12.874394	-21.837115
12.884374	-21.838028
12.894354	-21.838942
12.904334	-21.839857
12.914314	-21.840772
12.924294	-21.841689
12.934274	-21.842606
12.944254	-21.843524
12.954234	-21.844443
12.964214	-21.845363
12.974194	-21.846284
12.984174	-21.847206
12.994154	-21.848128
13.004134	-21.849052
13.014114	-21.849976
13.024094	-21.850901
13.034074	-21.851827
13.044054	-21.852754
13.054034	-21.853682
13.064014	-21.854611
13.073994	-21.855541
13.083974	-21.856471
13.093954	-21.857403
13.103934	-21.858335
13.113914	-21.859268
13.123894	-21.860202
13.133874	-21.861137
13.143854	-21.862073
13.153834	-21.86301
13.163814	-21.863947
13.173794	-21.864886
13.183774	-21.865825
13.193754	-21.866766
13.203734	-21.867707
13.213714	-21.868649
13.223694	-21.869592
13.233674	-21.870536
13.243654	-21.87148
13.253634	-21.872426
13.263614	-21.873373
13.273594	-21.87432
13.283574	-21.875268
13.293554	-21.876217
13.303534	-21.877168
13.313514	-21.878119
13.323494	-21.87907
13.333474	-21.880023
13.343454	-21.880977
13.353434	-21.881931
13.363414	-21.882887
13.373394	-21.883843
13.383374	-21.8848
13.393354	-21.885759
13.403334	-21.886718
13.413314	-21.887678
13.423294	-21.888638
13.433274	-21.8896
13.443254	-21.890563
13.453234	-21.891526
13.463214	-21.892491
13.473194	-21.893456
13.483174	-21.894422
13.493154	-21.895389
13.503134	-21.896357
13.513114	-21.897326
13.523094	-21.898296
13.533074	-21.899267
13.543054	-21.900239
13.553034	-21.901211
13.563014	-21.902185
13.572994	-21.903159
13.582974	-21.904134
13.592954	-21.90511
13.602934	-21.906087
13.612914	-21.907065
13.622894	-21.908044
13.632874	-21.909024
13.642854	-21.910005
13.652834	-21.910986
13.662814	-21.911969
13.672794	-21.912952
13.682774	-21.913936
13.692754	-21.914922
13.702734	-21.915908
13.712714	-21.916895
13.722694	-21.917883
13.732674	-21.918871
13.742654	-21.919861
13.752634	-21.920852
13.762614	-21.921843
13.772594	-21.922836
13.782574	-21.923829
13.792554	-21.924824
13.802534	-21.925819
13.812514	-21.926815
13.822494	-21.927812
13.832474	-21.92881
13.842454	-21.929809
13.852434	-21.930808
13.862414	-21.931809
13.872394	-21.932811
13.882374	-21.933813
13.892354	-21.934817
13.902334	-21.935821
13.912314	-21.936826
13.922294	-21.937832
13.932274	-21.938839
13.942254	-21.939847
13.952234	-21.940856
13.962214	-21.941866
13.972194	-21.942877
13.982174	-21.943889
13.992154	-21.944901
14.002134	-21.945915
14.012114	-21.946929
14.022094	-21.947945
14.032074	-21.948961
14.042054	-21.949978
14.052034	-21.950996
14.062014	-21.952015
14.071994	-21.953035
14.081974	-21.954056
14.091954	-21.955078
14.101934	-21.9561
14.111914	-21.957124
14.121894	-21.958149
14.131874	-21.959174
14.141854	-21.9602
14.151834	-21.961228
14.161814	-21.962256
14.171794	-21.963285
14.181774	-21.964315
14.191754	-21.965346
14.201734	-21.966378
14.211714	-21.967411
14.221694	-21.968445
14.231674	-21.96948
14.241654	-21.970515
14.251634	-21.971552
14.261614	-21.972589
14.271594	-21.973628
14.281574	-21.974667
14.291554	-21.975708
14.301534	-21.976749
14.311514	-21.977791
14.321494	-21.978834
14.331474	-21.979878
14.341454	-21.980923
14.351434	-21.981969
14.361414	-21.983016
14.371394	-21.984063
14.381374	-21.985112
14.391354	-21.986162
14.401334	-21.987212
14.411314	-21.988264
14.421294	-21.989316
14.431274	-21.99037
14.441254	-21.991424
14.451234	-21.992479
14.461214	-21.993535
14.471194	-21.994592
14.481174	-21.99565
14.491154	-21.996709
14.501134	-21.997769
14.511114	-21.99883
14.521094	-21.999892
14.531074	-22.000955
14.541054	-22.002018
14.551034	-22.003083
14.561014	-22.004148
14.570994	-22.005215
14.580974	-22.006282
14.590954	-22.00735
14.600934	-22.00842
14.610914	-22.00949
14.620894	-22.010561
14.630874	-22.011633
14.640854	-22.012706
14.650834	-22.01378
14.660814	-22.014855
14.670794	-22.015931
14.680774	-22.017008
14.690754	-22.018086
14.700733	-22.019164
14.710713	-22.020244
14.720693	-22.021325
14.730673	-22.022406
14.740653	-22.023489
14.750633	-22.024572
14.760613	-22.025657
14.770593	-22.026742
14.780573	-22.027828
14.790553	-22.028915
14.800533	-22.030004
14.810513	-22.031093
14.820493	-22.032183
14.830473	-22.033274
14.840453	-22.034366
14.850433	-22.035459
14.860413	-22.036552
14.870393	-22.037647
14.880373	-22.038743
14.890353	-22.03984
14.900333	-22.040937
14.910313	-22.042036
14.920293	-22.043136
14.930273	-22.044236
14.940253	-22.045338
14.950233	-22.04644
14.960213	-22.047543
14.970193	-22.048648
14.980173	-22.049753
14.990153	-22.050859
15.000133	-22.051967
15.010113	-22.053075
15.020093	-22.054184
15.030073	-22.055294
15.040053	-22.056405
15.050033	-22.057517
15.060013	-22.05863
15.069993	-22.059744
15.079973	-22.060859
15.089953	-22.061974
15.099933	-22.063091
15.109913	-22.064209
15.119893	-22.065328
15.129873	-22.066447
15.139853	-22.067568
15.149833	-22.06869
15.159813	-22.069812
15.169793	-22.070936
15.179773	-22.07206
15.189753	-22.073185
15.199733	-22.074312
15.209713	-22.075439
15.219693	-22.076567
15.229673	-22.077697
15.239653	-22.078827
15.249633	-22.079958
15.259613	-22.08109
15.269593	-22.082223
15.279573	-22.083358
15.289553	-22.084493
15.299533	-22.085629
15.309513	-22.086766
15.319493	-22.087904
15.329473	-22.089043
15.339453	-22.090182
15.349433	-22.091323
15.359413	-22.092465
15.369393	-22.093608
15.379373	-22.094752
15.389353	-22.095896
15.399333	-22.097042
15.409313	-22.098189
15.419293	-22.099336
15.429273	-22.100485
15.439253	-22.101635
15.449233	-22.102785
15.459213	-22.103937
15.469193	-22.105089
15.479173	-22.106243
15.489153	-22.107397
15.499133	-22.108553
15.509113	-22.109709
15.519093	-22.110866
15.529073	-22.112025
15.539053	-22.113184
15.549033	-22.114344
15.559013	-22.115506
15.568993	-22.116668
15.578973	-22.117831
15.588953	-22.118995
15.598933	-22.120161
15.608913	-22.121327
15.618893	-22.122494
15.628873	-22.123662
15.638853	-22.124831
15.648833	-22.126001
15.658813	-22.127172
15.668793	-22.128344
15.678773	-22.129517
15.688753	-22.130691
15.698733	-22.131866
15.708713	-22.133042
15.718693	-22.134219
15.728673	-22.135397
15.738653	-22.136576
15.748633	-22.137756
15.758613	-22.138937
15.768593	-22.140118
15.778573	-22.141301
15.788553	-22.142485
15.798533	-22.14367
15.808513	-22.144856
15.818493	-22.146042
15.828473	-22.14723
15.838453	-22.148419
15.848433	-22.149609
15.858413	-22.150799
15.868393	-22.151991
15.878373	-22.153184
15.888353	-22.154377
15.898333	-22.155572
15.908313	-22.156768
15.918293	-22.157964
15.928273	-22.159162
15.938253	-22.16036
15.948233	-22.16156
15.958213	-22.162761
15.968193	-22.163962
15.978173	-22.165165
15.988153	-22.166368
15.998133	-22.167573
16.008113	-22.168778
16.018093	-22.169985
16.028073	-22.171192
16.038053	-22.172401
16.048033	-22.17361
16.058013	-22.174821
16.067993	-22.176032
16.077973	-22.177245
16.087953	-22.178458
16.097933	-22.179673
16.107913	-22.180888
16.117893	-22.182105
16.127873	-22.183322
16.137853	-22.184541
16.147833	-22.18576
16.157813	-22.186981
16.167793	-22.188202
16.177773	-22.189425
16.187753	-22.190648
16.197733	-22.191873
16.207713	-22.193098
16.217693	-22.194324
16.227673	-22.195552
16.237653	-22.19678
16.247633	-22.19801
16.257613	-22.19924
16.267593	-22.200472
16.277573	-22.201704
16.287553	-22.202938
16.297533	-22.204172
16.307513	-22.205408
16.317493	-22.206644
16.327473	-22.207881
16.337453	-22.20912
16.347433	-22.210359
16.357413	-22.2116
16.367393	-22.212841
16.377373	-22.214084
16.387353	-22.215327
16.397333	-22.216572
16.407313	-22.217817
16.417293	-22.219064
16.427273	-22.220311
16.437253	-22.22156
16.447233	-22.222809
16.457213	-22.22406
16.467193	-22.225311
16.477173	-22.226564
16.487153	-22.227818
16.497133	-22.229072
16.507113	-22.230328
16.517093	-22.231584
16.527073	-22.232842
16.537053	-22.2341
16.547033	-22.23536
16.557013	-22.236621
16.566993	-22.237882
16.576973	-22.239145
16.586953	-22.240409
16.596933	-22.241673
16.606913	-22.242939
16.616893	-22.244206
16.626873	-22.245473
16.636853	-22.246742
16.646833	-22.248012
16.656813	-22.249283
16.666793	-22.250554
16.676773	-22.251827
16.686753	-22.253101
16.696733	-22.254376
16.706713	-22.255652
16.716693	-22.256928
16.726673	-22.258206
16.736653	-22.259485
16.746633	-22.260765
16.756613	-22.262046
16.766593	-22.263328
16.776573	-22.264611
16.786553	-22.265895
16.796533	-22.26718
16.806513	-22.268466
16.816493	-22.269753
16.826473	-22.271041
16.836453	-22.27233
16.846433	-22.27362
16.856413	-22.274911
16.866393	-22.276203
16.876373	-22.277497
16.886353	-22.278791
16.896333	-22.280086
16.906313	-22.281382
16.916293	-22.28268
16.926273	-22.283978
16.936253	-22.285277
16.946232	-22.286577
16.956212	-22.287879
16.966192	-22.289181
16.976172	-22.290485
16.986152	-22.291789
16.996132	-22.293094
17.006112	-22.294401
17.016092	-22.295708
17.026072	-22.297017
17.036052	-22.298327
17.046032	-22.299637
17.056012	-22.300949
17.065992	-22.302261
17.075972	-22.303575
17.085952	-22.30489
17.095932	-22.306206
17.105912	-22.307522
17.115892	-22.30884
17.125872	-22.310159
17.135852	-22.311479
17.145832	-22.3128
17.155812	-22.314122
17.165792	-22.315445
17.175772	-22.316769
17.185752	-22.318094
17.195732	-22.31942
17.205712	-22.320747
17.215692	-22.322075
17.225672	-22.323404
17.235652	-22.324734
17.245632	-22.326065
17.255612	-22.327398
17.265592	-22.328731
17.275572	-22.330065
17.285552	-22.331401
17.295532	-22.332737
17.305512	-22.334074
17.315492	-22.335413
17.325472	-22.336752
17.335452	-22.338093
17.345432	-22.339435
17.355412	-22.340777
17.365392	-22.342121
17.375372	-22.343466
17.385352	-22.344811
17.395332	-22.346158
17.405312	-22.347506
17.415292	-22.348855
17.425272	-22.350205
17.435252	-22.351556
17.445232	-22.352908
17.455212	-22.354261
17.465192	-22.355615
17.475172	-22.35697
17.485152	-22.358326
17.495132	-22.359683
17.505112	-22.361041
17.515092	-22.362401
17.525072	-22.363761
17.535052	-22.365122
17.545032	-22.366485
17.555012	-22.367848
17.564992	-22.369213
17.574972	-22.370578
17.584952	-22.371945
17.594932	-22.373312
17.604912	-22.374681
17.614892	-22.376051
17.624872	-22.377422
17.634852	-22.378794
17.644832	-22.380166
17.654812	-22.38154
17.664792	-22.382915
17.674772	-22.384291
17.684752	-22.385668
17.694732	-22.387047
17.704712	-22.388426
17.714692	-22.389806
17.724672	-22.391187
17.734652	-22.39257
17.744632	-22.393953
17.754612	-22.395337
17.764592	-22.396723
17.774572	-22.398109
17.784552	-22.399497
17.794532	-22.400886
17.804512	-22.402275
17.814492	-22.403666
17.824472	-22.405058
17.834452	-22.406451
17.844432	-22.407844
17.854412	-22.409239
17.864392	-22.410635
17.874372	-22.412033
17.884352	-22.413431
17.894332	-22.41483
17.904312	-22.41623
17.914292	-22.417631
17.924272	-22.419034
17.934252	-22.420437
17.944232	-22.421842
17.954212	-22.423247
17.964192	-22.424654
17.974172	-22.426061
17.984152	-22.42747
17.994132	-22.42888
18.004112	-22.430291
18.014092	-22.431702
18.024072	-22.433115
18.034052	-22.434529
18.044032	-22.435944
18.054012	-22.437361
18.063992	-22.438778
18.073972	-22.440196
18.083952	-22.441615
18.093932	-22.443036
18.103912	-22.444457
18.113892	-22.44588
18.123872	-22.447303
18.133852	-22.448728
18.143832	-22.450153
18.153812	-22.45158
18.163792	-22.453008
18.173772	-22.454437
18.183752	-22.455867
18.193732	-22.457298
18.203712	-22.45873
18.213692	-22.460163
18.223672	-22.461597
18.233652	-22.463032
18.243632	-22.464469
18.253612	-22.465906
18.263592	-22.467345
18.273572	-22.468784
18.283552	-22.470225
18.293532	-22.471666
18.303512	-22.473109
18.313492	-22.474553
18.323472	-22.475998
18.333452	-22.477444
18.343432	-22.478891
18.353412	-22.480339
18.363392	-22.481788
18.373372	-22.483238
18.383352	-22.48469
18.393332	-22.486142
18.403312	-22.487595
18.413292	-22.48905
18.423272	-22.490505
18.433252	-22.491962
18.443232	-22.49342
18.453212	-22.494879
18.463192	-22.496339
18.473172	-22.497799
18.483152	-22.499262
18.493132	-22.500725
18.503112	-22.502189
18.513092	-22.503654
18.523072	-22.50512
18.533052	-22.506588
18.543032	-22.508056
18.553012	-22.509526
18.562992	-22.510996
18.572972	-22.512468
18.582952	-22.513941
18.592932	-22.515415
18.602912	-22.51689
18.612892	-22.518366
18.622872	-22.519843
18.632852	-22.521321
18.642832	-22.5228
18.652812	-22.524281
18.662792	-22.525762
18.672772	-22.527244
18.682752	-22.528728
18.692732	-22.530213
18.702712	-22.531698
18.712692	-22.533185
18.722672	-22.534673
18.732652	-22.536162
18.742632	-22.537652
18.752612	-22.539143
18.762592	-22.540636
18.772572	-22.542129
18.782552	-22.543623
18.792532	-22.545119
18.802512	-22.546615
18.812492	-22.548113
18.822472	-22.549612
18.832452	-22.551111
18.842432	-22.552612
18.852412	-22.554114
18.862392	-22.555617
18.872372	-22.557121
18.882352	-22.558627
18.892332	-22.560133
18.902312	-22.56164
18.912292	-22.563149
18.922272	-22.564658
18.932252	-22.566169
18.942232	-22.567681
18.952212	-22.569194
18.962192	-22.570708
18.972172	-22.572223
18.982152	-22.573739
18.992132	-22.575256
19.002112	-22.576774
19.012092	-22.578294
19.022072	-22.579814
19.032052	-22.581336
19.042032	-22.582858
19.052012	-22.584382
19.061992	-22.585907
19.071972	-22.587433
19.081952	-22.58896
19.091932	-22.590488
19.101912	-22.592017
19.111892	-22.593547
19.121872	-22.595079
19.131852	-22.596611
19.141832	-22.598145
19.151812	-22.599679
19.161792	-22.601215
19.171772	-22.602752
19.181752	-22.60429
19.191731	-22.605829
19.201711	-22.607369
19.211691	-22.60891
19.221671	-22.610453
19.231651	-22.611996
19.241631	-22.613541
19.251611	-22.615086
19.261591	-22.616633
19.271571	-22.618181
19.281551	-22.619729
19.291531	-22.621279
19.301511	-22.622831
19.311491	-22.624383
19.321471	-22.625936
19.331451	-22.62749
19.341431	-22.629046
19.351411	-22.630602
19.361391	-22.63216
19.371371	-22.633719
19.381351	-22.635279
19.391331	-22.63684
19.401311	-22.638402
19.411291	-22.639965
19.421271	-22.641529
19.431251	-22.643095
19.441231	-22.644661
19.451211	-22.646229
19.461191	-22.647797
19.471171	-22.649367
19.481151	-22.650938
19.491131	-22.65251
19.501111	-22.654083
19.511091	-22.655657
19.521071	-22.657233
19.531051	-22.658809
19.541031	-22.660387
19.551011	-22.661965
19.560991	-22.663545
19.570971	-22.665126
19.580951	-22.666708
19.590931	-22.668291
19.600911	-22.669875
19.610891	-22.67146
19.620871	-22.673046
19.630851	-22.674634
19.640831	-22.676222
19.650811	-22.677812
19.660791	-22.679403
19.670771	-22.680995
19.680751	-22.682588
19.690731	-22.684182
19.700711	-22.685777
19.710691	-22.687373
19.720671	-22.688971
19.730651	-22.690569
19.740631	-22.692169
19.750611	-22.69377
19.760591	-22.695371
19.770571	-22.696974
19.780551	-22.698578
19.790531	-22.700184
19.800511	-22.70179
19.810491	-22.703397
19.820471	-22.705006
19.830451	-22.706615
19.840431	-22.708226
19.850411	-22.709838
19.860391	-22.711451
19.870371	-22.713065
19.880351	-22.71468
19.890331	-22.716296
19.900311	-22.717914
19.910291	-22.719532
19.920271	-22.721152
19.930251	-22.722773
19.940231	-22.724395
19.950211	-22.726018
19.960191	-22.727642
19.970171	-22.729267
19.980151	-22.730893
19.990131	-22.732521
20.000111	-22.734149
20.010091	-22.735779
20.020071	-22.73741
20.030051	-22.739041
20.040031	-22.740674
20.050011	-22.742309
20.059991	-22.743944
20.069971	-22.74558
20.079951	-22.747218
20.089931	-22.748856
20.099911	-22.750496
20.109891	-22.752137
20.119871	-22.753779
20.129851	-22.755422
20.139831	-22.757066
20.149811	-22.758711
20.159791	-22.760358
20.169771	-22.762005
20.179751	-22.763654
20.189731	-22.765304
20.199711	-22.766955
20.209691	-22.768607
20.219671	-22.77026
20.229651	-22.771914
20.239631	-22.773569
20.249611	-22.775226
20.259591	-22.776884
20.269571	-22.778542
20.279551	-22.780202
20.289531	-22.781863
20.299511	-22.783525
20.309491	-22.785188
20.319471	-22.786853
20.329451	-22.788518
20.339431	-22.790185
20.349411	-22.791853
20.359391	-22.793521
20.369371	-22.795191
20.379351	-22.796862
20.389331	-22.798535
20.399311	-22.800208
20.409291	-22.801882
20.419271	-22.803558
20.429251	-22.805235
20.439231	-22.806913
20.449211	-22.808592
20.459191	-22.810272
20.469171	-22.811953
20.479151	-22.813635
20.489131	-22.815319
20.499111	-22.817003
20.509091	-22.818689
20.519071	-22.820376
20.529051	-22.822064
20.539031	-22.823753
20.549011	-22.825443
20.558991	-22.827135
20.568971	-22.828827
20.578951	-22.830521
20.588931	-22.832215
20.598911	-22.833911
20.608891	-22.835608
20.618871	-22.837306
20.628851	-22.839006
20.638831	-22.840706
20.648811	-22.842408
20.658791	-22.84411
20.668771	-22.845814
20.678751	-22.847519
20.688731	-22.849225
20.698711	-22.850932
20.708691	-22.85264
20.718671	-22.85435
20.728651	-22.85606
20.738631	-22.857772
20.748611	-22.859485
20.758591	-22.861199
20.768571	-22.862914
20.778551	-22.86463
20.788531	-22.866347
20.798511	-22.868066
20.808491	-22.869786
20.818471	-22.871506
20.828451	-22.873228
20.838431	-22.874951
20.848411	-22.876675
20.858391	-22.878401
20.868371	-22.880127
20.878351	-22.881855
20.888331	-22.883583
20.898311	-22.885313
20.908291	-22.887044
20.918271	-22.888776
20.928251	-22.890509
20.938231	-22.892244
20.948211	-22.893979
20.958191	-22.895716
20.968171	-22.897454
20.978151	-22.899192
20.988131	-22.900933
20.998111	-22.902674
21.008091	-22.904416
21.018071	-22.906159
21.028051	-22.907904
21.038031	-22.90965
21.048011	-22.911397
21.057991	-22.913145
21.067971	-22.914894
21.077951	-22.916644
21.087931	-22.918395
21.097911	-22.920148
21.107891	-22.921902
21.117871	-22.923656
21.127851	-22.925412
21.137831	-22.92717
21.147811	-22.928928
21.157791	-22.930687
21.167771	-22.932448
21.177751	-22.934209
21.187731	-22.935972
21.197711	-22.937736
21.207691	-22.939501
21.217671	-22.941267
21.227651	-22.943035
21.237631	-22.944803
21.247611	-22.946573
21.257591	-22.948344
21.267571	-22.950116
21.277551	-22.951889
21.287531	-22.953663
21.297511	-22.955438
21.307491	-22.957215
21.317471	-22.958992
21.327451	-22.960771
21.337431	-22.962551
21.347411	-22.964332
21.357391	-22.966114
21.367371	-22.967898
21.377351	-22.969682
21.387331	-22.971468
21.397311	-22.973254
21.407291	-22.975042
21.417271	-22.976831
21.427251	-22.978622
21.43723	-22.980413
21.44721	-22.982206
21.45719	-22.983999
21.46717	-22.985794
21.47715	-22.98759
21.48713	-22.989387
21.49711	-22.991185
21.50709	-22.992984
21.51707	-22.994785
21.52705	-22.996587
21.53703	-22.998389
21.54701	-23.000193
21.55699	-23.001998
21.56697	-23.003805
21.57695	-23.005612
21.58693	-23.007421
21.59691	-23.00923
21.60689	-23.011041
21.61687	-23.012853
21.62685	-23.014666
21.63683	-23.01648
21.64681	-23.018296
21.65679	-23.020112
21.66677	-23.02193
21.67675	-23.023749
21.68673	-23.025569
21.69671	-23.02739
21.70669	-23.029212
21.71667	-23.031036
21.72665	-23.03286
21.73663	-23.034686
21.74661	-23.036513
21.75659	-23.038341
21.76657	-23.04017
21.77655	-23.042001
21.78653	-23.043832
21.79651	-23.045665
21.80649	-23.047499
21.81647	-23.049334
21.82645	-23.05117
21.83643	-23.053007
21.84641	-23.054845
21.85639	-23.056685
21.86637	-23.058525
21.87635	-23.060367
21.88633	-23.06221
21.89631	-23.064054
21.90629	-23.0659
21.91627	-23.067746
21.92625	-23.069594
21.93623	-23.071442
21.94621	-23.073292
21.95619	-23.075143
21.96617	-23.076996
21.97615	-23.078849
21.98613	-23.080703
21.99611	-23.082559
22.00609	-23.084416
22.01607	-23.086274
22.02605	-23.088133
22.03603	-23.089993
22.04601	-23.091855
22.05599	-23.093717
22.06597	-23.095581
22.07595	-23.097446
22.08593	-23.099312
22.09591	-23.101179
22.10589	-23.103047
22.11587	-23.104917
22.12585	-23.106787
22.13583	-23.108659
22.14581	-23.110532
22.15579	-23.112406
22.16577	-23.114282
22.17575	-23.116158
22.18573	-23.118036
22.19571	-23.119914
22.20569	-23.121794
22.21567	-23.123675
22.22565	-23.125557
22.23563	-23.127441
22.24561	-23.129325
22.25559	-23.131211
22.26557	-23.133098
22.27555	-23.134986
22.28553	-23.136875
22.29551	-23.138765
22.30549	-23.140656
22.31547	-23.142549
22.32545	-23.144443
22.33543	-23.146338
22.34541	-23.148234
22.35539	-23.150131
22.36537	-23.152029
22.37535	-23.153929
22.38533	-23.155829
22.39531	-23.157731
22.40529	-23.159634
22.41527	-23.161538
22.42525	-23.163444
22.43523	-23.16535
22.44521	-23.167258
22.45519	-23.169167
22.46517	-23.171077
22.47515	-23.172988
22.48513	-23.1749
22.49511	-23.176813
22.50509	-23.178728
22.51507	-23.180644
22.52505	-23.18256
22.53503	-23.184478
22.54501	-23.186398
22.55499	-23.188318
22.56497	-23.19024
22.57495	-23.192162
22.58493	-23.194086
22.59491	-23.196011
22.60489	-23.197937
22.61487	-23.199864
22.62485	-23.201793
22.63483	-23.203723
22.64481	-23.205653
22.65479	-23.207585
22.66477	-23.209518
22.67475	-23.211453
22.68473	-23.213388
22.69471	-23.215325
22.70469	-23.217262
22.71467	-23.219201
22.72465	-23.221141
22.73463	-23.223083
22.74461	-23.225025
22.75459	-23.226968
22.76457	-23.228913
22.77455	-23.230859
22.78453	-23.232806
22.79451	-23.234754
22.80449	-23.236704
22.81447	-23.238654
22.82445	-23.240606
22.83443	-23.242558
22.84441	-23.244512
22.85439	-23.246468
22.86437	-23.248424
22.87435	-23.250381
22.88433	-23.25234
22.89431	-23.2543
22.90429	-23.256261
22.91427	-23.258223
22.92425	-23.260186
22.93423	-23.262151
22.94421	-23.264116
22.95419	-23.266083
22.96417	-23.268051
22.97415	-23.27002
22.98413	-23.27199
22.99411	-23.273961
23.00409	-23.275934
23.01407	-23.277908
23.02405	-23.279883
23.03403	-23.281859
23.04401	-23.283836
23.05399	-23.285814
23.06397	-23.287794
23.07395	-23.289774
23.08393	-23.291756
23.09391	-23.293739
23.10389	-23.295724
23.11387	-23.297709
23.12385	-23.299695
23.13383	-23.301683
23.14381	-23.303672
23.15379	-23.305662
23.16377	-23.307653
23.17375	-23.309645
23.18373	-23.311639
23.19371	-23.313633
23.20369	-23.315629
23.21367	-23.317626
23.22365	-23.319624
23.23363	-23.321624
23.24361	-23.323624
23.25359	-23.325626
23.26357	-23.327628
23.27355	-23.329632
23.28353	-23.331638
23.29351	-23.333644
23.30349	-23.335651
23.31347	-23.33766
23.32345	-23.33967
23.33343	-23.34168
23.34341	-23.343693
23.35339	-23.345706
23.36337	-23.34772
23.37335	-23.349736
23.38333	-23.351753
23.39331	-23.35377
23.40329	-23.35579
23.41327	-23.35781
23.42325	-23.359831
23.43323	-23.361854
23.44321	-23.363877
23.45319	-23.365902
23.46317	-23.367928
23.47315	-23.369956
23.48313	-23.371984
23.49311	-23.374014
23.50309	-23.376044
23.51307	-23.378076
23.52305	-23.380109
23.53303	-23.382143
23.54301	-23.384179
23.55299	-23.386215
23.56297	-23.388253
23.57295	-23.390292
23.58293	-23.392332
23.59291	-23.394373
23.60289	-23.396415
23.61287	-23.398459
23.62285	-23.400503
23.63283	-23.402549
23.64281	-23.404596
23.65279	-23.406644
23.66277	-23.408694
23.672749	-23.410744
23.682729	-23.412796
23.692709	-23.414849
23.702689	-23.416903
23.712669	-23.418958
23.722649	-23.421014
23.732629	-23.423072
23.742609	-23.42513
23.752589	-23.42719
23.762569	-23.429251
23.772549	-23.431313
23.782529	-23.433377
23.792509	-23.435441
23.802489	-23.437507
23.812469	-23.439573
23.822449	-23.441641
23.832429	-23.443711
23.842409	-23.445781
23.852389	-23.447852
23.862369	-23.449925
23.872349	-23.451999
23.882329	-23.454074
23.892309	-23.45615
23.902289	-23.458227
23.912269	-23.460305
23.922249	-23.462385
23.932229	-23.464466
23.942209	-23.466548
23.952189	-23.468631
23.962169	-23.470715
23.972149	-23.472801
23.982129	-23.474887
23.992109	-23.476975
24.002089	-23.479064
24.012069	-23.481154
24.022049	-23.483245
24.032029	-23.485338
24.042009	-23.487431
24.051989	-23.489526
24.061969	-23.491622
24.071949	-23.493719
24.081929	-23.495817
24.091909	-23.497916
24.101889	-23.500017
24.111869	-23.502119
24.121849	-23.504222
24.131829	-23.506326
24.141809	-23.508431
24.151789	-23.510537
24.161769	-23.512645
24.171749	-23.514753
24.181729	-23.516863
24.191709	-23.518974
24.201689	-23.521087
24.211669	-23.5232
24.221649	-23.525314
24.231629	-23.52743
24.241609	-23.529547
24.251589	-23.531665
24.261569	-23.533784
24.271549	-23.535905
24.281529	-23.538026
24.291509	-23.540149
24.301489	-23.542273
24.311469	-23.544398
24.321449	-23.546524
24.331429	-23.548651
24.341409	-23.55078
24.351389	-23.552909
24.361369	-23.55504
24.371349	-23.557172
24.381329	-23.559305
24.391309	-23.56144
24.401289	-23.563575
24.411269	-23.565712
24.421249	-23.567849
24.431229	-23.569988
24.441209	-23.572129
24.451189	-23.57427
24.461169	-23.576412
24.471149	-23.578556
24.481129	-23.580701
24.491109	-23.582847
24.501089	-23.584994
24.511069	-23.587142
24.521049	-23.589291
24.531029	-23.591442
24.541009	-23.593594
24.550989	-23.595747
24.560969	-23.597901
24.570949	-23.600056
24.580929	-23.602212
24.590909	-23.60437
24.600889	-23.606529
24.610869	-23.608689
24.620849	-23.61085
24.630829	-23.613012
24.640809	-23.615175
24.650789	-23.61734
24.660769	-23.619506
24.670749	-23.621672
24.680729	-23.62384
24.690709	-23.62601
24.700689	-23.62818
24.710669	-23.630351
24.720649	-23.632524
24.730629	-23.634698
24.740609	-23.636873
24.750589	-23.639049
24.760569	-23.641227
24.770549	-23.643405
24.780529	-23.645585
24.790509	-23.647765
24.800489	-23.649947
24.810469	-23.652131
24.820449	-23.654315
24.830429	-23.6565
24.840409	-23.658687
24.850389	-23.660875
24.860369	-23.663064
24.870349	-23.665254
24.880329	-23.667445
24.890309	-23.669637
24.900289	-23.671831
24.910269	-23.674026
24.920249	-23.676222
24.930229	-23.678419
24.940209	-23.680617
24.950189	-23.682816
24.960169	-23.685017
24.970149	-23.687219
24.980129	-23.689421
24.990109	-23.691625
25.000089	-23.693831
25.010069	-23.696037
25.020049	-23.698244
25.030029	-23.700453
25.040009	-23.702663
25.049989	-23.704874
25.059969	-23.707086
25.069949	-23.709299
25.079929	-23.711514
25.089909	-23.713729
25.099889	-23.715946
25.109869	-23.718164
25.119849	-23.720383
25.129829	-23.722603
25.139809	-23.724825
25.149789	-23.727047
25.159769	-23.729271
25.169749	-23.731496
25.179729	-23.733722
25.189709	-23.735949
25.199689	-23.738178
25.209669	-23.740407
25.219649	-23.742638
25.229629	-23.74487
25.239609	-23.747103
25.249589	-23.749337
25.259569	-23.751572
25.269549	-23.753809
25.279529	-23.756046
25.289509	-23.758285
25.299489	-23.760525
25.309469	-23.762766
25.319449	-23.765008
25.329429	-23.767252
25.339409	-23.769496
25.349389	-23.771742
25.359369	-23.773989
25.369349	-23.776237
25.379329	-23.778486
25.389309	-23.780736
25.399289	-23.782988
25.409269	-23.78524
25.419249	-23.787494
25.429229	-23.789749
25.439209	-23.792005
25.449189	-23.794263
25.459169	-23.796521
25.469149	-23.798781
25.479129	-23.801041
25.489109	-23.803303
25.499089	-23.805566
25.509069	-23.80783
25.519049	-23.810096
25.529029	-23.812362
25.539009	-23.81463
25.548989	-23.816899
25.558969	-23.819169
25.568949	-23.82144
25.578929	-23.823712
25.588909	-23.825986
25.598889	-23.82826
25.608869	-23.830536
25.618849	-23.832813
25.628829	-23.835091
25.638809	-23.83737
25.648789	-23.83965
25.658769	-23.841932
25.668749	-23.844215
25.678729	-23.846498
25.688709	-23.848783
25.698689	-23.851069
25.708669	-23.853357
25.718649	-23.855645
25.728629	-23.857935
25.738609	-23.860225
25.748589	-23.862517
25.758569	-23.86481
25.768549	-23.867105
25.778529	-23.8694
25.788509	-23.871696
25.798489	-23.873994
25.808469	-23.876293
25.818449	-23.878593
25.828429	-23.880894
25.838409	-23.883196
25.848389	-23.885499
25.858369	-23.887804
25.868349	-23.89011
25.878329	-23.892416
25.888309	-23.894724
25.898289	-23.897033
25.908269	-23.899344
25.918248	-23.901655
25.928228	-23.903968
25.938208	-23.906281
25.948188	-23.908596
25.958168	-23.910912
25.968148	-23.91323
25.978128	-23.915548
25.988108	-23.917867
25.998088	-23.920188
26.008068	-23.92251
26.018048	-23.924833
26.028028	-23.927157
26.038008	-23.929482
26.047988	-23.931808
26.057968	-23.934136
26.067948	-23.936464
26.077928	-23.938794
26.087908	-23.941125
26.097888	-23.943457
26.107868	-23.94579
26.117848	-23.948125
26.127828	-23.95046
26.137808	-23.952797
26.147788	-23.955135
26.157768	-23.957474
26.167748	-23.959814
26.177728	-23.962155
26.187708	-23.964497
26.197688	-23.966841
26.207668	-23.969186
26.217648	-23.971531
26.227628	-23.973878
26.237608	-23.976227
26.247588	-23.978576
26.257568	-23.980926
26.267548	-23.983278
26.277528	-23.98563
26.287508	-23.987984
26.297488	-23.990339
26.307468	-23.992695
26.317448	-23.995053
26.327428	-23.997411
26.337408	-23.99977
26.347388	-24.002131
26.357368	-24.004493
26.367348	-24.006856
26.377328	-24.00922
26.387308	-24.011585
26.397288	-24.013952
26.407268	-24.016319
26.417248	-24.018688
26.427228	-24.021058
26.437208	-24.023429
26.447188	-24.025801
26.457168	-24.028174
26.467148	-24.030548
26.477128	-24.032924
26.487108	-24.0353
26.497088	-24.037678
26.507068	-24.040057
26.517048	-24.042437
26.527028	-24.044818
26.537008	-24.047201
26.546988	-24.049584
26.556968	-24.051969
26.566948	-24.054355
26.576928	-24.056741
26.586908	-24.059129
26.596888	-24.061519
26.606868	-24.063909
26.616848	-24.0663
26.626828	-24.068693
26.636808	-24.071087
26.646788	-24.073481
26.656768	-24.075877
26.666748	-24.078275
26.676728	-24.080673
26.686708	-24.083072
26.696688	-24.085473
26.706668	-24.087874
26.716648	-24.090277
26.726628	-24.092681
26.736608	-24.095086
26.746588	-24.097492
26.756568	-24.0999
26.766548	-24.102308
26.776528	-24.104718
26.786508	-24.107128
26.796488	-24.10954
26.806468	-24.111953
26.816448	-24.114367
26.826428	-24.116783
26.836408	-24.119199
26.846388	-24.121617
26.856368	-24.124035
26.866348	-24.126455
26.876328	-24.128876
26.886308	-24.131298
26.896288	-24.133721
26.906268	-24.136145
26.916248	-24.138571
26.926228	-24.140997
26.936208	-24.143425
26.946188	-24.145854
26.956168	-24.148284
26.966148	-24.150715
26.976128	-24.153147
26.986108	-24.15558
26.996088	-24.158015
27.006068	-24.160451
27.016048	-24.162887
27.026028	-24.165325
27.036008	-24.167764
27.045988	-24.170204
27.055968	-24.172645
27.065948	-24.175088
27.075928	-24.177531
27.085908	-24.179976
27.095888	-24.182422
27.105868	-24.184868
27.115848	-24.187316
27.125828	-24.189766
27.135808	-24.192216
27.145788	-24.194667
27.155768	-24.19712
27.165748	-24.199573
27.175728	-24.202028
27.185708	-24.204484
27.195688	-24.206941
27.205668	-24.209399
27.215648	-24.211858
27.225628	-24.214318
27.235608	-24.21678
27.245588	-24.219243
27.255568	-24.221706
27.265548	-24.224171
27.275528	-24.226637
27.285508	-24.229104
27.295488	-24.231572
27.305468	-24.234042
27.315448	-24.236512
27.325428	-24.238984
27.335408	-24.241456
27.345388	-24.24393
27.355368	-24.246405
27.365348	-24.248881
27.375328	-24.251358
27.385308	-24.253836
27.395288	-24.256316
27.405268	-24.258796
27.415248	-24.261278
27.425228	-24.263761
27.435208	-24.266245
27.445188	-24.26873
27.455168	-24.271216
27.465148	-24.273703
27.475128	-24.276191
27.485108	-24.278681
27.495088	-24.281171
27.505068	-24.283663
27.515048	-24.286156
27.525028	-24.28865
27.535008	-24.291145
27.544988	-24.293641
27.554968	-24.296138
27.564948	-24.298636
27.574928	-24.301136
27.584908	-24.303636
27.594888	-24.306138
27.604868	-24.308641
27.614848	-24.311145
27.624828	-24.31365
27.634808	-24.316156
27.644788	-24.318663
27.654768	-24.321172
27.664748	-24.323681
27.674728	-24.326192
27.684708	-24.328704
27.694688	-24.331216
27.704668	-24.33373
27.714648	-24.336245
27.724628	-24.338762
27.734608	-24.341279
27.744588	-24.343797
27.754568	-24.346317
27.764548	-24.348837
27.774528	-24.351359
27.784508	-24.353882
27.794488	-24.356406
27.804468	-24.358931
27.814448	-24.361457
27.824428	-24.363984
27.834408	-24.366512
27.844388	-24.369042
27.854368	-24.371572
27.864348	-24.374104
27.874328	-24.376637
27.884308	-24.379171
27.894288	-24.381705
27.904268	-24.384242
27.914248	-24.386779
27.924228	-24.389317
27.934208	-24.391856
27.944188	-24.394397
27.954168	-24.396938
27.964148	-24.399481
27.974128	-24.402025
27.984108	-24.40457
27.994088	-24.407116
28.004068	-24.409663
28.014048	-24.412211
28.024028	-24.41476
28.034008	-24.417311
28.043988	-24.419862
28.053968	-24.422415
28.063948	-24.424968
28.073928	-24.427523
28.083908	-24.430079
28.093888	-24.432636
28.103868	-24.435194
28.113848	-24.437753
28.123828	-24.440314
28.133808	-24.442875
28.143788	-24.445438
28.153768	-24.448001
28.163747	-24.450566
28.173727	-24.453132
28.183707	-24.455698
28.193687	-24.458266
28.203667	-24.460835
28.213647	-24.463406
28.223627	-24.465977
28.233607	-24.468549
28.243587	-24.471123
28.253567	-24.473697
28.263547	-24.476273
28.273527	-24.478849
28.283507	-24.481427
28.293487	-24.484006
28.303467	-24.486586
28.313447	-24.489167
28.323427	-24.491749
28.333407	-24.494332
28.343387	-24.496917
28.353367	-24.499502
28.363347	-24.502089
28.373327	-24.504676
28.383307	-24.507265
28.393287	-24.509855
28.403267	-24.512446
28.413247	-24.515038
28.423227	-24.517631
28.433207	-24.520225
28.443187	-24.52282
28.453167	-24.525416
28.463147	-24.528014
28.473127	-24.530612
28.483107	-24.533212
28.493087	-24.535812
28.503067	-24.538414
28.513047	-24.541017
28.523027	-24.543621
28.533007	-24.546226
28.542987	-24.548832
28.552967	-24.551439
28.562947	-24.554047
28.572927	-24.556657
28.582907	-24.559267
28.592887	-24.561879
28.602867	-24.564491
28.612847	-24.567105
28.622827	-24.56972
28.632807	-24.572335
28.642787	-24.574952
28.652767	-24.57757
28.662747	-24.580189
28.672727	-24.582809
28.682707	-24.585431
28.692687	-24.588053
28.702667	-24.590676
28.712647	-24.593301
28.722627	-24.595926
28.732607	-24.598553
28.742587	-24.60118
28.752567	-24.603809
28.762547	-24.606439
28.772527	-24.60907
28.782507	-24.611702
28.792487	-24.614335
28.802467	-24.616969
28.812447	-24.619604
28.822427	-24.622241
28.832407	-24.624878
28.842387	-24.627516
28.852367	-24.630156
28.862347	-24.632796
28.872327	-24.635438
28.882307	-24.638081
28.892287	-24.640724
28.902267	-24.643369
28.912247	-24.646015
28.922227	-24.648662
28.932207	-24.65131
28.942187	-24.653959
28.952167	-24.65661
28.962147	-24.659261
28.972127	-24.661913
28.982107	-24.664567
28.992087	-24.667221
29.002067	-24.669877
29.012047	-24.672533
29.022027	-24.675191
29.032007	-24.67785
29.041987	-24.680509
29.051967	-24.68317
29.061947	-24.685832
29.071927	-24.688495
29.081907	-24.691159
29.091887	-24.693824
29.101867	-24.696491
29.111847	-24.699158
29.121827	-24.701826
29.131807	-24.704495
29.141787	-24.707166
29.151767	-24.709837
29.161747	-24.71251
29.171727	-24.715184
29.181707	-24.717858
29.191687	-24.720534
29.201667	-24.723211
29.211647	-24.725889
29.221627	-24.728568
29.231607	-24.731248
29.241587	-24.733929
29.251567	-24.736611
29.261547	-24.739294
29.271527	-24.741978
29.281507	-24.744663
29.291487	-24.74735
29.301467	-24.750037
29.311447	-24.752725
29.321427	-24.755415
29.331407	-24.758105
29.341387	-24.760797
29.351367	-24.76349
29.361347	-24.766183
29.371327	-24.768878
29.381307	-24.771574
29.391287	-24.774271
29.401267	-24.776969
29.411247	-24.779667
29.421227	-24.782367
29.431207	-24.785069
29.441187	-24.787771
29.451167	-24.790474
29.461147	-24.793178
29.471127	-24.795883
29.481107	-24.79859
29.491087	-24.801297
29.501067	-24.804005
29.511047	-24.806715
29.521027	-24.809425
29.531007	-24.812137
29.540987	-24.814849
29.550967	-24.817563
29.560947	-24.820278
29.570927	-24.822993
29.580907	-24.82571
29.590887	-24.828428
29.600867	-24.831147
29.610847	-24.833867
29.620827	-24.836588
29.630807	-24.83931
29.640787	-24.842033
29.650767	-24.844757
29.660747	-24.847482
29.670727	-24.850208
29.680707	-24.852935
29.690687	-24.855663
29.700667	-24.858393
29.710647	-24.861123
29.720627	-24.863854
29.730607	-24.866587
29.740587	-24.86932
29.750567	-24.872054
29.760547	-24.87479
29.770527	-24.877526
29.780507	-24.880264
29.790487	-24.883003
29.800467	-24.885742
29.810447	-24.888483
29.820427	-24.891225
29.830407	-24.893967
29.840387	-24.896711
29.850367	-24.899456
29.860347	-24.902202
29.870327	-24.904949
29.880307	-24.907696
29.890287	-24.910445
29.900267	-24.913195
29.910247	-24.915946
29.920227	-24.918698
29.930207	-24.921451
29.940187	-24.924205
29.950167	-24.926961
29.960147	-24.929717
29.970127	-24.932474
29.980107	-24.935232
29.990087	-24.937991
30.000067	-24.940751
30.010047	-24.943513
30.020027	-24.946275
30.030007	-24.949038
30.039987	-24.951803
30.049967	-24.954568
30.059947	-24.957334
30.069927	-24.960102
30.079907	-24.96287
30.089887	-24.96564
30.099867	-24.96841
30.109847	-24.971182
30.119827	-24.973954
30.129807	-24.976728
30.139787	-24.979502
30.149767	-24.982278
30.159747	-24.985055
30.169727	-24.987832
30.179707	-24.990611
30.189687	-24.993391
30.199667	-24.996171
30.209647	-24.998953
30.219627	-25.001736
30.229607	-25.004519
30.239587	-25.007304
30.249567	-25.01009
30.259547	-25.012877
30.269527	-25.015664
30.279507	-25.018453
30.289487	-25.021243
30.299467	-25.024034
30.309447	-25.026826
30.319427	-25.029619
30.329407	-25.032412
30.339387	-25.035207
30.349367	-25.038003
30.359347	-25.0408
30.369327	-25.043598
30.379307	-25.046397
30.389287	-25.049197
30.399267	-25.051998
30.409246	-25.0548
30.419226	-25.057603
30.429206	-25.060407
30.439186	-25.063212
30.449166	-25.066018
30.459146	-25.068825
30.469126	-25.071633
30.479106	-25.074442
30.489086	-25.077252
30.499066	-25.080062
30.509046	-25.082874
30.519026	-25.085688
30.529006	-25.088502
30.538986	-25.091317
30.548966	-25.094133
30.558946	-25.09695
30.568926	-25.099768
30.578906	-25.102587
30.588886	-25.105407
30.598866	-25.108228
30.608846	-25.11105
30.618826	-25.113873
30.628806	-25.116697
30.638786	-25.119522
30.648766	-25.122348
30.658746	-25.125175
30.668726	-25.128003
30.678706	-25.130832
30.688686	-25.133662
30.698666	-25.136493
30.708646	-25.139325
30.718626	-25.142157
30.728606	-25.144991
30.738586	-25.147826
30.748566	-25.150662
30.758546	-25.153499
30.768526	-25.156337
30.778506	-25.159176
30.788486	-25.162016
30.798466	-25.164857
30.808446	-25.167699
30.818426	-25.170542
30.828406	-25.173386
30.838386	-25.17623
30.848366	-25.179076
30.858346	-25.181923
30.868326	-25.184771
30.878306	-25.18762
30.888286	-25.190469
30.898266	-25.19332
30.908246	-25.196172
30.918226	-25.199025
30.928206	-25.201878
30.938186	-25.204733
30.948166	-25.207589
30.958146	-25.210445
30.968126	-25.213303
30.978106	-25.216162
30.988086	-25.219021
30.998066	-25.221882
31.008046	-25.224743
31.018026	-25.227606
31.028006	-25.23047
31.037986	-25.233334
31.047966	-25.2362
31.057946	-25.239066
31.067926	-25.241933
31.077906	-25.244802
31.087886	-25.247671
31.097866	-25.250542
31.107846	-25.253413
31.117826	-25.256285
31.127806	-25.259159
31.137786	-25.262033
31.147766	-25.264908
31.157746	-25.267784
31.167726	-25.270661
31.177706	-25.27354
31.187686	-25.276419
31.197666	-25.279299
31.207646	-25.28218
31.217626	-25.285062
31.227606	-25.287945
31.237586	-25.290829
31.247566	-25.293714
31.257546	-25.2966
31.267526	-25.299486
31.277506	-25.302374
31.287486	-25.305263
31.297466	-25.308153
31.307446	-25.311044
31.317426	-25.313935
31.327406	-25.316828
31.337386	-25.319722
31.347366	-25.322616
31.357346	-25.325512
31.367326	-25.328408
31.377306	-25.331306
31.387286	-25.334204
31.397266	-25.337103
31.407246	-25.340004
31.417226	-25.342905
31.427206	-25.345807
31.437186	-25.348711
31.447166	-25.351615
31.457146	-25.35452
31.467126	-25.357426
31.477106	-25.360333
31.487086	-25.363241
31.497066	-25.36615
31.507046	-25.36906
31.517026	-25.371971
31.527006	-25.374882
31.536986	-25.377795
31.546966	-25.380709
31.556946	-25.383624
31.566926	-25.386539
31.576906	-25.389456
31.586886	-25.392373
31.596866	-25.395292
31.606846	-25.398211
31.616826	-25.401132
31.626806	-25.404053
31.636786	-25.406975
31.646766	-25.409898
31.656746	-25.412823
31.666726	-25.415748
31.676706	-25.418674
31.686686	-25.421601
31.696666	-25.424529
31.706646	-25.427458
31.716626	-25.430387
31.726606	-25.433318
31.736586	-25.43625
31.746566	-25.439182
31.756546	-25.442116
31.766526	-25.445051
31.776506	-25.447986
31.786486	-25.450923
31.796466	-25.45386
31.806446	-25.456798
31.816426	-25.459737
31.826406	-25.462678
31.836386	-25.465619
31.846366	-25.468561
31.856346	-25.471504
31.866326	-25.474448
31.876306	-25.477392
31.886286	-25.480338
31.896266	-25.483285
31.906246	-25.486233
31.916226	-25.489181
31.926206	-25.492131
31.936186	-25.495081
31.946166	-25.498033
31.956146	-25.500985
31.966126	-25.503938
31.976106	-25.506892
31.986086	-25.509847
31.996066	-25.512803
32.006046	-25.51576
32.016026	-25.518718
32.026006	-25.521677
32.035986	-25.524637
32.045966	-25.527597
32.055946	-25.530559
32.065926	-25.533521
32.075906	-25.536485
32.085886	-25.539449
32.095866	-25.542415
32.105846	-25.545381
32.115826	-25.548348
32.125806	-25.551316
32.135786	-25.554285
32.145766	-25.557255
32.155746	-25.560226
32.165726	-25.563197
32.175706	-25.56617
32.185686	-25.569143
32.195666	-25.572118
32.205646	-25.575093
32.215626	-25.57807
32.225606	-25.581047
32.235586	-25.584025
32.245566	-25.587004
32.255546	-25.589984
32.265526	-25.592965
32.275506	-25.595947
32.285486	-25.598929
32.295466	-25.601913
32.305446	-25.604898
32.315426	-25.607883
32.325406	-25.610869
32.335386	-25.613857
32.345366	-25.616845
32.355346	-25.619834
32.365326	-25.622824
32.375306	-25.625815
32.385286	-25.628807
32.395266	-25.631799
32.405246	-25.634793
32.415226	-25.637787
32.425206	-25.640783
32.435186	-25.643779
32.445166	-25.646776
32.455146	-25.649775
32.465126	-25.652774
32.475106	-25.655774
32.485086	-25.658774
32.495066	-25.661776
32.505046	-25.664779
32.515026	-25.667782
32.525006	-25.670787
32.534986	-25.673792
32.544966	-25.676798
32.554946	-25.679806
32.564926	-25.682814
32.574906	-25.685823
32.584886	-25.688832
32.594866	-25.691843
32.604846	-25.694855
32.614826	-25.697867
32.624806	-25.700881
32.634786	-25.703895
32.644766	-25.70691
32.654745	-25.709926
32.664725	-25.712943
32.674705	-25.715961
32.684685	-25.71898
32.694665	-25.721999
32.704645	-25.72502
32.714625	-25.728041
32.724605	-25.731064
32.734585	-25.734087
32.744565	-25.737111
32.754545	-25.740136
32.764525	-25.743162
32.774505	-25.746189
32.784485	-25.749216
32.794465	-25.752245
32.804445	-25.755274
32.814425	-25.758304
32.824405	-25.761336
32.834385	-25.764368
32.844365	-25.767401
32.854345	-25.770434
32.864325	-25.773469
32.874305	-25.776505
32.884285	-25.779541
32.894265	-25.782578
32.904245	-25.785617
32.914225	-25.788656
32.924205	-25.791696
32.934185	-25.794736
32.944165	-25.797778
32.954145	-25.800821
32.964125	-25.803864
32.974105	-25.806908
32.984085	-25.809954
32.994065	-25.813
33.004045	-25.816047
33.014025	-25.819094
33.024005	-25.822143
33.033985	-25.825193
33.043965	-25.828243
33.053945	-25.831294
33.063925	-25.834347
33.073905	-25.8374
33.083885	-25.840454
33.093865	-25.843508
33.103845	-25.846564
33.113825	-25.84962
33.123805	-25.852678
33.133785	-25.855736
33.143765	-25.858795
33.153745	-25.861855
33.163725	-25.864916
33.173705	-25.867978
33.183685	-25.87104
33.193665	-25.874103
33.203645	-25.877168
33.213625	-25.880233
33.223605	-25.883299
33.233585	-25.886366
33.243565	-25.889433
33.253545	-25.892502
33.263525	-25.895571
33.273505	-25.898642
33.283485	-25.901713
33.293465	-25.904785
33.303445	-25.907857
33.313425	-25.910931
33.323405	-25.914006
33.333385	-25.917081
33.343365	-25.920157
33.353345	-25.923234
33.363325	-25.926312
33.373305	-25.929391
33.383285	-25.932471
33.393265	-25.935551
33.403245	-25.938633
33.413225	-25.941715
33.423205	-25.944798
33.433185	-25.947882
33.443165	-25.950966
33.453145	-25.954052
33.463125	-25.957138
33.473105	-25.960226
33.483085	-25.963314
33.493065	-25.966403
33.503045	-25.969493
33.513025	-25.972583
33.523005	-25.975675
33.532985	-25.978767
33.542965	-25.98186
33.552945	-25.984954
33.562925	-25.988049
33.572905	-25.991145
33.582885	-25.994241
33.592865	-25.997338
33.602845	-26.000437
33.612825	-26.003536
33.622805	-26.006636
33.632785	-26.009736
33.642765	-26.012838
33.652745	-26.01594
33.662725	-26.019043
33.672705	-26.022147
33.682685	-26.025252
33.692665	-26.028358
33.702645	-26.031464
33.712625	-26.034572
33.722605	-26.03768
33.732585	-26.040789
33.742565	-26.043899
33.752545	-26.047009
33.762525	-26.050121
33.772505	-26.053233
33.782485	-26.056346
33.792465	-26.05946
33.802445	-26.062575
33.812425	-26.065691
33.822405	-26.068807
33.832385	-26.071924
33.842365	-26.075042
33.852345	-26.078161
33.862325	-26.081281
33.872305	-26.084402
33.882285	-26.087523
33.892265	-26.090645
33.902245	-26.093768
33.912225	-26.096892
33.922205	-26.100017
33.932185	-26.103142
33.942165	-26.106268
33.952145	-26.109395
33.962125	-26.112523
33.972105	-26.115652
33.982085	-26.118782
33.992065	-26.121912
34.002045	-26.125043
34.012025	-26.128175
34.022005	-26.131308
34.031985	-26.134441
34.041965	-26.137576
34.051945	-26.140711
34.061925	-26.143847
34.071905	-26.146984
34.081885	-26.150121
34.091865	-26.15326
34.101845	-26.156399
34.111825	-26.159539
34.121805	-26.16268
34.131785	-26.165822
34.141765	-26.168964
34.151745	-26.172107
34.161725	-26.175251
34.171705	-26.178396
34.181685	-26.181542
34.191665	-26.184688
34.201645	-26.187836
34.211625	-26.190984
34.221605	-26.194133
34.231585	-26.197282
34.241565	-26.200433
34.251545	-26.203584
34.261525	-26.206736
34.271505	-26.209889
34.281485	-26.213043
34.291465	-26.216197
34.301445	-26.219352
34.311425	-26.222508
34.321405	-26.225665
34.331385	-26.228823
34.341365	-26.231981
34.351345	-26.23514
34.361325	-26.2383
34.371305	-26.241461
34.381285	-26.244623
34.391265	-26.247785
34.401245	-26.250948
34.411225	-26.254112
34.421205	-26.257277
34.431185	-26.260442
34.441165	-26.263609
34.451145	-26.266776
34.461125	-26.269944
34.471105	-26.273112
34.481085	-26.276282
34.491065	-26.279452
34.501045	-26.282623
34.511025	-26.285795
34.521005	-26.288967
34.530985	-26.292141
34.540965	-26.295315
34.550945	-26.29849
34.560925	-26.301665
34.570905	-26.304842
34.580885	-26.308019
34.590865	-26.311197
34.600845	-26.314376
34.610825	-26.317555
34.620805	-26.320736
34.630785	-26.323917
34.640765	-26.327099
34.650745	-26.330281
34.660725	-26.333465
34.670705	-26.336649
34.680685	-26.339834
34.690665	-26.34302
34.700645	-26.346206
34.710625	-26.349393
34.720605	-26.352581
34.730585	-26.35577
34.740565	-26.35896
34.750545	-26.36215
34.760525	-26.365341
34.770505	-26.368533
34.780485	-26.371726
34.790465	-26.374919
34.800445	-26.378113
34.810425	-26.381308
34.820405	-26.384504
34.830385	-26.3877
34.840365	-26.390897
34.850345	-26.394095
34.860325	-26.397294
34.870305	-26.400494
34.880285	-26.403694
34.890265	-26.406895
34.900244	-26.410096
34.910224	-26.413299
34.920204	-26.416502
34.930184	-26.419706
34.940164	-26.422911
34.950144	-26.426117
34.960124	-26.429323
34.970104	-26.43253
34.980084	-26.435738
34.990064	-26.438946
35.000044	-26.442155
35.010024	-26.445365
35.020004	-26.448576
35.029984	-26.451788
35.039964	-26.455
35.049944	-26.458213
35.059924	-26.461427
35.069904	-26.464641
35.079884	-26.467857
35.089864	-26.471073
35.099844	-26.474289
35.109824	-26.477507
35.119804	-26.480725
35.129784	-26.483944
35.139764	-26.487164
35.149744	-26.490384
35.159724	-26.493606
35.169704	-26.496827
35.179684	-26.50005
35.189664	-26.503274
35.199644	-26.506498
35.209624	-26.509723
35.219604	-26.512948
35.229584	-26.516175
35.239564	-26.519402
35.249544	-26.52263
35.259524	-26.525858
35.269504	-26.529087
35.279484	-26.532317
35.289464	-26.535548
35.299444	-26.53878
35.309424	-26.542012
35.319404	-26.545245
35.329384	-26.548479
35.339364	-26.551713
35.349344	-26.554948
35.359324	-26.558184
35.369304	-26.561421
35.379284	-26.564658
35.389264	-26.567896
35.399244	-26.571135
35.409224	-26.574374
35.419204	-26.577615
35.429184	-26.580856
35.439164	-26.584097
35.449144	-26.58734
35.459124	-26.590583
35.469104	-26.593827
35.479084	-26.597071
35.489064	-26.600316
35.499044	-26.603562
35.509024	-26.606809
35.519004	-26.610057
35.528984	-26.613305
35.538964	-26.616554
35.548944	-26.619803
35.558924	-26.623053
35.568904	-26.626304
35.578884	-26.629556
35.588864	-26.632809
35.598844	-26.636062
35.608824	-26.639316
35.618804	-26.64257
35.628784	-26.645825
35.638764	-26.649081
35.648744	-26.652338
35.658724	-26.655596
35.668704	-26.658854
35.678684	-26.662113
35.688664	-26.665372
35.698644	-26.668632
35.708624	-26.671893
35.718604	-26.675155
35.728584	-26.678417
35.738564	-26.68168
35.748544	-26.684944
35.758524	-26.688209
35.768504	-26.691474
35.778484	-26.69474
35.788464	-26.698006
35.798444	-26.701273
35.808424	-26.704541
35.818404	-26.70781
35.828384	-26.711079
35.838364	-26.714349
35.848344	-26.71762
35.858324	-26.720892
35.868304	-26.724164
35.878284	-26.727437
35.888264	-26.73071
35.898244	-26.733984
35.908224	-26.737259
35.918204	-26.740535
35.928184	-26.743811
35.938164	-26.747088
35.948144	-26.750366
35.958124	-26.753644
35.968104	-26.756923
35.978084	-26.760203
35.988064	-26.763483
35.998044	-26.766765
36.008024	-26.770046
36.018004	-26.773329
36.027984	-26.776612
36.037964	-26.779896
36.047944	-26.78318
36.057924	-26.786466
36.067904	-26.789752
36.077884	-26.793038
36.087864	-26.796325
36.097844	-26.799613
36.107824	-26.802902
36.117804	-26.806191
36.127784	-26.809481
36.137764	-26.812772
36.147744	-26.816063
36.157724	-26.819355
36.167704	-26.822648
36.177684	-26.825941
36.187664	-26.829235
36.197644	-26.83253
36.207624	-26.835826
36.217604	-26.839122
36.227584	-26.842418
36.237564	-26.845716
36.247544	-26.849014
36.257524	-26.852313
36.267504	-26.855612
36.277484	-26.858912
36.287464	-26.862213
36.297444	-26.865514
36.307424	-26.868816
36.317404	-26.872119
36.327384	-26.875423
36.337364	-26.878727
36.347344	-26.882031
36.357324	-26.885337
36.367304	-26.888643
36.377284	-26.89195
36.387264	-26.895257
36.397244	-26.898565
36.407224	-26.901874
36.417204	-26.905183
36.427184	-26.908493
36.437164	-26.911804
36.447144	-26.915115
36.457124	-26.918427
36.467104	-26.92174
36.477084	-26.925053
36.487064	-26.928367
36.497044	-26.931682
36.507024	-26.934997
36.517004	-26.938313
36.526984	-26.94163
36.536964	-26.944947
36.546944	-26.948265
36.556924	-26.951583
36.566904	-26.954903
36.576884	-26.958222
36.586864	-26.961543
36.596844	-26.964864
36.606824	-26.968186
36.616804	-26.971508
36.626784	-26.974831
36.636764	-26.978155
36.646744	-26.98148
36.656724	-26.984805
36.666704	-26.98813
36.676684	-26.991457
36.686664	-26.994784
36.696644	-26.998111
36.706624	-27.001439
36.716604	-27.004768
36.726584	-27.008098
36.736564	-27.011428
36.746544	-27.014759
36.756524	-27.01809
36.766504	-27.021422
36.776484	-27.024755
36.786464	-27.028088
36.796444	-27.031422
36.806424	-27.034757
36.816404	-27.038092
36.826384	-27.041428
36.836364	-27.044764
36.846344	-27.048102
36.856324	-27.051439
36.866304	-27.054778
36.876284	-27.058117
36.886264	-27.061456
36.896244	-27.064797
36.906224	-27.068138
36.916204	-27.071479
36.926184	-27.074821
36.936164	-27.078164
36.946144	-27.081508
36.956124	-27.084852
36.966104	-27.088196
36.976084	-27.091542
36.986064	-27.094887
36.996044	-27.098234
37.006024	-27.101581
37.016004	-27.104929
37.025984	-27.108277
37.035964	-27.111626
37.045944	-27.114976
37.055924	-27.118326
37.065904	-27.121677
37.075884	-27.125029
37.085864	-27.128381
37.095844	-27.131733
37.105824	-27.135087
37.115804	-27.138441
37.125784	-27.141795
37.135764	-27.145151
37.145743	-27.148506
37.155723	-27.151863
37.165703	-27.15522
37.175683	-27.158577
37.185663	-27.161936
37.195643	-27.165294
37.205623	-27.168654
37.215603	-27.172014
37.225583	-27.175375
37.235563	-27.178736
37.245543	-27.182098
37.255523	-27.18546
37.265503	-27.188823
37.275483	-27.192187
37.285463	-27.195551
37.295443	-27.198916
37.305423	-27.202282
37.315403	-27.205648
37.325383	-27.209015
37.335363	-27.212382
37.345343	-27.21575
37.355323	-27.219118
37.365303	-27.222487
37.375283	-27.225857
37.385263	-27.229228
37.395243	-27.232598
37.405223	-27.23597
37.415203	-27.239342
37.425183	-27.242715
37.435163	-27.246088
37.445143	-27.249462
37.455123	-27.252836
37.465103	-27.256211
37.475083	-27.259587
37.485063	-27.262963
37.495043	-27.26634
37.505023	-27.269717
37.515003	-27.273095
37.524983	-27.276474
37.534963	-27.279853
37.544943	-27.283233
37.554923	-27.286613
37.564903	-27.289994
37.574883	-27.293376
37.584863	-27.296758
37.594843	-27.300141
37.604823	-27.303524
37.614803	-27.306908
37.624783	-27.310292
37.634763	-27.313677
37.644743	-27.317063
37.654723	-27.320449
37.664703	-27.323836
37.674683	-27.327223
37.684663	-27.330611
37.694643	-27.333999
37.704623	-27.337388
37.714603	-27.340778
37.724583	-27.344168
37.734563	-27.347559
37.744543	-27.35095
37.754523	-27.354342
37.764503	-27.357735
37.774483	-27.361128
37.784463	-27.364522
37.794443	-27.367916
37.804423	-27.371311
37.814403	-27.374706
37.824383	-27.378102
37.834363	-27.381498
37.844343	-27.384896
37.854323	-27.388293
37.864303	-27.391691
37.874283	-27.39509
37.884263	-27.398489
37.894243	-27.401889
37.904223	-27.40529
37.914203	-27.408691
37.924183	-27.412092
37.934163	-27.415495
37.944143	-27.418897
37.954123	-27.4223
37.964103	-27.425704
37.974083	-27.429109
37.984063	-27.432514
37.994043	-27.435919
38.004023	-27.439325
38.014003	-27.442732
38.023983	-27.446139
38.033963	-27.449547
38.043943	-27.452955
38.053923	-27.456364
38.063903	-27.459773
38.073883	-27.463183
38.083863	-27.466594
38.093843	-27.470005
38.103823	-27.473416
38.113803	-27.476828
38.123783	-27.480241
38.133763	-27.483654
38.143743	-27.487068
38.153723	-27.490482
38.163703	-27.493897
38.173683	-27.497313
38.183663	-27.500729
38.193643	-27.504145
38.203623	-27.507562
38.213603	-27.51098
38.223583	-27.514398
38.233563	-27.517817
38.243543	-27.521236
38.253523	-27.524656
38.263503	-27.528076
38.273483	-27.531497
38.283463	-27.534918
38.293443	-27.53834
38.303423	-27.541762
38.313403	-27.545185
38.323383	-27.548609
38.333363	-27.552033
38.343343	-27.555458
38.353323	-27.558883
38.363303	-27.562308
38.373283	-27.565735
38.383263	-27.569161
38.393243	-27.572589
38.403223	-27.576017
38.413203	-27.579445
38.423183	-27.582874
38.433163	-27.586303
38.443143	-27.589733
38.453123	-27.593163
38.463103	-27.596594
38.473083	-27.600026
38.483063	-27.603458
38.493043	-27.606891
38.503023	-27.610324
38.513003	-27.613757
38.522983	-27.617191
38.532963	-27.620626
38.542943	-27.624061
38.552923	-27.627497
38.562903	-27.630933
38.572883	-27.63437
38.582863	-27.637807
38.592843	-27.641245
38.602823	-27.644683
38.612803	-27.648122
38.622783	-27.651561
38.632763	-27.655001
38.642743	-27.658441
38.652723	-27.661882
38.662703	-27.665324
38.672683	-27.668766
38.682663	-27.672208
38.692643	-27.675651
38.702623	-27.679094
38.712603	-27.682538
38.722583	-27.685983
38.732563	-27.689428
38.742543	-27.692873
38.752523	-27.696319
38.762503	-27.699766
38.772483	-27.703213
38.782463	-27.70666
38.792443	-27.710108
38.802423	-27.713557
38.812403	-27.717006
38.822383	-27.720455
38.832363	-27.723905
38.842343	-27.727356
38.852323	-27.730807
38.862303	-27.734258
38.872283	-27.737711
38.882263	-27.741163
38.892243	-27.744616
38.902223	-27.74807
38.912203	-27.751524
38.922183	-27.754978
38.932163	-27.758433
38.942143	-27.761889
38.952123	-27.765345
38.962103	-27.768801
38.972083	-27.772258
38.982063	-27.775716
38.992043	-27.779174
39.002023	-27.782632
39.012003	-27.786091
39.021983	-27.789551
39.031963	-27.793011
39.041943	-27.796471
39.051923	-27.799932
39.061903	-27.803394
39.071883	-27.806856
39.081863	-27.810318
39.091843	-27.813781
39.101823	-27.817244
39.111803	-27.820708
39.121783	-27.824173
39.131763	-27.827638
39.141743	-27.831103
39.151723	-27.834569
39.161703	-27.838035
39.171683	-27.841502
39.181663	-27.844969
39.191643	-27.848437
39.201623	-27.851905
39.211603	-27.855374
39.221583	-27.858843
39.231563	-27.862313
39.241543	-27.865783
39.251523	-27.869253
39.261503	-27.872724
39.271483	-27.876196
39.281463	-27.879668
39.291443	-27.883141
39.301423	-27.886614
39.311403	-27.890087
39.321383	-27.893561
39.331363	-27.897035
39.341343	-27.90051
39.351323	-27.903986
39.361303	-27.907461
39.371283	-27.910938
39.381263	-27.914414
39.391242	-27.917892
39.401222	-27.921369
39.411202	-27.924848
39.421182	-27.928326
39.431162	-27.931805
39.441142	-27.935285
39.451122	-27.938765
39.461102	-27.942245
39.471082	-27.945726
39.481062	-27.949208
39.491042	-27.95269
39.501022	-27.956172
39.511002	-27.959655
39.520982	-27.963138
39.530962	-27.966622
39.540942	-27.970106
39.550922	-27.973591
39.560902	-27.977076
39.570882	-27.980561
39.580862	-27.984047
39.590842	-27.987534
39.600822	-27.991021
39.610802	-27.994508
39.620782	-27.997996
39.630762	-28.001484
39.640742	-28.004973
39.650722	-28.008462
39.660702	-28.011952
39.670682	-28.015442
39.680662	-28.018932
39.690642	-28.022423
39.700622	-28.025915
39.710602	-28.029406
39.720582	-28.032899
39.730562	-28.036392
39.740542	-28.039885
39.750522	-28.043378
39.760502	-28.046873
39.770482	-28.050367
39.780462	-28.053862
39.790442	-28.057358
39.800422	-28.060853
39.810402	-28.06435
39.820382	-28.067847
39.830362	-28.071344
39.840342	-28.074841
39.850322	-28.078339
39.860302	-28.081838
39.870282	-28.085337
39.880262	-28.088836
39.890242	-28.092336
39.900222	-28.095837
39.910202	-28.099337
39.920182	-28.102838
39.930162	-28.10634
39.940142	-28.109842
39.950122	-28.113344
39.960102	-28.116847
39.970082	-28.120351
39.980062	-28.123854
39.990042	-28.127358
40.000022	-28.130863
40.010002	-28.134368
40.019982	-28.137874
40.029962	-28.141379
40.039942	-28.144886
40.049922	-28.148393
40.059902	-28.1519
40.069882	-28.155407
40.079862	-28.158915
40.089842	-28.162424
40.099822	-28.165933
40.109802	-28.169442
40.119782	-28.172952
40.129762	-28.176462
40.139742	-28.179972
40.149722	-28.183483
40.159702	-28.186995
40.169682	-28.190507
40.179662	-28.194019
40.189642	-28.197531
40.199622	-28.201044
40.209602	-28.204558
40.219582	-28.208072
40.229562	-28.211586
40.239542	-28.215101
40.249522	-28.218616
40.259502	-28.222132
40.269482	-28.225648
40.279462	-28.229164
40.289442	-28.232681
40.299422	-28.236198
40.309402	-28.239716
40.319382	-28.243234
40.329362	-28.246752
40.339342	-28.250271
40.349322	-28.25379
40.359302	-28.25731
40.369282	-28.26083
40.379262	-28.26435
40.389242	-28.267871
40.399222	-28.271393
40.409202	-28.274914
40.419182	-28.278436
40.429162	-28.281959
40.439142	-28.285482
40.449122	-28.289005
40.459102	-28.292529
40.469082	-28.296053
40.479062	-28.299578
40.489042	-28.303102
40.499022	-28.306628
40.509002	-28.310153
40.518982	-28.31368
40.528962	-28.317206
40.538942	-28.320733
40.548922	-28.32426
40.558902	-28.327788
40.568882	-28.331316
40.578862	-28.334845
40.588842	-28.338373
40.598822	-28.341903
40.608802	-28.345432
40.618782	-28.348962
40.628762	-28.352493
40.638742	-28.356024
40.648722	-28.359555
40.658702	-28.363087
40.668682	-28.366619
40.678662	-28.370151
40.688642	-28.373684
40.698622	-28.377217
40.708602	-28.38075
40.718582	-28.384284
40.728562	-28.387819
40.738542	-28.391353
40.748522	-28.394889
40.758502	-28.398424
40.768482	-28.40196
40.778462	-28.405496
40.788442	-28.409033
40.798422	-28.41257
40.808402	-28.416107
40.818382	-28.419645
40.828362	-28.423183
40.838342	-28.426722
40.848322	-28.43026
40.858302	-28.4338
40.868282	-28.437339
40.878262	-28.440879
40.888242	-28.44442
40.898222	-28.447961
40.908202	-28.451502
40.918182	-28.455043
40.928162	-28.458585
40.938142	-28.462127
40.948122	-28.46567
40.958102	-28.469213
40.968082	-28.472756
40.978062	-28.4763
40.988042	-28.479844
40.998022	-28.483389
41.008002	-28.486934
41.017982	-28.490479
41.027962	-28.494025
41.037942	-28.497571
41.047922	-28.501117
41.057902	-28.504664
41.067882	-28.508211
41.077862	-28.511758
41.087842	-28.515306
41.097822	-28.518854
41.107802	-28.522402
41.117782	-28.525951
41.127762	-28.529501
41.137742	-28.53305
41.147722	-28.5366
41.157702	-28.54015
41.167682	-28.543701
41.177662	-28.547252
41.187642	-28.550804
41.197622	-28.554355
41.207602	-28.557907
41.217582	-28.56146
41.227562	-28.565013
41.237542	-28.568566
41.247522	-28.572119
41.257502	-28.575673
41.267482	-28.579227
41.277462	-28.582782
41.287442	-28.586337
41.297422	-28.589892
41.307402	-28.593448
41.317382	-28.597004
41.327362	-28.60056
41.337342	-28.604117
41.347322	-28.607674
41.357302	-28.611231
41.367282	-28.614789
41.377262	-28.618347
41.387242	-28.621905
41.397222	-28.625464
41.407202	-28.629023
41.417182	-28.632583
41.427162	-28.636142
41.437142	-28.639703
41.447122	-28.643263
41.457102	-28.646824
41.467082	-28.650385
41.477062	-28.653947
41.487042	-28.657508
41.497022	-28.661071
41.507002	-28.664633
41.516982	-28.668196
41.526962	-28.671759
41.536942	-28.675323
41.546922	-28.678886
41.556902	-28.682451
41.566882	-28.686015
41.576862	-28.68958
41.586842	-28.693145
41.596822	-28.696711
41.606802	-28.700277
41.616782	-28.703843
41.626762	-28.707409
41.636741	-28.710976
41.646721	-28.714543
41.656701	-28.718111
41.666681	-28.721679
41.676661	-28.725247
41.686641	-28.728815
41.696621	-28.732384
41.706601	-28.735953
41.716581	-28.739523
41.726561	-28.743093
41.736541	-28.746663
41.746521	-28.750233
41.756501	-28.753804
41.766481	-28.757375
41.776461	-28.760947
41.786441	-28.764518
41.796421	-28.76809
41.806401	-28.771663
41.816381	-28.775235
41.826361	-28.778808
41.836341	-28.782382
41.846321	-28.785955
41.856301	-28.789529
41.866281	-28.793104
41.876261	-28.796678
41.886241	-28.800253
41.896221	-28.803829
41.906201	-28.807404
41.916181	-28.81098
41.926161	-28.814556
41.936141	-28.818133
41.946121	-28.821709
41.956101	-28.825287
41.966081	-28.828864
41.976061	-28.832442
41.986041	-28.83602
41.996021	-28.839598
42.006001	-28.843177
42.015981	-28.846756
42.025961	-28.850335
42.035941	-28.853915
42.045921	-28.857495
42.055901	-28.861075
42.065881	-28.864655
42.075861	-28.868236
42.085841	-28.871817
42.095821	-28.875399
42.105801	-28.87898
42.115781	-28.882563
42.125761	-28.886145
42.135741	-28.889728
42.145721	-28.89331
42.155701	-28.896894
42.165681	-28.900477
42.175661	-28.904061
42.185641	-28.907645
42.195621	-28.91123
42.205601	-28.914814
42.215581	-28.918399
42.225561	-28.921985
42.235541	-28.92557
42.245521	-28.929156
42.255501	-28.932743
42.265481	-28.936329
42.275461	-28.939916
42.285441	-28.943503
42.295421	-28.94709
42.305401	-28.950678
42.315381	-28.954266
42.325361	-28.957854
42.335341	-28.961443
42.345321	-28.965032
42.355301	-28.968621
42.365281	-28.97221
42.375261	-28.9758
42.385241	-28.97939
42.395221	-28.98298
42.405201	-28.986571
42.415181	-28.990162
42.425161	-28.993753
42.435141	-28.997344
42.445121	-29.000936
42.455101	-29.004528
42.465081	-29.00812
42.475061	-29.011713
42.485041	-29.015305
42.495021	-29.018899
42.505001	-29.022492
42.514981	-29.026086
42.524961	-29.02968
42.534941	-29.033274
42.544921	-29.036868
42.554901	-29.040463
42.564881	-29.044058
42.574861	-29.047654
42.584841	-29.051249
42.594821	-29.054845
42.604801	-29.058441
42.614781	-29.062038
42.624761	-29.065634
42.634741	-29.069231
42.644721	-29.072829
42.654701	-29.076426
42.664681	-29.080024
42.674661	-29.083622
42.684641	-29.08722
42.694621	-29.090819
42.704601	-29.094418
42.714581	-29.098017
42.724561	-29.101617
42.734541	-29.105216
42.744521	-29.108816
42.754501	-29.112416
42.764481	-29.116017
42.774461	-29.119618
42.784441	-29.123219
42.794421	-29.12682
42.804401	-29.130421
42.814381	-29.134023
42.824361	-29.137625
42.834341	-29.141228
42.844321	-29.14483
42.854301	-29.148433
42.864281	-29.152036
42.874261	-29.15564
42.884241	-29.159243
42.894221	-29.162847
42.904201	-29.166451
42.914181	-29.170056
42.924161	-29.17366
42.934141	-29.177265
42.944121	-29.18087
42.954101	-29.184476
42.964081	-29.188082
42.974061	-29.191687
42.984041	-29.195294
42.994021	-29.1989
43.004001	-29.202507
43.013981	-29.206114
43.023961	-29.209721
43.033941	-29.213328
43.043921	-29.216936
43.053901	-29.220544
43.063881	-29.224152
43.073861	-29.227761
43.083841	-29.231369
43.093821	-29.234978
43.103801	-29.238588
43.113781	-29.242197
43.123761	-29.245807
43.133741	-29.249417
43.143721	-29.253027
43.153701	-29.256637
43.163681	-29.260248
43.173661	-29.263859
43.183641	-29.26747
43.193621	-29.271081
43.203601	-29.274693
43.213581	-29.278305
43.223561	-29.281917
43.233541	-29.285529
43.243521	-29.289142
43.253501	-29.292755
43.263481	-29.296368
43.273461	-29.299981
43.283441	-29.303595
43.293421	-29.307208
43.303401	-29.310822
43.313381	-29.314437
43.323361	-29.318051
43.333341	-29.321666
43.343321	-29.325281
43.353301	-29.328896
43.363281	-29.332511
43.373261	-29.336127
43.383241	-29.339743
43.393221	-29.343359
43.403201	-29.346975
43.413181	-29.350592
43.423161	-29.354209
43.433141	-29.357826
43.443121	-29.361443
43.453101	-29.36506
43.463081	-29.368678
43.473061	-29.372296
43.483041	-29.375914
43.493021	-29.379533
43.503001	-29.383151
43.512981	-29.38677
43.522961	-29.390389
43.532941	-29.394008
43.542921	-29.397628
43.552901	-29.401248
43.562881	-29.404868
43.572861	-29.408488
43.582841	-29.412108
43.592821	-29.415729
43.602801	-29.41935
43.612781	-29.422971
43.622761	-29.426592
43.632741	-29.430213
43.642721	-29.433835
43.652701	-29.437457
43.662681	-29.441079
43.672661	-29.444702
43.682641	-29.448324
43.692621	-29.451947
43.702601	-29.45557
43.712581	-29.459193
43.722561	-29.462817
43.732541	-29.46644
43.742521	-29.470064
43.752501	-29.473688
43.762481	-29.477312
43.772461	-29.480937
43.782441	-29.484562
43.792421	-29.488186
43.802401	-29.491812
43.812381	-29.495437
43.822361	-29.499062
43.832341	-29.502688
43.842321	-29.506314
43.852301	-29.50994
43.862281	-29.513567
43.872261	-29.517193
43.88224	-29.52082
43.89222	-29.524447
43.9022	-29.528074
43.91218	-29.531701
43.92216	-29.535329
43.93214	-29.538957
43.94212	-29.542585
43.9521	-29.546213
43.96208	-29.549841
43.97206	-29.55347
43.98204	-29.557099
43.99202	-29.560728
44.002	-29.564357
44.01198	-29.567986
44.02196	-29.571616
44.03194	-29.575246
44.04192	-29.578875
44.0519	-29.582506
44.06188	-29.586136
44.07186	-29.589767
44.08184	-29.593397
44.09182	-29.597028
44.1018	-29.600659
44.11178	-29.604291
44.12176	-29.607922
44.13174	-29.611554
44.14172	-29.615186
44.1517	-29.618818
44.16168	-29.62245
44.17166	-29.626083
44.18164	-29.629715
44.19162	-29.633348
44.2016	-29.636981
44.21158	-29.640614
44.22156	-29.644248
44.23154	-29.647881
44.24152	-29.651515
44.2515	-29.655149
44.26148	-29.658783
44.27146	-29.662418
44.28144	-29.666052
44.29142	-29.669687
44.3014	-29.673322
44.31138	-29.676957
44.32136	-29.680592
44.33134	-29.684227
44.34132	-29.687863
44.3513	-29.691499
44.36128	-29.695135
44.37126	-29.698771
44.38124	-29.702407
44.39122	-29.706044
44.4012	-29.70968
44.41118	-29.713317
44.42116	-29.716954
44.43114	-29.720591
44.44112	-29.724229
44.4511	-29.727866
44.46108	-29.731504
44.47106	-29.735142
44.48104	-29.73878
44.49102	-29.742418
44.501	-29.746057
44.51098	-29.749695
44.52096	-29.753334
44.53094	-29.756973
44.54092	-29.760612
44.5509	-29.764251
44.56088	-29.767891
44.57086	-29.77153
44.58084	-29.77517
44.59082	-29.77881
44.6008	-29.78245
44.61078	-29.786091
44.62076	-29.789731
44.63074	-29.793372
44.64072	-29.797012
44.6507	-29.800653
44.66068	-29.804294
44.67066	-29.807936
44.68064	-29.811577
44.69062	-29.815219
44.7006	-29.818861
44.71058	-29.822502
44.72056	-29.826145
44.73054	-29.829787
44.74052	-29.833429
44.7505	-29.837072
44.76048	-29.840714
44.77046	-29.844357
44.78044	-29.848
44.79042	-29.851644
44.8004	-29.855287
44.81038	-29.85893
44.82036	-29.862574
44.83034	-29.866218
44.84032	-29.869862
44.8503	-29.873506
44.86028	-29.87715
44.87026	-29.880795
44.88024	-29.884439
44.89022	-29.888084
44.9002	-29.891729
44.91018	-29.895374
44.92016	-29.899019
44.93014	-29.902664
44.94012	-29.90631
44.9501	-29.909956
44.96008	-29.913601
44.97006	-29.917247
44.98004	-29.920893
44.99002	-29.92454
45	-29.928186
