Freq_GHz	Model_dBm
0.1	-16.020676
0.10998	-16.020692
0.11995999	-16.020709
0.12993999	-16.020728
0.13991998	-16.020748
0.14989998	-16.02077
0.15987997	-16.020793
0.16985997	-16.020818
0.17983996	-16.020845
0.18981996	-16.020873
0.19979996	-16.020902
0.20977995	-16.020933
0.21975995	-16.020966
0.22973994	-16.021
0.23971994	-16.021035
0.24969993	-16.021072
0.25967993	-16.021111
0.26965992	-16.021151
0.27963992	-16.021192
0.28961992	-16.021235
0.29959991	-16.02128
0.30957991	-16.021326
0.3195599	-16.021373
0.3295399	-16.021422
0.33951989	-16.021473
0.34949989	-16.021525
0.35947988	-16.021579
0.36945988	-16.021634
0.37943988	-16.02169
0.38941987	-16.021748
0.39939987	-16.021808
0.40937986	-16.021869
0.41935986	-16.021932
0.42933985	-16.021996
0.43931985	-16.022062
0.44929984	-16.022129
0.45927984	-16.022198
0.46925984	-16.022268
0.47923983	-16.02234
0.48921983	-16.022413
0.49919982	-16.022487
0.50917982	-16.022564
0.51915981	-16.022641
0.52913981	-16.022721
0.5391198	-16.022802
0.5490998	-16.022884
0.5590798	-16.022968
0.56905979	-16.023053
0.57903979	-16.02314
0.58901978	-16.023228
0.59899978	-16.023318
0.60897977	-16.023409
0.61895977	-16.023502
0.62893976	-16.023596
0.63891976	-16.023692
0.64889976	-16.02379
0.65887975	-16.023889
0.66885975	-16.023989
0.67883974	-16.024091
0.68881974	-16.024194
0.69879973	-16.024299
0.70877973	-16.024406
0.71875972	-16.024514
0.72873972	-16.024623
0.73871972	-16.024734
0.74869971	-16.024847
0.75867971	-16.024961
0.7686597	-16.025076
0.7786397	-16.025193
0.78861969	-16.025312
0.79859969	-16.025432
0.80857968	-16.025554
0.81855968	-16.025677
0.82853968	-16.025801
0.83851967	-16.025927
0.84849967	-16.026055
0.85847966	-16.026184
0.86845966	-16.026315
0.87843965	-16.026447
0.88841965	-16.026581
0.89839964	-16.026716
0.90837964	-16.026853
0.91835964	-16.026991
0.92833963	-16.027131
0.93831963	-16.027272
0.94829962	-16.027415
0.95827962	-16.027559
0.96825961	-16.027705
0.97823961	-16.027852
0.9882196	-16.028001
0.9981996	-16.028151
1.0081796	-16.028303
1.0181596	-16.028457
1.0281396	-16.028611
1.0381196	-16.028768
1.0480996	-16.028926
1.0580796	-16.029085
1.0680596	-16.029246
1.0780396	-16.029409
1.0880196	-16.029573
1.0979996	-16.029738
1.1079796	-16.029905
1.1179595	-16.030074
1.1279395	-16.030244
1.1379195	-16.030415
1.1478995	-16.030588
1.1578795	-16.030763
1.1678595	-16.030939
1.1778395	-16.031117
1.1878195	-16.031296
1.1977995	-16.031477
1.2077795	-16.031659
1.2177595	-16.031843
1.2277395	-16.032028
1.2377195	-16.032215
1.2476995	-16.032403
1.2576795	-16.032593
1.2676595	-16.032784
1.2776395	-16.032977
1.2876195	-16.033171
1.2975995	-16.033367
1.3075795	-16.033564
1.3175595	-16.033763
1.3275395	-16.033964
1.3375194	-16.034166
1.3474994	-16.034369
1.3574794	-16.034574
1.3674594	-16.034781
1.3774394	-16.034989
1.3874194	-16.035198
1.3973994	-16.035409
1.4073794	-16.035622
1.4173594	-16.035836
1.4273394	-16.036052
1.4373194	-16.036269
1.4472994	-16.036487
1.4572794	-16.036708
1.4672594	-16.036929
1.4772394	-16.037153
1.4872194	-16.037377
1.4971994	-16.037604
1.5071794	-16.037832
1.5171594	-16.038061
1.5271394	-16.038292
1.5371194	-16.038524
1.5470994	-16.038758
1.5570794	-16.038993
1.5670593	-16.03923
1.5770393	-16.039469
1.5870193	-16.039709
1.5969993	-16.03995
1.6069793	-16.040194
1.6169593	-16.040438
1.6269393	-16.040684
1.6369193	-16.040932
1.6468993	-16.041181
1.6568793	-16.041432
1.6668593	-16.041684
1.6768393	-16.041938
1.6868193	-16.042193
1.6967993	-16.04245
1.7067793	-16.042708
1.7167593	-16.042968
1.7267393	-16.043229
1.7367193	-16.043492
1.7466993	-16.043757
1.7566793	-16.044023
1.7666593	-16.04429
1.7766393	-16.044559
1.7866192	-16.04483
1.7965992	-16.045102
1.8065792	-16.045375
1.8165592	-16.045651
1.8265392	-16.045927
1.8365192	-16.046206
1.8464992	-16.046485
1.8564792	-16.046767
1.8664592	-16.047049
1.8764392	-16.047334
1.8864192	-16.04762
1.8963992	-16.047907
1.9063792	-16.048196
1.9163592	-16.048486
1.9263392	-16.048778
1.9363192	-16.049072
1.9462992	-16.049367
1.9562792	-16.049663
1.9662592	-16.049962
1.9762392	-16.050261
1.9862192	-16.050562
1.9961992	-16.050865
2.0061792	-16.051169
2.0161591	-16.051475
2.0261391	-16.051783
2.0361191	-16.052091
2.0460991	-16.052402
2.0560791	-16.052714
2.0660591	-16.053027
2.0760391	-16.053342
2.0860191	-16.053659
2.0959991	-16.053977
2.1059791	-16.054297
2.1159591	-16.054618
2.1259391	-16.05494
2.1359191	-16.055265
2.1458991	-16.05559
2.1558791	-16.055918
2.1658591	-16.056247
2.1758391	-16.056577
2.1858191	-16.056909
2.1957991	-16.057242
2.2057791	-16.057577
2.2157591	-16.057914
2.2257391	-16.058252
2.235719	-16.058592
2.245699	-16.058933
2.255679	-16.059276
2.265659	-16.05962
2.275639	-16.059966
2.285619	-16.060313
2.295599	-16.060662
2.305579	-16.061012
2.315559	-16.061364
2.325539	-16.061718
2.335519	-16.062073
2.345499	-16.06243
2.355479	-16.062788
2.365459	-16.063147
2.375439	-16.063509
2.385419	-16.063871
2.395399	-16.064236
2.405379	-16.064602
2.415359	-16.064969
2.425339	-16.065338
2.435319	-16.065709
2.445299	-16.066081
2.455279	-16.066454
2.4652589	-16.066829
2.4752389	-16.067206
2.4852189	-16.067584
2.4951989	-16.067964
2.5051789	-16.068346
2.5151589	-16.068728
2.5251389	-16.069113
2.5351189	-16.069499
2.5450989	-16.069886
2.5550789	-16.070276
2.5650589	-16.070666
2.5750389	-16.071058
2.5850189	-16.071452
2.5949989	-16.071848
2.6049789	-16.072244
2.6149589	-16.072643
2.6249389	-16.073043
2.6349189	-16.073444
2.6448989	-16.073847
2.6548789	-16.074252
2.6648589	-16.074658
2.6748389	-16.075066
2.6848188	-16.075475
2.6947988	-16.075886
2.7047788	-16.076299
2.7147588	-16.076712
2.7247388	-16.077128
2.7347188	-16.077545
2.7446988	-16.077964
2.7546788	-16.078384
2.7646588	-16.078806
2.7746388	-16.079229
2.7846188	-16.079654
2.7945988	-16.08008
2.8045788	-16.080508
2.8145588	-16.080938
2.8245388	-16.081369
2.8345188	-16.081802
2.8444988	-16.082236
2.8544788	-16.082672
2.8644588	-16.083109
2.8744388	-16.083548
2.8844188	-16.083988
2.8943988	-16.08443
2.9043788	-16.084874
2.9143587	-16.085319
2.9243387	-16.085766
2.9343187	-16.086214
2.9442987	-16.086664
2.9542787	-16.087115
2.9642587	-16.087568
2.9742387	-16.088023
2.9842187	-16.088479
2.9941987	-16.088937
3.0041787	-16.089396
3.0141587	-16.089857
3.0241387	-16.090319
3.0341187	-16.090783
3.0440987	-16.091249
3.0540787	-16.091716
3.0640587	-16.092184
3.0740387	-16.092655
3.0840187	-16.093126
3.0939987	-16.0936
3.1039787	-16.094075
3.1139587	-16.094551
3.1239387	-16.095029
3.1339186	-16.095509
3.1438986	-16.09599
3.1538786	-16.096473
3.1638586	-16.096957
3.1738386	-16.097443
3.1838186	-16.097931
3.1937986	-16.09842
3.2037786	-16.098911
3.2137586	-16.099403
3.2237386	-16.099897
3.2337186	-16.100392
3.2436986	-16.100889
3.2536786	-16.101387
3.2636586	-16.101888
3.2736386	-16.102389
3.2836186	-16.102893
3.2935986	-16.103397
3.3035786	-16.103904
3.3135586	-16.104412
3.3235386	-16.104921
3.3335186	-16.105433
3.3434986	-16.105945
3.3534786	-16.10646
3.3634585	-16.106975
3.3734385	-16.107493
3.3834185	-16.108012
3.3933985	-16.108533
3.4033785	-16.109055
3.4133585	-16.109579
3.4233385	-16.110104
3.4333185	-16.110631
3.4432985	-16.11116
3.4532785	-16.11169
3.4632585	-16.112222
3.4732385	-16.112755
3.4832185	-16.11329
3.4931985	-16.113826
3.5031785	-16.114364
3.5131585	-16.114904
3.5231385	-16.115445
3.5331185	-16.115988
3.5430985	-16.116533
3.5530785	-16.117079
3.5630585	-16.117626
3.5730385	-16.118175
3.5830184	-16.118726
3.5929984	-16.119279
3.6029784	-16.119833
3.6129584	-16.120388
3.6229384	-16.120945
3.6329184	-16.121504
3.6428984	-16.122064
3.6528784	-16.122626
3.6628584	-16.12319
3.6728384	-16.123755
3.6828184	-16.124322
3.6927984	-16.12489
3.7027784	-16.12546
3.7127584	-16.126031
3.7227384	-16.126604
3.7327184	-16.127179
3.7426984	-16.127755
3.7526784	-16.128333
3.7626584	-16.128913
3.7726384	-16.129494
3.7826184	-16.130077
3.7925984	-16.130661
3.8025784	-16.131247
3.8125583	-16.131834
3.8225383	-16.132423
3.8325183	-16.133014
3.8424983	-16.133606
3.8524783	-16.1342
3.8624583	-16.134796
3.8724383	-16.135393
3.8824183	-16.135991
3.8923983	-16.136592
3.9023783	-16.137194
3.9123583	-16.137797
3.9223383	-16.138402
3.9323183	-16.139009
3.9422983	-16.139617
3.9522783	-16.140227
3.9622583	-16.140839
3.9722383	-16.141452
3.9822183	-16.142067
3.9921983	-16.142683
4.0021783	-16.143301
4.0121583	-16.143921
4.0221383	-16.144542
4.0321182	-16.145165
4.0420982	-16.145789
4.0520782	-16.146415
4.0620582	-16.147043
4.0720382	-16.147672
4.0820182	-16.148303
4.0919982	-16.148936
4.1019782	-16.14957
4.1119582	-16.150205
4.1219382	-16.150843
4.1319182	-16.151482
4.1418982	-16.152122
4.1518782	-16.152764
4.1618582	-16.153408
4.1718382	-16.154054
4.1818182	-16.154701
4.1917982	-16.155349
4.2017782	-16.156
4.2117582	-16.156652
4.2217382	-16.157305
4.2317182	-16.15796
4.2416982	-16.158617
4.2516782	-16.159275
4.2616581	-16.159935
4.2716381	-16.160597
4.2816181	-16.16126
4.2915981	-16.161925
4.3015781	-16.162592
4.3115581	-16.16326
4.3215381	-16.163929
4.3315181	-16.164601
4.3414981	-16.165274
4.3514781	-16.165948
4.3614581	-16.166625
4.3714381	-16.167303
4.3814181	-16.167982
4.3913981	-16.168663
4.4013781	-16.169346
4.4113581	-16.17003
4.4213381	-16.170716
4.4313181	-16.171404
4.4412981	-16.172093
4.4512781	-16.172784
4.4612581	-16.173477
4.4712381	-16.174171
4.481218	-16.174867
4.491198	-16.175564
4.501178	-16.176263
4.511158	-16.176964
4.521138	-16.177667
4.531118	-16.178371
4.541098	-16.179076
4.551078	-16.179783
4.561058	-16.180492
4.571038	-16.181203
4.581018	-16.181915
4.590998	-16.182629
4.600978	-16.183344
4.610958	-16.184061
4.620938	-16.18478
4.630918	-16.185501
4.640898	-16.186223
4.650878	-16.186946
4.660858	-16.187672
4.670838	-16.188399
4.680818	-16.189127
4.690798	-16.189857
4.700778	-16.190589
4.7107579	-16.191323
4.7207379	-16.192058
4.7307179	-16.192795
4.7406979	-16.193533
4.7506779	-16.194274
4.7606579	-16.195015
4.7706379	-16.195759
4.7806179	-16.196504
4.7905979	-16.197251
4.8005779	-16.197999
4.8105579	-16.198749
4.8205379	-16.199501
4.8305179	-16.200254
4.8404979	-16.201009
4.8504779	-16.201766
4.8604579	-16.202524
4.8704379	-16.203284
4.8804179	-16.204045
4.8903979	-16.204809
4.9003779	-16.205574
4.9103579	-16.20634
4.9203379	-16.207108
4.9303178	-16.207878
4.9402978	-16.20865
4.9502778	-16.209423
4.9602578	-16.210198
4.9702378	-16.210974
4.9802178	-16.211753
4.9901978	-16.212532
5.0001778	-16.213314
5.0101578	-16.214097
5.0201378	-16.214882
5.0301178	-16.215668
5.0400978	-16.216457
5.0500778	-16.217246
5.0600578	-16.218038
5.0700378	-16.218831
5.0800178	-16.219626
5.0899978	-16.220422
5.0999778	-16.221221
5.1099578	-16.22202
5.1199378	-16.222822
5.1299178	-16.223625
5.1398978	-16.22443
5.1498778	-16.225236
5.1598577	-16.226045
5.1698377	-16.226854
5.1798177	-16.227666
5.1897977	-16.228479
5.1997777	-16.229294
5.2097577	-16.230111
5.2197377	-16.230929
5.2297177	-16.231749
5.2396977	-16.23257
5.2496777	-16.233393
5.2596577	-16.234218
5.2696377	-16.235045
5.2796177	-16.235873
5.2895977	-16.236703
5.2995777	-16.237535
5.3095577	-16.238368
5.3195377	-16.239203
5.3295177	-16.24004
5.3394977	-16.240878
5.3494777	-16.241718
5.3594577	-16.24256
5.3694377	-16.243403
5.3794176	-16.244248
5.3893976	-16.245095
5.3993776	-16.245944
5.4093576	-16.246794
5.4193376	-16.247646
5.4293176	-16.248499
5.4392976	-16.249354
5.4492776	-16.250211
5.4592576	-16.25107
5.4692376	-16.25193
5.4792176	-16.252792
5.4891976	-16.253656
5.4991776	-16.254521
5.5091576	-16.255388
5.5191376	-16.256257
5.5291176	-16.257127
5.5390976	-16.257999
5.5490776	-16.258873
5.5590576	-16.259748
5.5690376	-16.260626
5.5790176	-16.261505
5.5889976	-16.262385
5.5989776	-16.263267
5.6089575	-16.264151
5.6189375	-16.265037
5.6289175	-16.265924
5.6388975	-16.266814
5.6488775	-16.267704
5.6588575	-16.268597
5.6688375	-16.269491
5.6788175	-16.270387
5.6887975	-16.271284
5.6987775	-16.272184
5.7087575	-16.273085
5.7187375	-16.273987
5.7287175	-16.274892
5.7386975	-16.275798
5.7486775	-16.276706
5.7586575	-16.277615
5.7686375	-16.278526
5.7786175	-16.279439
5.7885975	-16.280354
5.7985775	-16.28127
5.8085575	-16.282188
5.8185375	-16.283108
5.8285174	-16.28403
5.8384974	-16.284953
5.8484774	-16.285878
5.8584574	-16.286804
5.8684374	-16.287733
5.8784174	-16.288663
5.8883974	-16.289594
5.8983774	-16.290528
5.9083574	-16.291463
5.9183374	-16.2924
5.9283174	-16.293339
5.9382974	-16.294279
5.9482774	-16.295221
5.9582574	-16.296165
5.9682374	-16.29711
5.9782174	-16.298057
5.9881974	-16.299006
5.9981774	-16.299957
6.0081574	-16.300909
6.0181374	-16.301864
6.0281174	-16.302819
6.0380974	-16.303777
6.0480774	-16.304736
6.0580573	-16.305697
6.0680373	-16.30666
6.0780173	-16.307624
6.0879973	-16.308591
6.0979773	-16.309558
6.1079573	-16.310528
6.1179373	-16.311499
6.1279173	-16.312473
6.1378973	-16.313447
6.1478773	-16.314424
6.1578573	-16.315402
6.1678373	-16.316382
6.1778173	-16.317364
6.1877973	-16.318347
6.1977773	-16.319333
6.2077573	-16.32032
6.2177373	-16.321308
6.2277173	-16.322299
6.2376973	-16.323291
6.2476773	-16.324285
6.2576573	-16.32528
6.2676373	-16.326278
6.2776172	-16.327277
6.2875972	-16.328278
6.2975772	-16.32928
6.3075572	-16.330285
6.3175372	-16.331291
6.3275172	-16.332299
6.3374972	-16.333308
6.3474772	-16.334319
6.3574572	-16.335333
6.3674372	-16.336347
6.3774172	-16.337364
6.3873972	-16.338382
6.3973772	-16.339402
6.4073572	-16.340424
6.4173372	-16.341448
6.4273172	-16.342473
6.4372972	-16.3435
6.4472772	-16.344529
6.4572572	-16.345559
6.4672372	-16.346591
6.4772172	-16.347625
6.4871972	-16.348661
6.4971772	-16.349699
6.5071571	-16.350738
6.5171371	-16.351779
6.5271171	-16.352822
6.5370971	-16.353867
6.5470771	-16.354913
6.5570571	-16.355961
6.5670371	-16.357011
6.5770171	-16.358062
6.5869971	-16.359116
6.5969771	-16.360171
6.6069571	-16.361228
6.6169371	-16.362286
6.6269171	-16.363347
6.6368971	-16.364409
6.6468771	-16.365473
6.6568571	-16.366538
6.6668371	-16.367606
6.6768171	-16.368675
6.6867971	-16.369746
6.6967771	-16.370819
6.7067571	-16.371893
6.7167371	-16.37297
6.726717	-16.374048
6.736697	-16.375128
6.746677	-16.376209
6.756657	-16.377292
6.766637	-16.378378
6.776617	-16.379464
6.786597	-16.380553
6.796577	-16.381644
6.806557	-16.382736
6.816537	-16.38383
6.826517	-16.384926
6.836497	-16.386023
6.846477	-16.387122
6.856457	-16.388224
6.866437	-16.389326
6.876417	-16.390431
6.886397	-16.391538
6.896377	-16.392646
6.906357	-16.393756
6.916337	-16.394867
6.926317	-16.395981
6.936297	-16.397096
6.946277	-16.398213
6.9562569	-16.399332
6.9662369	-16.400453
6.9762169	-16.401576
6.9861969	-16.4027
6.9961769	-16.403826
7.0061569	-16.404954
7.0161369	-16.406083
7.0261169	-16.407215
7.0360969	-16.408348
7.0460769	-16.409483
7.0560569	-16.41062
7.0660369	-16.411758
7.0760169	-16.412899
7.0859969	-16.414041
7.0959769	-16.415185
7.1059569	-16.41633
7.1159369	-16.417478
7.1259169	-16.418627
7.1358969	-16.419778
7.1458769	-16.420931
7.1558569	-16.422086
7.1658369	-16.423242
7.1758168	-16.424401
7.1857968	-16.425561
7.1957768	-16.426723
7.2057568	-16.427886
7.2157368	-16.429052
7.2257168	-16.430219
7.2356968	-16.431388
7.2456768	-16.432559
7.2556568	-16.433732
7.2656368	-16.434906
7.2756168	-16.436083
7.2855968	-16.437261
7.2955768	-16.438441
7.3055568	-16.439623
7.3155368	-16.440806
7.3255168	-16.441992
7.3354968	-16.443179
7.3454768	-16.444368
7.3554568	-16.445558
7.3654368	-16.446751
7.3754168	-16.447945
7.3853968	-16.449142
7.3953768	-16.45034
7.4053567	-16.451539
7.4153367	-16.452741
7.4253167	-16.453945
7.4352967	-16.45515
7.4452767	-16.456357
7.4552567	-16.457566
7.4652367	-16.458777
7.4752167	-16.459989
7.4851967	-16.461204
7.4951767	-16.46242
7.5051567	-16.463638
7.5151367	-16.464858
7.5251167	-16.466079
7.5350967	-16.467303
7.5450767	-16.468528
7.5550567	-16.469755
7.5650367	-16.470984
7.5750167	-16.472215
7.5849967	-16.473447
7.5949767	-16.474682
7.6049567	-16.475918
7.6149367	-16.477156
7.6249166	-16.478396
7.6348966	-16.479638
7.6448766	-16.480881
7.6548566	-16.482127
7.6648366	-16.483374
7.6748166	-16.484623
7.6847966	-16.485874
7.6947766	-16.487127
7.7047566	-16.488381
7.7147366	-16.489637
7.7247166	-16.490896
7.7346966	-16.492156
7.7446766	-16.493418
7.7546566	-16.494681
7.7646366	-16.495947
7.7746166	-16.497214
7.7845966	-16.498484
7.7945766	-16.499755
7.8045566	-16.501028
7.8145366	-16.502302
7.8245166	-16.503579
7.8344966	-16.504857
7.8444766	-16.506138
7.8544565	-16.50742
7.8644365	-16.508704
7.8744165	-16.509989
7.8843965	-16.511277
7.8943765	-16.512567
7.9043565	-16.513858
7.9143365	-16.515151
7.9243165	-16.516446
7.9342965	-16.517743
7.9442765	-16.519042
7.9542565	-16.520342
7.9642365	-16.521645
7.9742165	-16.522949
7.9841965	-16.524255
7.9941765	-16.525563
8.0041565	-16.526873
8.0141365	-16.528185
8.0241165	-16.529498
8.0340965	-16.530814
8.0440765	-16.532131
8.0540565	-16.53345
8.0640365	-16.534771
8.0740164	-16.536094
8.0839964	-16.537419
8.0939764	-16.538745
8.1039564	-16.540074
8.1139364	-16.541404
8.1239164	-16.542736
8.1338964	-16.54407
8.1438764	-16.545406
8.1538564	-16.546744
8.1638364	-16.548083
8.1738164	-16.549425
8.1837964	-16.550768
8.1937764	-16.552113
8.2037564	-16.55346
8.2137364	-16.554809
8.2237164	-16.55616
8.2336964	-16.557513
8.2436764	-16.558867
8.2536564	-16.560224
8.2636364	-16.561582
8.2736164	-16.562942
8.2835964	-16.564304
8.2935764	-16.565668
8.3035563	-16.567034
8.3135363	-16.568401
8.3235163	-16.569771
8.3334963	-16.571142
8.3434763	-16.572515
8.3534563	-16.57389
8.3634363	-16.575267
8.3734163	-16.576646
8.3833963	-16.578027
8.3933763	-16.57941
8.4033563	-16.580794
8.4133363	-16.582181
8.4233163	-16.583569
8.4332963	-16.584959
8.4432763	-16.586351
8.4532563	-16.587745
8.4632363	-16.589141
8.4732163	-16.590539
8.4831963	-16.591938
8.4931763	-16.59334
8.5031563	-16.594743
8.5131363	-16.596148
8.5231162	-16.597555
8.5330962	-16.598964
8.5430762	-16.600375
8.5530562	-16.601788
8.5630362	-16.603203
8.5730162	-16.604619
8.5829962	-16.606038
8.5929762	-16.607458
8.6029562	-16.60888
8.6129362	-16.610304
8.6229162	-16.61173
8.6328962	-16.613158
8.6428762	-16.614588
8.6528562	-16.61602
8.6628362	-16.617453
8.6728162	-16.618889
8.6827962	-16.620326
8.6927762	-16.621766
8.7027562	-16.623207
8.7127362	-16.62465
8.7227162	-16.626095
8.7326962	-16.627542
8.7426762	-16.628991
8.7526561	-16.630441
8.7626361	-16.631894
8.7726161	-16.633348
8.7825961	-16.634805
8.7925761	-16.636263
8.8025561	-16.637723
8.8125361	-16.639186
8.8225161	-16.64065
8.8324961	-16.642116
8.8424761	-16.643583
8.8524561	-16.645053
8.8624361	-16.646525
8.8724161	-16.647998
8.8823961	-16.649474
8.8923761	-16.650951
8.9023561	-16.652431
8.9123361	-16.653912
8.9223161	-16.655395
8.9322961	-16.65688
8.9422761	-16.658367
8.9522561	-16.659856
8.9622361	-16.661347
8.972216	-16.662839
8.982196	-16.664334
8.992176	-16.665831
9.002156	-16.667329
9.012136	-16.668829
9.022116	-16.670332
9.032096	-16.671836
9.042076	-16.673342
9.052056	-16.67485
9.062036	-16.67636
9.072016	-16.677872
9.081996	-16.679386
9.091976	-16.680902
9.101956	-16.682419
9.111936	-16.683939
9.121916	-16.685461
9.131896	-16.686984
9.141876	-16.688509
9.151856	-16.690037
9.161836	-16.691566
9.171816	-16.693097
9.181796	-16.69463
9.191776	-16.696165
9.2017559	-16.697702
9.2117359	-16.699241
9.2217159	-16.700782
9.2316959	-16.702325
9.2416759	-16.703869
9.2516559	-16.705416
9.2616359	-16.706965
9.2716159	-16.708515
9.2815959	-16.710067
9.2915759	-16.711622
9.3015559	-16.713178
9.3115359	-16.714736
9.3215159	-16.716297
9.3314959	-16.717859
9.3414759	-16.719423
9.3514559	-16.720989
9.3614359	-16.722557
9.3714159	-16.724127
9.3813959	-16.725698
9.3913759	-16.727272
9.4013559	-16.728848
9.4113359	-16.730425
9.4213158	-16.732005
9.4312958	-16.733587
9.4412758	-16.73517
9.4512558	-16.736756
9.4612358	-16.738343
9.4712158	-16.739932
9.4811958	-16.741523
9.4911758	-16.743117
9.5011558	-16.744712
9.5111358	-16.746309
9.5211158	-16.747908
9.5310958	-16.749509
9.5410758	-16.751112
9.5510558	-16.752717
9.5610358	-16.754324
9.5710158	-16.755933
9.5809958	-16.757543
9.5909758	-16.759156
9.6009558	-16.760771
9.6109358	-16.762388
9.6209158	-16.764006
9.6308958	-16.765627
9.6408758	-16.767249
9.6508557	-16.768874
9.6608357	-16.7705
9.6708157	-16.772128
9.6807957	-16.773759
9.6907757	-16.775391
9.7007557	-16.777025
9.7107357	-16.778662
9.7207157	-16.7803
9.7306957	-16.78194
9.7406757	-16.783582
9.7506557	-16.785226
9.7606357	-16.786872
9.7706157	-16.78852
9.7805957	-16.79017
9.7905757	-16.791822
9.8005557	-16.793476
9.8105357	-16.795132
9.8205157	-16.79679
9.8304957	-16.79845
9.8404757	-16.800112
9.8504557	-16.801775
9.8604357	-16.803441
9.8704156	-16.805109
9.8803956	-16.806778
9.8903756	-16.80845
9.9003556	-16.810124
9.9103356	-16.811799
9.9203156	-16.813477
9.9302956	-16.815156
9.9402756	-16.816838
9.9502556	-16.818521
9.9602356	-16.820207
9.9702156	-16.821894
9.9801956	-16.823584
9.9901756	-16.825275
10.000156	-16.826968
10.010136	-16.828664
10.020116	-16.830361
10.030096	-16.83206
10.040076	-16.833762
10.050056	-16.835465
10.060036	-16.83717
10.070016	-16.838877
10.079996	-16.840587
10.089976	-16.842298
10.099956	-16.844011
10.109936	-16.845726
10.119916	-16.847443
10.129896	-16.849163
10.139876	-16.850884
10.149856	-16.852607
10.159836	-16.854332
10.169816	-16.856059
10.179796	-16.857788
10.189776	-16.859519
10.199756	-16.861252
10.209735	-16.862987
10.219715	-16.864724
10.229695	-16.866463
10.239675	-16.868204
10.249655	-16.869947
10.259635	-16.871692
10.269615	-16.873439
10.279595	-16.875188
10.289575	-16.876939
10.299555	-16.878692
10.309535	-16.880447
10.319515	-16.882204
10.329495	-16.883963
10.339475	-16.885724
10.349455	-16.887487
10.359435	-16.889252
10.369415	-16.891019
10.379395	-16.892788
10.389375	-16.894559
10.399355	-16.896332
10.409335	-16.898107
10.419315	-16.899884
10.429295	-16.901663
10.439275	-16.903444
10.449255	-16.905227
10.459235	-16.907012
10.469215	-16.908799
10.479195	-16.910588
10.489175	-16.912379
10.499155	-16.914172
10.509135	-16.915967
10.519115	-16.917764
10.529095	-16.919563
10.539075	-16.921364
10.549055	-16.923167
10.559035	-16.924972
10.569015	-16.926779
10.578995	-16.928588
10.588975	-16.930399
10.598955	-16.932212
10.608935	-16.934027
10.618915	-16.935844
10.628895	-16.937664
10.638875	-16.939485
10.648855	-16.941308
10.658835	-16.943133
10.668815	-16.94496
10.678795	-16.946789
10.688775	-16.948621
10.698755	-16.950454
10.708735	-16.952289
10.718715	-16.954126
10.728695	-16.955966
10.738675	-16.957807
10.748655	-16.95965
10.758635	-16.961495
10.768615	-16.963343
10.778595	-16.965192
10.788575	-16.967044
10.798555	-16.968897
10.808535	-16.970752
10.818515	-16.97261
10.828495	-16.974469
10.838475	-16.976331
10.848455	-16.978194
10.858435	-16.98006
10.868415	-16.981927
10.878395	-16.983797
10.888375	-16.985669
10.898355	-16.987542
10.908335	-16.989418
10.918315	-16.991296
10.928295	-16.993175
10.938275	-16.995057
10.948255	-16.996941
10.958235	-16.998827
10.968215	-17.000715
10.978195	-17.002604
10.988175	-17.004496
10.998155	-17.00639
11.008135	-17.008286
11.018115	-17.010184
11.028095	-17.012084
11.038075	-17.013986
11.048055	-17.01589
11.058035	-17.017796
11.068015	-17.019705
11.077995	-17.021615
11.087975	-17.023527
11.097955	-17.025441
11.107935	-17.027358
11.117915	-17.029276
11.127895	-17.031196
11.137875	-17.033119
11.147855	-17.035043
11.157835	-17.036969
11.167815	-17.038898
11.177795	-17.040829
11.187775	-17.042761
11.197755	-17.044696
11.207735	-17.046632
11.217715	-17.048571
11.227695	-17.050512
11.237675	-17.052455
11.247655	-17.0544
11.257635	-17.056346
11.267615	-17.058295
11.277595	-17.060246
11.287575	-17.062199
11.297555	-17.064154
11.307535	-17.066111
11.317515	-17.068071
11.327495	-17.070032
11.337475	-17.071995
11.347455	-17.07396
11.357435	-17.075928
11.367415	-17.077897
11.377395	-17.079868
11.387375	-17.081842
11.397355	-17.083817
11.407335	-17.085795
11.417315	-17.087775
11.427295	-17.089756
11.437275	-17.09174
11.447255	-17.093726
11.457235	-17.095713
11.467215	-17.097703
11.477195	-17.099695
11.487175	-17.101689
11.497155	-17.103685
11.507135	-17.105683
11.517115	-17.107683
11.527095	-17.109686
11.537075	-17.11169
11.547055	-17.113696
11.557035	-17.115704
11.567015	-17.117715
11.576995	-17.119727
11.586975	-17.121742
11.596955	-17.123758
11.606935	-17.125777
11.616915	-17.127798
11.626895	-17.12982
11.636875	-17.131845
11.646855	-17.133872
11.656835	-17.135901
11.666815	-17.137932
11.676795	-17.139965
11.686775	-17.142
11.696755	-17.144037
11.706735	-17.146076
11.716715	-17.148118
11.726695	-17.150161
11.736675	-17.152206
11.746655	-17.154254
11.756635	-17.156303
11.766615	-17.158355
11.776595	-17.160409
11.786575	-17.162464
11.796555	-17.164522
11.806535	-17.166582
11.816515	-17.168644
11.826495	-17.170708
11.836475	-17.172774
11.846455	-17.174842
11.856435	-17.176912
11.866415	-17.178984
11.876395	-17.181059
11.886375	-17.183135
11.896355	-17.185213
11.906335	-17.187294
11.916315	-17.189376
11.926295	-17.191461
11.936275	-17.193548
11.946255	-17.195637
11.956235	-17.197727
11.966215	-17.19982
11.976195	-17.201915
11.986175	-17.204012
11.996155	-17.206111
12.006135	-17.208213
12.016115	-17.210316
12.026095	-17.212421
12.036075	-17.214529
12.046055	-17.216638
12.056035	-17.21875
12.066015	-17.220863
12.075995	-17.222979
12.085975	-17.225097
12.095955	-17.227217
12.105935	-17.229339
12.115915	-17.231463
12.125895	-17.233589
12.135875	-17.235717
12.145855	-17.237847
12.155835	-17.239979
12.165815	-17.242114
12.175795	-17.24425
12.185775	-17.246389
12.195755	-17.248529
12.205735	-17.250672
12.215715	-17.252817
12.225695	-17.254964
12.235675	-17.257113
12.245655	-17.259264
12.255635	-17.261417
12.265615	-17.263572
12.275595	-17.265729
12.285575	-17.267889
12.295555	-17.27005
12.305535	-17.272213
12.315515	-17.274379
12.325495	-17.276547
12.335475	-17.278716
12.345455	-17.280888
12.355435	-17.283062
12.365415	-17.285238
12.375395	-17.287416
12.385375	-17.289596
12.395355	-17.291779
12.405335	-17.293963
12.415315	-17.296149
12.425295	-17.298338
12.435275	-17.300528
12.445255	-17.302721
12.455234	-17.304916
12.465214	-17.307113
12.475194	-17.309311
12.485174	-17.311512
12.495154	-17.313716
12.505134	-17.315921
12.515114	-17.318128
12.525094	-17.320337
12.535074	-17.322549
12.545054	-17.324762
12.555034	-17.326978
12.565014	-17.329196
12.574994	-17.331415
12.584974	-17.333637
12.594954	-17.335861
12.604934	-17.338087
12.614914	-17.340315
12.624894	-17.342546
12.634874	-17.344778
12.644854	-17.347012
12.654834	-17.349249
12.664814	-17.351487
12.674794	-17.353728
12.684774	-17.355971
12.694754	-17.358216
12.704734	-17.360463
12.714714	-17.362712
12.724694	-17.364963
12.734674	-17.367216
12.744654	-17.369471
12.754634	-17.371729
12.764614	-17.373988
12.774594	-17.37625
12.784574	-17.378514
12.794554	-17.380779
12.804534	-17.383047
12.814514	-17.385317
12.824494	-17.387589
12.834474	-17.389863
12.844454	-17.39214
12.854434	-17.394418
12.864414	-17.396698
12.874394	-17.398981
12.884374	-17.401266
12.894354	-17.403552
12.904334	-17.405841
12.914314	-17.408132
12.924294	-17.410425
12.934274	-17.41272
12.944254	-17.415017
12.954234	-17.417317
12.964214	-17.419618
12.974194	-17.421922
12.984174	-17.424227
12.994154	-17.426535
13.004134	-17.428845
13.014114	-17.431157
13.024094	-17.433471
13.034074	-17.435787
13.044054	-17.438105
13.054034	-17.440425
13.064014	-17.442747
13.073994	-17.445072
13.083974	-17.447399
13.093954	-17.449727
13.103934	-17.452058
13.113914	-17.454391
13.123894	-17.456726
13.133874	-17.459063
13.143854	-17.461402
13.153834	-17.463743
13.163814	-17.466087
13.173794	-17.468432
13.183774	-17.47078
13.193754	-17.473129
13.203734	-17.475481
13.213714	-17.477835
13.223694	-17.480191
13.233674	-17.482549
13.243654	-17.484909
13.253634	-17.487272
13.263614	-17.489636
13.273594	-17.492002
13.283574	-17.494371
13.293554	-17.496742
13.303534	-17.499115
13.313514	-17.501489
13.323494	-17.503866
13.333474	-17.506246
13.343454	-17.508627
13.353434	-17.51101
13.363414	-17.513395
13.373394	-17.515783
13.383374	-17.518173
13.393354	-17.520564
13.403334	-17.522958
13.413314	-17.525354
13.423294	-17.527752
13.433274	-17.530152
13.443254	-17.532554
13.453234	-17.534959
13.463214	-17.537365
13.473194	-17.539774
13.483174	-17.542184
13.493154	-17.544597
13.503134	-17.547012
13.513114	-17.549429
13.523094	-17.551848
13.533074	-17.554269
13.543054	-17.556693
13.553034	-17.559118
13.563014	-17.561545
13.572994	-17.563975
13.582974	-17.566407
13.592954	-17.568841
13.602934	-17.571276
13.612914	-17.573715
13.622894	-17.576155
13.632874	-17.578597
13.642854	-17.581041
13.652834	-17.583488
13.662814	-17.585936
13.672794	-17.588387
13.682774	-17.59084
13.692754	-17.593294
13.702734	-17.595751
13.712714	-17.59821
13.722694	-17.600672
13.732674	-17.603135
13.742654	-17.6056
13.752634	-17.608068
13.762614	-17.610537
13.772594	-17.613009
13.782574	-17.615483
13.792554	-17.617959
13.802534	-17.620437
13.812514	-17.622917
13.822494	-17.625399
13.832474	-17.627884
13.842454	-17.63037
13.852434	-17.632859
13.862414	-17.635349
13.872394	-17.637842
13.882374	-17.640337
13.892354	-17.642834
13.902334	-17.645333
13.912314	-17.647834
13.922294	-17.650338
13.932274	-17.652843
13.942254	-17.655351
13.952234	-17.65786
13.962214	-17.660372
13.972194	-17.662886
13.982174	-17.665402
13.992154	-17.66792
14.002134	-17.67044
14.012114	-17.672962
14.022094	-17.675487
14.032074	-17.678013
14.042054	-17.680542
14.052034	-17.683072
14.062014	-17.685605
14.071994	-17.68814
14.081974	-17.690677
14.091954	-17.693216
14.101934	-17.695758
14.111914	-17.698301
14.121894	-17.700846
14.131874	-17.703394
14.141854	-17.705944
14.151834	-17.708495
14.161814	-17.711049
14.171794	-17.713605
14.181774	-17.716163
14.191754	-17.718724
14.201734	-17.721286
14.211714	-17.72385
14.221694	-17.726417
14.231674	-17.728985
14.241654	-17.731556
14.251634	-17.734129
14.261614	-17.736704
14.271594	-17.739281
14.281574	-17.74186
14.291554	-17.744441
14.301534	-17.747025
14.311514	-17.74961
14.321494	-17.752198
14.331474	-17.754788
14.341454	-17.757379
14.351434	-17.759973
14.361414	-17.762569
14.371394	-17.765167
14.381374	-17.767768
14.391354	-17.77037
14.401334	-17.772974
14.411314	-17.775581
14.421294	-17.77819
14.431274	-17.7808
14.441254	-17.783413
14.451234	-17.786028
14.461214	-17.788645
14.471194	-17.791264
14.481174	-17.793886
14.491154	-17.796509
14.501134	-17.799134
14.511114	-17.801762
14.521094	-17.804392
14.531074	-17.807024
14.541054	-17.809657
14.551034	-17.812293
14.561014	-17.814932
14.570994	-17.817572
14.580974	-17.820214
14.590954	-17.822859
14.600934	-17.825505
14.610914	-17.828154
14.620894	-17.830804
14.630874	-17.833457
14.640854	-17.836112
14.650834	-17.838769
14.660814	-17.841428
14.670794	-17.84409
14.680774	-17.846753
14.690754	-17.849418
14.700733	-17.852086
14.710713	-17.854756
14.720693	-17.857427
14.730673	-17.860101
14.740653	-17.862777
14.750633	-17.865455
14.760613	-17.868135
14.770593	-17.870818
14.780573	-17.873502
14.790553	-17.876189
14.800533	-17.878877
14.810513	-17.881568
14.820493	-17.884261
14.830473	-17.886956
14.840453	-17.889653
14.850433	-17.892352
14.860413	-17.895053
14.870393	-17.897756
14.880373	-17.900461
14.890353	-17.903169
14.900333	-17.905879
14.910313	-17.90859
14.920293	-17.911304
14.930273	-17.91402
14.940253	-17.916738
14.950233	-17.919458
14.960213	-17.92218
14.970193	-17.924904
14.980173	-17.927631
14.990153	-17.930359
15.000133	-17.93309
15.010113	-17.935822
15.020093	-17.938557
15.030073	-17.941294
15.040053	-17.944033
15.050033	-17.946774
15.060013	-17.949517
15.069993	-17.952263
15.079973	-17.95501
15.089953	-17.957759
15.099933	-17.960511
15.109913	-17.963265
15.119893	-17.96602
15.129873	-17.968778
15.139853	-17.971538
15.149833	-17.9743
15.159813	-17.977064
15.169793	-17.97983
15.179773	-17.982599
15.189753	-17.985369
15.199733	-17.988142
15.209713	-17.990916
15.219693	-17.993693
15.229673	-17.996472
15.239653	-17.999252
15.249633	-18.002035
15.259613	-18.00482
15.269593	-18.007608
15.279573	-18.010397
15.289553	-18.013188
15.299533	-18.015982
15.309513	-18.018777
15.319493	-18.021575
15.329473	-18.024374
15.339453	-18.027176
15.349433	-18.02998
15.359413	-18.032786
15.369393	-18.035594
15.379373	-18.038404
15.389353	-18.041216
15.399333	-18.044031
15.409313	-18.046847
15.419293	-18.049666
15.429273	-18.052486
15.439253	-18.055309
15.449233	-18.058134
15.459213	-18.06096
15.469193	-18.063789
15.479173	-18.06662
15.489153	-18.069454
15.499133	-18.072289
15.509113	-18.075126
15.519093	-18.077965
15.529073	-18.080807
15.539053	-18.08365
15.549033	-18.086496
15.559013	-18.089344
15.568993	-18.092193
15.578973	-18.095045
15.588953	-18.097899
15.598933	-18.100755
15.608913	-18.103613
15.618893	-18.106474
15.628873	-18.109336
15.638853	-18.1122
15.648833	-18.115067
15.658813	-18.117935
15.668793	-18.120806
15.678773	-18.123679
15.688753	-18.126553
15.698733	-18.12943
15.708713	-18.132309
15.718693	-18.13519
15.728673	-18.138073
15.738653	-18.140958
15.748633	-18.143846
15.758613	-18.146735
15.768593	-18.149626
15.778573	-18.15252
15.788553	-18.155416
15.798533	-18.158313
15.808513	-18.161213
15.818493	-18.164115
15.828473	-18.167019
15.838453	-18.169925
15.848433	-18.172833
15.858413	-18.175743
15.868393	-18.178655
15.878373	-18.181569
15.888353	-18.184485
15.898333	-18.187404
15.908313	-18.190324
15.918293	-18.193247
15.928273	-18.196171
15.938253	-18.199098
15.948233	-18.202027
15.958213	-18.204958
15.968193	-18.207891
15.978173	-18.210826
15.988153	-18.213763
15.998133	-18.216702
16.008113	-18.219643
16.018093	-18.222586
16.028073	-18.225531
16.038053	-18.228479
16.048033	-18.231428
16.058013	-18.23438
16.067993	-18.237333
16.077973	-18.240289
16.087953	-18.243247
16.097933	-18.246207
16.107913	-18.249168
16.117893	-18.252132
16.127873	-18.255098
16.137853	-18.258066
16.147833	-18.261036
16.157813	-18.264009
16.167793	-18.266983
16.177773	-18.269959
16.187753	-18.272938
16.197733	-18.275918
16.207713	-18.2789
16.217693	-18.281885
16.227673	-18.284872
16.237653	-18.28786
16.247633	-18.290851
16.257613	-18.293844
16.267593	-18.296839
16.277573	-18.299835
16.287553	-18.302834
16.297533	-18.305835
16.307513	-18.308839
16.317493	-18.311844
16.327473	-18.314851
16.337453	-18.31786
16.347433	-18.320871
16.357413	-18.323885
16.367393	-18.3269
16.377373	-18.329918
16.387353	-18.332937
16.397333	-18.335959
16.407313	-18.338982
16.417293	-18.342008
16.427273	-18.345036
16.437253	-18.348066
16.447233	-18.351097
16.457213	-18.354131
16.467193	-18.357167
16.477173	-18.360205
16.487153	-18.363245
16.497133	-18.366287
16.507113	-18.369331
16.517093	-18.372378
16.527073	-18.375426
16.537053	-18.378476
16.547033	-18.381528
16.557013	-18.384583
16.566993	-18.387639
16.576973	-18.390698
16.586953	-18.393758
16.596933	-18.396821
16.606913	-18.399885
16.616893	-18.402952
16.626873	-18.40602
16.636853	-18.409091
16.646833	-18.412164
16.656813	-18.415239
16.666793	-18.418315
16.676773	-18.421394
16.686753	-18.424475
16.696733	-18.427558
16.706713	-18.430643
16.716693	-18.43373
16.726673	-18.436819
16.736653	-18.43991
16.746633	-18.443003
16.756613	-18.446099
16.766593	-18.449196
16.776573	-18.452295
16.786553	-18.455396
16.796533	-18.4585
16.806513	-18.461605
16.816493	-18.464712
16.826473	-18.467822
16.836453	-18.470933
16.846433	-18.474047
16.856413	-18.477162
16.866393	-18.48028
16.876373	-18.483399
16.886353	-18.486521
16.896333	-18.489644
16.906313	-18.49277
16.916293	-18.495898
16.926273	-18.499027
16.936253	-18.502159
16.946232	-18.505293
16.956212	-18.508428
16.966192	-18.511566
16.976172	-18.514706
16.986152	-18.517848
16.996132	-18.520992
17.006112	-18.524138
17.016092	-18.527286
17.026072	-18.530435
17.036052	-18.533587
17.046032	-18.536741
17.056012	-18.539897
17.065992	-18.543055
17.075972	-18.546215
17.085952	-18.549377
17.095932	-18.552541
17.105912	-18.555707
17.115892	-18.558876
17.125872	-18.562046
17.135852	-18.565218
17.145832	-18.568392
17.155812	-18.571568
17.165792	-18.574746
17.175772	-18.577926
17.185752	-18.581108
17.195732	-18.584293
17.205712	-18.587479
17.215692	-18.590667
17.225672	-18.593857
17.235652	-18.597049
17.245632	-18.600244
17.255612	-18.60344
17.265592	-18.606638
17.275572	-18.609838
17.285552	-18.613041
17.295532	-18.616245
17.305512	-18.619451
17.315492	-18.622659
17.325472	-18.62587
17.335452	-18.629082
17.345432	-18.632296
17.355412	-18.635512
17.365392	-18.638731
17.375372	-18.641951
17.385352	-18.645173
17.395332	-18.648397
17.405312	-18.651624
17.415292	-18.654852
17.425272	-18.658082
17.435252	-18.661314
17.445232	-18.664549
17.455212	-18.667785
17.465192	-18.671023
17.475172	-18.674263
17.485152	-18.677506
17.495132	-18.68075
17.505112	-18.683996
17.515092	-18.687244
17.525072	-18.690494
17.535052	-18.693747
17.545032	-18.697001
17.555012	-18.700257
17.564992	-18.703515
17.574972	-18.706775
17.584952	-18.710037
17.594932	-18.713301
17.604912	-18.716567
17.614892	-18.719835
17.624872	-18.723105
17.634852	-18.726378
17.644832	-18.729652
17.654812	-18.732928
17.664792	-18.736205
17.674772	-18.739485
17.684752	-18.742767
17.694732	-18.746051
17.704712	-18.749337
17.714692	-18.752625
17.724672	-18.755915
17.734652	-18.759207
17.744632	-18.7625
17.754612	-18.765796
17.764592	-18.769094
17.774572	-18.772394
17.784552	-18.775695
17.794532	-18.778999
17.804512	-18.782305
17.814492	-18.785612
17.824472	-18.788922
17.834452	-18.792233
17.844432	-18.795547
17.854412	-18.798862
17.864392	-18.80218
17.874372	-18.805499
17.884352	-18.80882
17.894332	-18.812144
17.904312	-18.815469
17.914292	-18.818796
17.924272	-18.822125
17.934252	-18.825457
17.944232	-18.82879
17.954212	-18.832125
17.964192	-18.835462
17.974172	-18.838801
17.984152	-18.842142
17.994132	-18.845485
18.004112	-18.84883
18.014092	-18.852176
18.024072	-18.855525
18.034052	-18.858876
18.044032	-18.862229
18.054012	-18.865583
18.063992	-18.86894
18.073972	-18.872298
18.083952	-18.875659
18.093932	-18.879021
18.103912	-18.882386
18.113892	-18.885752
18.123872	-18.88912
18.133852	-18.892491
18.143832	-18.895863
18.153812	-18.899237
18.163792	-18.902613
18.173772	-18.905991
18.183752	-18.909371
18.193732	-18.912753
18.203712	-18.916137
18.213692	-18.919522
18.223672	-18.92291
18.233652	-18.9263
18.243632	-18.929691
18.253612	-18.933085
18.263592	-18.93648
18.273572	-18.939878
18.283552	-18.943277
18.293532	-18.946678
18.303512	-18.950081
18.313492	-18.953487
18.323472	-18.956894
18.333452	-18.960303
18.343432	-18.963714
18.353412	-18.967126
18.363392	-18.970541
18.373372	-18.973958
18.383352	-18.977376
18.393332	-18.980797
18.403312	-18.984219
18.413292	-18.987644
18.423272	-18.99107
18.433252	-18.994498
18.443232	-18.997929
18.453212	-19.001361
18.463192	-19.004795
18.473172	-19.008231
18.483152	-19.011668
18.493132	-19.015108
18.503112	-19.01855
18.513092	-19.021994
18.523072	-19.025439
18.533052	-19.028886
18.543032	-19.032336
18.553012	-19.035787
18.562992	-19.03924
18.572972	-19.042695
18.582952	-19.046152
18.592932	-19.049611
18.602912	-19.053072
18.612892	-19.056535
18.622872	-19.059999
18.632852	-19.063466
18.642832	-19.066934
18.652812	-19.070405
18.662792	-19.073877
18.672772	-19.077351
18.682752	-19.080827
18.692732	-19.084305
18.702712	-19.087785
18.712692	-19.091266
18.722672	-19.09475
18.732652	-19.098236
18.742632	-19.101723
18.752612	-19.105212
18.762592	-19.108704
18.772572	-19.112197
18.782552	-19.115692
18.792532	-19.119189
18.802512	-19.122687
18.812492	-19.126188
18.822472	-19.129691
18.832452	-19.133195
18.842432	-19.136701
18.852412	-19.14021
18.862392	-19.14372
18.872372	-19.147232
18.882352	-19.150746
18.892332	-19.154261
18.902312	-19.157779
18.912292	-19.161298
18.922272	-19.16482
18.932252	-19.168343
18.942232	-19.171868
18.952212	-19.175395
18.962192	-19.178924
18.972172	-19.182455
18.982152	-19.185988
18.992132	-19.189522
19.002112	-19.193059
19.012092	-19.196597
19.022072	-19.200137
19.032052	-19.203679
19.042032	-19.207223
19.052012	-19.210769
19.061992	-19.214316
19.071972	-19.217866
19.081952	-19.221417
19.091932	-19.224971
19.101912	-19.228526
19.111892	-19.232083
19.121872	-19.235641
19.131852	-19.239202
19.141832	-19.242765
19.151812	-19.246329
19.161792	-19.249895
19.171772	-19.253463
19.181752	-19.257033
19.191731	-19.260605
19.201711	-19.264179
19.211691	-19.267755
19.221671	-19.271332
19.231651	-19.274911
19.241631	-19.278492
19.251611	-19.282075
19.261591	-19.28566
19.271571	-19.289247
19.281551	-19.292835
19.291531	-19.296426
19.301511	-19.300018
19.311491	-19.303612
19.321471	-19.307208
19.331451	-19.310805
19.341431	-19.314405
19.351411	-19.318006
19.361391	-19.32161
19.371371	-19.325215
19.381351	-19.328821
19.391331	-19.33243
19.401311	-19.336041
19.411291	-19.339653
19.421271	-19.343268
19.431251	-19.346884
19.441231	-19.350502
19.451211	-19.354121
19.461191	-19.357743
19.471171	-19.361366
19.481151	-19.364992
19.491131	-19.368619
19.501111	-19.372247
19.511091	-19.375878
19.521071	-19.379511
19.531051	-19.383145
19.541031	-19.386781
19.551011	-19.390419
19.560991	-19.394059
19.570971	-19.397701
19.580951	-19.401344
19.590931	-19.40499
19.600911	-19.408637
19.610891	-19.412286
19.620871	-19.415936
19.630851	-19.419589
19.640831	-19.423243
19.650811	-19.426899
19.660791	-19.430557
19.670771	-19.434217
19.680751	-19.437879
19.690731	-19.441542
19.700711	-19.445207
19.710691	-19.448874
19.720671	-19.452543
19.730651	-19.456214
19.740631	-19.459886
19.750611	-19.463561
19.760591	-19.467237
19.770571	-19.470914
19.780551	-19.474594
19.790531	-19.478275
19.800511	-19.481959
19.810491	-19.485644
19.820471	-19.489331
19.830451	-19.493019
19.840431	-19.49671
19.850411	-19.500402
19.860391	-19.504096
19.870371	-19.507791
19.880351	-19.511489
19.890331	-19.515188
19.900311	-19.518889
19.910291	-19.522592
19.920271	-19.526297
19.930251	-19.530004
19.940231	-19.533712
19.950211	-19.537422
19.960191	-19.541134
19.970171	-19.544847
19.980151	-19.548563
19.990131	-19.55228
20.000111	-19.555999
20.010091	-19.55972
20.020071	-19.563442
20.030051	-19.567166
20.040031	-19.570892
20.050011	-19.57462
20.059991	-19.57835
20.069971	-19.582081
20.079951	-19.585814
20.089931	-19.589549
20.099911	-19.593286
20.109891	-19.597024
20.119871	-19.600764
20.129851	-19.604506
20.139831	-19.60825
20.149811	-19.611995
20.159791	-19.615743
20.169771	-19.619492
20.179751	-19.623242
20.189731	-19.626995
20.199711	-19.630749
20.209691	-19.634505
20.219671	-19.638263
20.229651	-19.642022
20.239631	-19.645784
20.249611	-19.649547
20.259591	-19.653311
20.269571	-19.657078
20.279551	-19.660846
20.289531	-19.664616
20.299511	-19.668388
20.309491	-19.672161
20.319471	-19.675937
20.329451	-19.679713
20.339431	-19.683492
20.349411	-19.687273
20.359391	-19.691055
20.369371	-19.694839
20.379351	-19.698624
20.389331	-19.702412
20.399311	-19.706201
20.409291	-19.709992
20.419271	-19.713784
20.429251	-19.717579
20.439231	-19.721375
20.449211	-19.725172
20.459191	-19.728972
20.469171	-19.732773
20.479151	-19.736576
20.489131	-19.740381
20.499111	-19.744187
20.509091	-19.747995
20.519071	-19.751805
20.529051	-19.755617
20.539031	-19.75943
20.549011	-19.763245
20.558991	-19.767062
20.568971	-19.77088
20.578951	-19.7747
20.588931	-19.778522
20.598911	-19.782346
20.608891	-19.786171
20.618871	-19.789998
20.628851	-19.793827
20.638831	-19.797657
20.648811	-19.801489
20.658791	-19.805323
20.668771	-19.809159
20.678751	-19.812996
20.688731	-19.816835
20.698711	-19.820675
20.708691	-19.824518
20.718671	-19.828362
20.728651	-19.832207
20.738631	-19.836055
20.748611	-19.839904
20.758591	-19.843755
20.768571	-19.847607
20.778551	-19.851461
20.788531	-19.855317
20.798511	-19.859175
20.808491	-19.863034
20.818471	-19.866895
20.828451	-19.870758
20.838431	-19.874622
20.848411	-19.878488
20.858391	-19.882356
20.868371	-19.886225
20.878351	-19.890096
20.888331	-19.893969
20.898311	-19.897843
20.908291	-19.901719
20.918271	-19.905597
20.928251	-19.909477
20.938231	-19.913358
20.948211	-19.917241
20.958191	-19.921125
20.968171	-19.925011
20.978151	-19.928899
20.988131	-19.932788
20.998111	-19.93668
21.008091	-19.940572
21.018071	-19.944467
21.028051	-19.948363
21.038031	-19.952261
21.048011	-19.95616
21.057991	-19.960061
21.067971	-19.963964
21.077951	-19.967868
21.087931	-19.971775
21.097911	-19.975682
21.107891	-19.979592
21.117871	-19.983503
21.127851	-19.987415
21.137831	-19.99133
21.147811	-19.995246
21.157791	-19.999163
21.167771	-20.003083
21.177751	-20.007004
21.187731	-20.010926
21.197711	-20.014851
21.207691	-20.018776
21.217671	-20.022704
21.227651	-20.026633
21.237631	-20.030564
21.247611	-20.034496
21.257591	-20.03843
21.267571	-20.042366
21.277551	-20.046303
21.287531	-20.050242
21.297511	-20.054183
21.307491	-20.058125
21.317471	-20.062069
21.327451	-20.066015
21.337431	-20.069962
21.347411	-20.073911
21.357391	-20.077861
21.367371	-20.081813
21.377351	-20.085767
21.387331	-20.089722
21.397311	-20.093679
21.407291	-20.097637
21.417271	-20.101597
21.427251	-20.105559
21.43723	-20.109522
21.44721	-20.113487
21.45719	-20.117454
21.46717	-20.121422
21.47715	-20.125392
21.48713	-20.129363
21.49711	-20.133336
21.50709	-20.137311
21.51707	-20.141287
21.52705	-20.145265
21.53703	-20.149245
21.54701	-20.153226
21.55699	-20.157208
21.56697	-20.161193
21.57695	-20.165178
21.58693	-20.169166
21.59691	-20.173155
21.60689	-20.177145
21.61687	-20.181138
21.62685	-20.185132
21.63683	-20.189127
21.64681	-20.193124
21.65679	-20.197123
21.66677	-20.201123
21.67675	-20.205125
21.68673	-20.209128
21.69671	-20.213133
21.70669	-20.217139
21.71667	-20.221148
21.72665	-20.225157
21.73663	-20.229169
21.74661	-20.233181
21.75659	-20.237196
21.76657	-20.241212
21.77655	-20.245229
21.78653	-20.249249
21.79651	-20.253269
21.80649	-20.257292
21.81647	-20.261316
21.82645	-20.265341
21.83643	-20.269368
21.84641	-20.273397
21.85639	-20.277427
21.86637	-20.281459
21.87635	-20.285492
21.88633	-20.289527
21.89631	-20.293563
21.90629	-20.297601
21.91627	-20.301641
21.92625	-20.305682
21.93623	-20.309724
21.94621	-20.313769
21.95619	-20.317814
21.96617	-20.321862
21.97615	-20.32591
21.98613	-20.329961
21.99611	-20.334013
22.00609	-20.338066
22.01607	-20.342121
22.02605	-20.346178
22.03603	-20.350236
22.04601	-20.354296
22.05599	-20.358357
22.06597	-20.36242
22.07595	-20.366484
22.08593	-20.37055
22.09591	-20.374617
22.10589	-20.378686
22.11587	-20.382757
22.12585	-20.386829
22.13583	-20.390902
22.14581	-20.394977
22.15579	-20.399054
22.16577	-20.403132
22.17575	-20.407212
22.18573	-20.411293
22.19571	-20.415375
22.20569	-20.41946
22.21567	-20.423545
22.22565	-20.427633
22.23563	-20.431721
22.24561	-20.435812
22.25559	-20.439904
22.26557	-20.443997
22.27555	-20.448092
22.28553	-20.452188
22.29551	-20.456286
22.30549	-20.460385
22.31547	-20.464486
22.32545	-20.468589
22.33543	-20.472693
22.34541	-20.476798
22.35539	-20.480905
22.36537	-20.485013
22.37535	-20.489123
22.38533	-20.493235
22.39531	-20.497348
22.40529	-20.501462
22.41527	-20.505578
22.42525	-20.509695
22.43523	-20.513814
22.44521	-20.517935
22.45519	-20.522057
22.46517	-20.52618
22.47515	-20.530305
22.48513	-20.534431
22.49511	-20.538559
22.50509	-20.542688
22.51507	-20.546819
22.52505	-20.550952
22.53503	-20.555085
22.54501	-20.559221
22.55499	-20.563358
22.56497	-20.567496
22.57495	-20.571635
22.58493	-20.575777
22.59491	-20.579919
22.60489	-20.584064
22.61487	-20.588209
22.62485	-20.592356
22.63483	-20.596505
22.64481	-20.600655
22.65479	-20.604806
22.66477	-20.608959
22.67475	-20.613114
22.68473	-20.61727
22.69471	-20.621427
22.70469	-20.625586
22.71467	-20.629746
22.72465	-20.633908
22.73463	-20.638071
22.74461	-20.642236
22.75459	-20.646402
22.76457	-20.650569
22.77455	-20.654738
22.78453	-20.658909
22.79451	-20.663081
22.80449	-20.667254
22.81447	-20.671429
22.82445	-20.675605
22.83443	-20.679783
22.84441	-20.683962
22.85439	-20.688143
22.86437	-20.692325
22.87435	-20.696508
22.88433	-20.700693
22.89431	-20.70488
22.90429	-20.709067
22.91427	-20.713257
22.92425	-20.717447
22.93423	-20.721639
22.94421	-20.725833
22.95419	-20.730028
22.96417	-20.734224
22.97415	-20.738422
22.98413	-20.742621
22.99411	-20.746822
23.00409	-20.751024
23.01407	-20.755228
23.02405	-20.759433
23.03403	-20.763639
23.04401	-20.767847
23.05399	-20.772056
23.06397	-20.776267
23.07395	-20.780479
23.08393	-20.784692
23.09391	-20.788907
23.10389	-20.793123
23.11387	-20.797341
23.12385	-20.80156
23.13383	-20.805781
23.14381	-20.810003
23.15379	-20.814226
23.16377	-20.818451
23.17375	-20.822677
23.18373	-20.826904
23.19371	-20.831133
23.20369	-20.835363
23.21367	-20.839595
23.22365	-20.843828
23.23363	-20.848063
23.24361	-20.852299
23.25359	-20.856536
23.26357	-20.860775
23.27355	-20.865015
23.28353	-20.869256
23.29351	-20.873499
23.30349	-20.877743
23.31347	-20.881989
23.32345	-20.886236
23.33343	-20.890484
23.34341	-20.894734
23.35339	-20.898985
23.36337	-20.903238
23.37335	-20.907492
23.38333	-20.911747
23.39331	-20.916004
23.40329	-20.920262
23.41327	-20.924521
23.42325	-20.928782
23.43323	-20.933044
23.44321	-20.937308
23.45319	-20.941573
23.46317	-20.945839
23.47315	-20.950106
23.48313	-20.954375
23.49311	-20.958646
23.50309	-20.962918
23.51307	-20.967191
23.52305	-20.971465
23.53303	-20.975741
23.54301	-20.980018
23.55299	-20.984296
23.56297	-20.988576
23.57295	-20.992857
23.58293	-20.99714
23.59291	-21.001424
23.60289	-21.005709
23.61287	-21.009996
23.62285	-21.014284
23.63283	-21.018573
23.64281	-21.022864
23.65279	-21.027156
23.66277	-21.031449
23.672749	-21.035744
23.682729	-21.04004
23.692709	-21.044337
23.702689	-21.048636
23.712669	-21.052936
23.722649	-21.057237
23.732629	-21.06154
23.742609	-21.065844
23.752589	-21.070149
23.762569	-21.074456
23.772549	-21.078764
23.782529	-21.083073
23.792509	-21.087383
23.802489	-21.091695
23.812469	-21.096009
23.822449	-21.100323
23.832429	-21.104639
23.842409	-21.108956
23.852389	-21.113275
23.862369	-21.117595
23.872349	-21.121916
23.882329	-21.126239
23.892309	-21.130562
23.902289	-21.134887
23.912269	-21.139214
23.922249	-21.143542
23.932229	-21.147871
23.942209	-21.152201
23.952189	-21.156533
23.962169	-21.160866
23.972149	-21.1652
23.982129	-21.169535
23.992109	-21.173872
24.002089	-21.17821
24.012069	-21.18255
24.022049	-21.186891
24.032029	-21.191233
24.042009	-21.195576
24.051989	-21.19992
24.061969	-21.204266
24.071949	-21.208614
24.081929	-21.212962
24.091909	-21.217312
24.101889	-21.221663
24.111869	-21.226015
24.121849	-21.230369
24.131829	-21.234724
24.141809	-21.23908
24.151789	-21.243437
24.161769	-21.247796
24.171749	-21.252156
24.181729	-21.256517
24.191709	-21.26088
24.201689	-21.265244
24.211669	-21.269609
24.221649	-21.273975
24.231629	-21.278343
24.241609	-21.282712
24.251589	-21.287082
24.261569	-21.291453
24.271549	-21.295826
24.281529	-21.3002
24.291509	-21.304575
24.301489	-21.308952
24.311469	-21.313329
24.321449	-21.317708
24.331429	-21.322089
24.341409	-21.32647
24.351389	-21.330853
24.361369	-21.335237
24.371349	-21.339622
24.381329	-21.344009
24.391309	-21.348396
24.401289	-21.352785
24.411269	-21.357176
24.421249	-21.361567
24.431229	-21.36596
24.441209	-21.370354
24.451189	-21.374749
24.461169	-21.379146
24.471149	-21.383543
24.481129	-21.387942
24.491109	-21.392342
24.501089	-21.396744
24.511069	-21.401146
24.521049	-21.40555
24.531029	-21.409955
24.541009	-21.414362
24.550989	-21.418769
24.560969	-21.423178
24.570949	-21.427588
24.580929	-21.431999
24.590909	-21.436412
24.600889	-21.440825
24.610869	-21.44524
24.620849	-21.449656
24.630829	-21.454074
24.640809	-21.458492
24.650789	-21.462912
24.660769	-21.467333
24.670749	-21.471755
24.680729	-21.476178
24.690709	-21.480603
24.700689	-21.485029
24.710669	-21.489456
24.720649	-21.493884
24.730629	-21.498313
24.740609	-21.502744
24.750589	-21.507176
24.760569	-21.511609
24.770549	-21.516043
24.780529	-21.520479
24.790509	-21.524915
24.800489	-21.529353
24.810469	-21.533792
24.820449	-21.538232
24.830429	-21.542674
24.840409	-21.547116
24.850389	-21.55156
24.860369	-21.556005
24.870349	-21.560451
24.880329	-21.564899
24.890309	-21.569347
24.900289	-21.573797
24.910269	-21.578248
24.920249	-21.5827
24.930229	-21.587153
24.940209	-21.591607
24.950189	-21.596063
24.960169	-21.60052
24.970149	-21.604978
24.980129	-21.609437
24.990109	-21.613897
25.000089	-21.618359
25.010069	-21.622821
25.020049	-21.627285
25.030029	-21.63175
25.040009	-21.636216
25.049989	-21.640683
25.059969	-21.645152
25.069949	-21.649621
25.079929	-21.654092
25.089909	-21.658564
25.099889	-21.663037
25.109869	-21.667512
25.119849	-21.671987
25.129829	-21.676464
25.139809	-21.680941
25.149789	-21.68542
25.159769	-21.6899
25.169749	-21.694381
25.179729	-21.698864
25.189709	-21.703347
25.199689	-21.707832
25.209669	-21.712317
25.219649	-21.716804
25.229629	-21.721292
25.239609	-21.725782
25.249589	-21.730272
25.259569	-21.734763
25.269549	-21.739256
25.279529	-21.74375
25.289509	-21.748244
25.299489	-21.75274
25.309469	-21.757238
25.319449	-21.761736
25.329429	-21.766235
25.339409	-21.770736
25.349389	-21.775237
25.359369	-21.77974
25.369349	-21.784244
25.379329	-21.788749
25.389309	-21.793255
25.399289	-21.797762
25.409269	-21.802271
25.419249	-21.80678
25.429229	-21.811291
25.439209	-21.815802
25.449189	-21.820315
25.459169	-21.824829
25.469149	-21.829344
25.479129	-21.83386
25.489109	-21.838378
25.499089	-21.842896
25.509069	-21.847416
25.519049	-21.851936
25.529029	-21.856458
25.539009	-21.860981
25.548989	-21.865504
25.558969	-21.870029
25.568949	-21.874556
25.578929	-21.879083
25.588909	-21.883611
25.598889	-21.88814
25.608869	-21.892671
25.618849	-21.897202
25.628829	-21.901735
25.638809	-21.906269
25.648789	-21.910804
25.658769	-21.91534
25.668749	-21.919877
25.678729	-21.924415
25.688709	-21.928954
25.698689	-21.933494
25.708669	-21.938035
25.718649	-21.942578
25.728629	-21.947121
25.738609	-21.951666
25.748589	-21.956212
25.758569	-21.960758
25.768549	-21.965306
25.778529	-21.969855
25.788509	-21.974405
25.798489	-21.978956
25.808469	-21.983508
25.818449	-21.988061
25.828429	-21.992615
25.838409	-21.997171
25.848389	-22.001727
25.858369	-22.006284
25.868349	-22.010843
25.878329	-22.015402
25.888309	-22.019963
25.898289	-22.024524
25.908269	-22.029087
25.918248	-22.033651
25.928228	-22.038216
25.938208	-22.042782
25.948188	-22.047348
25.958168	-22.051916
25.968148	-22.056485
25.978128	-22.061055
25.988108	-22.065627
25.998088	-22.070199
26.008068	-22.074772
26.018048	-22.079346
26.028028	-22.083921
26.038008	-22.088498
26.047988	-22.093075
26.057968	-22.097653
26.067948	-22.102233
26.077928	-22.106813
26.087908	-22.111395
26.097888	-22.115977
26.107868	-22.120561
26.117848	-22.125145
26.127828	-22.129731
26.137808	-22.134318
26.147788	-22.138905
26.157768	-22.143494
26.167748	-22.148084
26.177728	-22.152675
26.187708	-22.157266
26.197688	-22.161859
26.207668	-22.166453
26.217648	-22.171048
26.227628	-22.175644
26.237608	-22.18024
26.247588	-22.184838
26.257568	-22.189437
26.267548	-22.194037
26.277528	-22.198638
26.287508	-22.20324
26.297488	-22.207843
26.307468	-22.212447
26.317448	-22.217052
26.327428	-22.221658
26.337408	-22.226264
26.347388	-22.230872
26.357368	-22.235481
26.367348	-22.240091
26.377328	-22.244702
26.387308	-22.249314
26.397288	-22.253927
26.407268	-22.258541
26.417248	-22.263156
26.427228	-22.267772
26.437208	-22.272389
26.447188	-22.277007
26.457168	-22.281625
26.467148	-22.286245
26.477128	-22.290866
26.487108	-22.295488
26.497088	-22.300111
26.507068	-22.304735
26.517048	-22.309359
26.527028	-22.313985
26.537008	-22.318612
26.546988	-22.32324
26.556968	-22.327868
26.566948	-22.332498
26.576928	-22.337129
26.586908	-22.34176
26.596888	-22.346393
26.606868	-22.351026
26.616848	-22.355661
26.626828	-22.360296
26.636808	-22.364933
26.646788	-22.36957
26.656768	-22.374209
26.666748	-22.378848
26.676728	-22.383488
26.686708	-22.38813
26.696688	-22.392772
26.706668	-22.397415
26.716648	-22.402059
26.726628	-22.406704
26.736608	-22.41135
26.746588	-22.415997
26.756568	-22.420645
26.766548	-22.425294
26.776528	-22.429944
26.786508	-22.434595
26.796488	-22.439247
26.806468	-22.443899
26.816448	-22.448553
26.826428	-22.453208
26.836408	-22.457863
26.846388	-22.46252
26.856368	-22.467177
26.866348	-22.471835
26.876328	-22.476495
26.886308	-22.481155
26.896288	-22.485816
26.906268	-22.490478
26.916248	-22.495141
26.926228	-22.499805
26.936208	-22.50447
26.946188	-22.509136
26.956168	-22.513803
26.966148	-22.51847
26.976128	-22.523139
26.986108	-22.527809
26.996088	-22.532479
27.006068	-22.53715
27.016048	-22.541823
27.026028	-22.546496
27.036008	-22.55117
27.045988	-22.555845
27.055968	-22.560521
27.065948	-22.565198
27.075928	-22.569876
27.085908	-22.574555
27.095888	-22.579234
27.105868	-22.583915
27.115848	-22.588596
27.125828	-22.593278
27.135808	-22.597962
27.145788	-22.602646
27.155768	-22.607331
27.165748	-22.612017
27.175728	-22.616704
27.185708	-22.621392
27.195688	-22.62608
27.205668	-22.63077
27.215648	-22.63546
27.225628	-22.640152
27.235608	-22.644844
27.245588	-22.649537
27.255568	-22.654231
27.265548	-22.658926
27.275528	-22.663622
27.285508	-22.668319
27.295488	-22.673016
27.305468	-22.677715
27.315448	-22.682414
27.325428	-22.687114
27.335408	-22.691815
27.345388	-22.696518
27.355368	-22.70122
27.365348	-22.705924
27.375328	-22.710629
27.385308	-22.715334
27.395288	-22.720041
27.405268	-22.724748
27.415248	-22.729456
27.425228	-22.734165
27.435208	-22.738875
27.445188	-22.743586
27.455168	-22.748298
27.465148	-22.75301
27.475128	-22.757724
27.485108	-22.762438
27.495088	-22.767153
27.505068	-22.771869
27.515048	-22.776586
27.525028	-22.781303
27.535008	-22.786022
27.544988	-22.790741
27.554968	-22.795462
27.564948	-22.800183
27.574928	-22.804905
27.584908	-22.809628
27.594888	-22.814351
27.604868	-22.819076
27.614848	-22.823801
27.624828	-22.828528
27.634808	-22.833255
27.644788	-22.837983
27.654768	-22.842711
27.664748	-22.847441
27.674728	-22.852172
27.684708	-22.856903
27.694688	-22.861635
27.704668	-22.866368
27.714648	-22.871102
27.724628	-22.875837
27.734608	-22.880572
27.744588	-22.885308
27.754568	-22.890046
27.764548	-22.894784
27.774528	-22.899522
27.784508	-22.904262
27.794488	-22.909003
27.804468	-22.913744
27.814448	-22.918486
27.824428	-22.923229
27.834408	-22.927973
27.844388	-22.932718
27.854368	-22.937463
27.864348	-22.942209
27.874328	-22.946956
27.884308	-22.951704
27.894288	-22.956453
27.904268	-22.961203
27.914248	-22.965953
27.924228	-22.970704
27.934208	-22.975456
27.944188	-22.980209
27.954168	-22.984963
27.964148	-22.989717
27.974128	-22.994472
27.984108	-22.999228
27.994088	-23.003985
28.004068	-23.008743
28.014048	-23.013501
28.024028	-23.018261
28.034008	-23.023021
28.043988	-23.027782
28.053968	-23.032543
28.063948	-23.037306
28.073928	-23.042069
28.083908	-23.046833
28.093888	-23.051598
28.103868	-23.056364
28.113848	-23.06113
28.123828	-23.065897
28.133808	-23.070666
28.143788	-23.075434
28.153768	-23.080204
28.163747	-23.084974
28.173727	-23.089746
28.183707	-23.094518
28.193687	-23.09929
28.203667	-23.104064
28.213647	-23.108838
28.223627	-23.113613
28.233607	-23.118389
28.243587	-23.123166
28.253567	-23.127943
28.263547	-23.132722
28.273527	-23.137501
28.283507	-23.14228
28.293487	-23.147061
28.303467	-23.151842
28.313447	-23.156624
28.323427	-23.161407
28.333407	-23.166191
28.343387	-23.170975
28.353367	-23.17576
28.363347	-23.180546
28.373327	-23.185333
28.383307	-23.190121
28.393287	-23.194909
28.403267	-23.199698
28.413247	-23.204487
28.423227	-23.209278
28.433207	-23.214069
28.443187	-23.218861
28.453167	-23.223654
28.463147	-23.228448
28.473127	-23.233242
28.483107	-23.238037
28.493087	-23.242833
28.503067	-23.247629
28.513047	-23.252426
28.523027	-23.257224
28.533007	-23.262023
28.542987	-23.266823
28.552967	-23.271623
28.562947	-23.276424
28.572927	-23.281226
28.582907	-23.286028
28.592887	-23.290832
28.602867	-23.295636
28.612847	-23.30044
28.622827	-23.305246
28.632807	-23.310052
28.642787	-23.314859
28.652767	-23.319666
28.662747	-23.324475
28.672727	-23.329284
28.682707	-23.334094
28.692687	-23.338904
28.702667	-23.343716
28.712647	-23.348528
28.722627	-23.35334
28.732607	-23.358154
28.742587	-23.362968
28.752567	-23.367783
28.762547	-23.372599
28.772527	-23.377415
28.782507	-23.382232
28.792487	-23.38705
28.802467	-23.391869
28.812447	-23.396688
28.822427	-23.401508
28.832407	-23.406328
28.842387	-23.41115
28.852367	-23.415972
28.862347	-23.420795
28.872327	-23.425618
28.882307	-23.430442
28.892287	-23.435267
28.902267	-23.440093
28.912247	-23.444919
28.922227	-23.449746
28.932207	-23.454574
28.942187	-23.459403
28.952167	-23.464232
28.962147	-23.469062
28.972127	-23.473892
28.982107	-23.478723
28.992087	-23.483555
29.002067	-23.488388
29.012047	-23.493221
29.022027	-23.498055
29.032007	-23.50289
29.041987	-23.507726
29.051967	-23.512562
29.061947	-23.517398
29.071927	-23.522236
29.081907	-23.527074
29.091887	-23.531913
29.101867	-23.536753
29.111847	-23.541593
29.121827	-23.546434
29.131807	-23.551275
29.141787	-23.556118
29.151767	-23.560961
29.161747	-23.565804
29.171727	-23.570648
29.181707	-23.575493
29.191687	-23.580339
29.201667	-23.585185
29.211647	-23.590033
29.221627	-23.59488
29.231607	-23.599729
29.241587	-23.604578
29.251567	-23.609427
29.261547	-23.614278
29.271527	-23.619129
29.281507	-23.62398
29.291487	-23.628833
29.301467	-23.633686
29.311447	-23.638539
29.321427	-23.643394
29.331407	-23.648249
29.341387	-23.653105
29.351367	-23.657961
29.361347	-23.662818
29.371327	-23.667676
29.381307	-23.672534
29.391287	-23.677393
29.401267	-23.682252
29.411247	-23.687113
29.421227	-23.691974
29.431207	-23.696835
29.441187	-23.701697
29.451167	-23.70656
29.461147	-23.711424
29.471127	-23.716288
29.481107	-23.721153
29.491087	-23.726018
29.501067	-23.730884
29.511047	-23.735751
29.521027	-23.740618
29.531007	-23.745487
29.540987	-23.750355
29.550967	-23.755224
29.560947	-23.760094
29.570927	-23.764965
29.580907	-23.769836
29.590887	-23.774708
29.600867	-23.779581
29.610847	-23.784454
29.620827	-23.789327
29.630807	-23.794202
29.640787	-23.799077
29.650767	-23.803952
29.660747	-23.808829
29.670727	-23.813706
29.680707	-23.818583
29.690687	-23.823461
29.700667	-23.82834
29.710647	-23.833219
29.720627	-23.838099
29.730607	-23.84298
29.740587	-23.847861
29.750567	-23.852743
29.760547	-23.857625
29.770527	-23.862509
29.780507	-23.867392
29.790487	-23.872277
29.800467	-23.877162
29.810447	-23.882047
29.820427	-23.886933
29.830407	-23.89182
29.840387	-23.896707
29.850367	-23.901595
29.860347	-23.906484
29.870327	-23.911373
29.880307	-23.916263
29.890287	-23.921153
29.900267	-23.926044
29.910247	-23.930936
29.920227	-23.935828
29.930207	-23.940721
29.940187	-23.945614
29.950167	-23.950508
29.960147	-23.955403
29.970127	-23.960298
29.980107	-23.965194
29.990087	-23.97009
30.000067	-23.974987
30.010047	-23.979885
30.020027	-23.984783
30.030007	-23.989682
30.039987	-23.994581
30.049967	-23.999481
30.059947	-24.004382
30.069927	-24.009283
30.079907	-24.014184
30.089887	-24.019087
30.099867	-24.02399
30.109847	-24.028893
30.119827	-24.033797
30.129807	-24.038702
30.139787	-24.043607
30.149767	-24.048513
30.159747	-24.053419
30.169727	-24.058326
30.179707	-24.063233
30.189687	-24.068141
30.199667	-24.07305
30.209647	-24.077959
30.219627	-24.082869
30.229607	-24.087779
30.239587	-24.09269
30.249567	-24.097602
30.259547	-24.102514
30.269527	-24.107426
30.279507	-24.11234
30.289487	-24.117253
30.299467	-24.122168
30.309447	-24.127083
30.319427	-24.131998
30.329407	-24.136914
30.339387	-24.141831
30.349367	-24.146748
30.359347	-24.151665
30.369327	-24.156584
30.379307	-24.161502
30.389287	-24.166422
30.399267	-24.171342
30.409246	-24.176262
30.419226	-24.181183
30.429206	-24.186105
30.439186	-24.191027
30.449166	-24.195949
30.459146	-24.200873
30.469126	-24.205796
30.479106	-24.210721
30.489086	-24.215646
30.499066	-24.220571
30.509046	-24.225497
30.519026	-24.230423
30.529006	-24.23535
30.538986	-24.240278
30.548966	-24.245206
30.558946	-24.250135
30.568926	-24.255064
30.578906	-24.259993
30.588886	-24.264924
30.598866	-24.269854
30.608846	-24.274786
30.618826	-24.279718
30.628806	-24.28465
30.638786	-24.289583
30.648766	-24.294516
30.658746	-24.29945
30.668726	-24.304385
30.678706	-24.30932
30.688686	-24.314255
30.698666	-24.319191
30.708646	-24.324128
30.718626	-24.329065
30.728606	-24.334003
30.738586	-24.338941
30.748566	-24.34388
30.758546	-24.348819
30.768526	-24.353759
30.778506	-24.358699
30.788486	-24.36364
30.798466	-24.368581
30.808446	-24.373523
30.818426	-24.378465
30.828406	-24.383408
30.838386	-24.388351
30.848366	-24.393295
30.858346	-24.398239
30.868326	-24.403184
30.878306	-24.40813
30.888286	-24.413076
30.898266	-24.418022
30.908246	-24.422969
30.918226	-24.427916
30.928206	-24.432864
30.938186	-24.437812
30.948166	-24.442761
30.958146	-24.447711
30.968126	-24.452661
30.978106	-24.457611
30.988086	-24.462562
30.998066	-24.467513
31.008046	-24.472465
31.018026	-24.477418
31.028006	-24.482371
31.037986	-24.487324
31.047966	-24.492278
31.057946	-24.497232
31.067926	-24.502187
31.077906	-24.507143
31.087886	-24.512098
31.097866	-24.517055
31.107846	-24.522012
31.117826	-24.526969
31.127806	-24.531927
31.137786	-24.536885
31.147766	-24.541844
31.157746	-24.546803
31.167726	-24.551763
31.177706	-24.556723
31.187686	-24.561684
31.197666	-24.566645
31.207646	-24.571606
31.217626	-24.576568
31.227606	-24.581531
31.237586	-24.586494
31.247566	-24.591458
31.257546	-24.596422
31.267526	-24.601386
31.277506	-24.606351
31.287486	-24.611317
31.297466	-24.616283
31.307446	-24.621249
31.317426	-24.626216
31.327406	-24.631183
31.337386	-24.636151
31.347366	-24.641119
31.357346	-24.646088
31.367326	-24.651057
31.377306	-24.656027
31.387286	-24.660997
31.397266	-24.665967
31.407246	-24.670938
31.417226	-24.67591
31.427206	-24.680882
31.437186	-24.685854
31.447166	-24.690827
31.457146	-24.6958
31.467126	-24.700774
31.477106	-24.705748
31.487086	-24.710723
31.497066	-24.715698
31.507046	-24.720674
31.517026	-24.72565
31.527006	-24.730626
31.536986	-24.735603
31.546966	-24.740581
31.556946	-24.745559
31.566926	-24.750537
31.576906	-24.755516
31.586886	-24.760495
31.596866	-24.765474
31.606846	-24.770454
31.616826	-24.775435
31.626806	-24.780416
31.636786	-24.785397
31.646766	-24.790379
31.656746	-24.795361
31.666726	-24.800344
31.676706	-24.805327
31.686686	-24.810311
31.696666	-24.815295
31.706646	-24.820279
31.716626	-24.825264
31.726606	-24.830249
31.736586	-24.835235
31.746566	-24.840221
31.756546	-24.845208
31.766526	-24.850195
31.776506	-24.855183
31.786486	-24.86017
31.796466	-24.865159
31.806446	-24.870147
31.816426	-24.875137
31.826406	-24.880126
31.836386	-24.885116
31.846366	-24.890107
31.856346	-24.895098
31.866326	-24.900089
31.876306	-24.905081
31.886286	-24.910073
31.896266	-24.915065
31.906246	-24.920058
31.916226	-24.925052
31.926206	-24.930045
31.936186	-24.93504
31.946166	-24.940034
31.956146	-24.945029
31.966126	-24.950025
31.976106	-24.955021
31.986086	-24.960017
31.996066	-24.965014
32.006046	-24.970011
32.016026	-24.975008
32.026006	-24.980006
32.035986	-24.985004
32.045966	-24.990003
32.055946	-24.995002
32.065926	-25.000002
32.075906	-25.005002
32.085886	-25.010002
32.095866	-25.015003
32.105846	-25.020004
32.115826	-25.025005
32.125806	-25.030007
32.135786	-25.03501
32.145766	-25.040012
32.155746	-25.045015
32.165726	-25.050019
32.175706	-25.055023
32.185686	-25.060027
32.195666	-25.065032
32.205646	-25.070037
32.215626	-25.075043
32.225606	-25.080048
32.235586	-25.085055
32.245566	-25.090061
32.255546	-25.095068
32.265526	-25.100076
32.275506	-25.105084
32.285486	-25.110092
32.295466	-25.1151
32.305446	-25.120109
32.315426	-25.125119
32.325406	-25.130129
32.335386	-25.135139
32.345366	-25.140149
32.355346	-25.14516
32.365326	-25.150171
32.375306	-25.155183
32.385286	-25.160195
32.395266	-25.165207
32.405246	-25.17022
32.415226	-25.175233
32.425206	-25.180247
32.435186	-25.185261
32.445166	-25.190275
32.455146	-25.19529
32.465126	-25.200305
32.475106	-25.20532
32.485086	-25.210336
32.495066	-25.215352
32.505046	-25.220368
32.515026	-25.225385
32.525006	-25.230403
32.534986	-25.23542
32.544966	-25.240438
32.554946	-25.245456
32.564926	-25.250475
32.574906	-25.255494
32.584886	-25.260514
32.594866	-25.265533
32.604846	-25.270553
32.614826	-25.275574
32.624806	-25.280595
32.634786	-25.285616
32.644766	-25.290638
32.654745	-25.295659
32.664725	-25.300682
32.674705	-25.305704
32.684685	-25.310727
32.694665	-25.315751
32.704645	-25.320774
32.714625	-25.325798
32.724605	-25.330823
32.734585	-25.335848
32.744565	-25.340873
32.754545	-25.345898
32.764525	-25.350924
32.774505	-25.35595
32.784485	-25.360976
32.794465	-25.366003
32.804445	-25.37103
32.814425	-25.376058
32.824405	-25.381086
32.834385	-25.386114
32.844365	-25.391143
32.854345	-25.396171
32.864325	-25.401201
32.874305	-25.40623
32.884285	-25.41126
32.894265	-25.41629
32.904245	-25.421321
32.914225	-25.426352
32.924205	-25.431383
32.934185	-25.436415
32.944165	-25.441447
32.954145	-25.446479
32.964125	-25.451511
32.974105	-25.456544
32.984085	-25.461578
32.994065	-25.466611
33.004045	-25.471645
33.014025	-25.476679
33.024005	-25.481714
33.033985	-25.486749
33.043965	-25.491784
33.053945	-25.496819
33.063925	-25.501855
33.073905	-25.506891
33.083885	-25.511928
33.093865	-25.516965
33.103845	-25.522002
33.113825	-25.527039
33.123805	-25.532077
33.133785	-25.537115
33.143765	-25.542154
33.153745	-25.547192
33.163725	-25.552232
33.173705	-25.557271
33.183685	-25.562311
33.193665	-25.567351
33.203645	-25.572391
33.213625	-25.577432
33.223605	-25.582473
33.233585	-25.587514
33.243565	-25.592555
33.253545	-25.597597
33.263525	-25.602639
33.273505	-25.607682
33.283485	-25.612725
33.293465	-25.617768
33.303445	-25.622811
33.313425	-25.627855
33.323405	-25.632899
33.333385	-25.637943
33.343365	-25.642988
33.353345	-25.648033
33.363325	-25.653078
33.373305	-25.658124
33.383285	-25.66317
33.393265	-25.668216
33.403245	-25.673262
33.413225	-25.678309
33.423205	-25.683356
33.433185	-25.688403
33.443165	-25.693451
33.453145	-25.698499
33.463125	-25.703547
33.473105	-25.708596
33.483085	-25.713644
33.493065	-25.718693
33.503045	-25.723743
33.513025	-25.728793
33.523005	-25.733843
33.532985	-25.738893
33.542965	-25.743943
33.552945	-25.748994
33.562925	-25.754045
33.572905	-25.759097
33.582885	-25.764148
33.592865	-25.7692
33.602845	-25.774253
33.612825	-25.779305
33.622805	-25.784358
33.632785	-25.789411
33.642765	-25.794465
33.652745	-25.799518
33.662725	-25.804572
33.672705	-25.809627
33.682685	-25.814681
33.692665	-25.819736
33.702645	-25.824791
33.712625	-25.829846
33.722605	-25.834902
33.732585	-25.839958
33.742565	-25.845014
33.752545	-25.85007
33.762525	-25.855127
33.772505	-25.860184
33.782485	-25.865241
33.792465	-25.870299
33.802445	-25.875357
33.812425	-25.880415
33.822405	-25.885473
33.832385	-25.890532
33.842365	-25.895591
33.852345	-25.90065
33.862325	-25.905709
33.872305	-25.910769
33.882285	-25.915829
33.892265	-25.920889
33.902245	-25.92595
33.912225	-25.93101
33.922205	-25.936071
33.932185	-25.941133
33.942165	-25.946194
33.952145	-25.951256
33.962125	-25.956318
33.972105	-25.96138
33.982085	-25.966443
33.992065	-25.971506
34.002045	-25.976569
34.012025	-25.981632
34.022005	-25.986696
34.031985	-25.99176
34.041965	-25.996824
34.051945	-26.001888
34.061925	-26.006953
34.071905	-26.012018
34.081885	-26.017083
34.091865	-26.022148
34.101845	-26.027214
34.111825	-26.032279
34.121805	-26.037346
34.131785	-26.042412
34.141765	-26.047478
34.151745	-26.052545
34.161725	-26.057612
34.171705	-26.06268
34.181685	-26.067747
34.191665	-26.072815
34.201645	-26.077883
34.211625	-26.082951
34.221605	-26.08802
34.231585	-26.093089
34.241565	-26.098158
34.251545	-26.103227
34.261525	-26.108297
34.271505	-26.113366
34.281485	-26.118436
34.291465	-26.123506
34.301445	-26.128577
34.311425	-26.133648
34.321405	-26.138719
34.331385	-26.14379
34.341365	-26.148861
34.351345	-26.153933
34.361325	-26.159005
34.371305	-26.164077
34.381285	-26.169149
34.391265	-26.174222
34.401245	-26.179294
34.411225	-26.184367
34.421205	-26.189441
34.431185	-26.194514
34.441165	-26.199588
34.451145	-26.204662
34.461125	-26.209736
34.471105	-26.21481
34.481085	-26.219885
34.491065	-26.224959
34.501045	-26.230034
34.511025	-26.23511
34.521005	-26.240185
34.530985	-26.245261
34.540965	-26.250337
34.550945	-26.255413
34.560925	-26.260489
34.570905	-26.265566
34.580885	-26.270643
34.590865	-26.27572
34.600845	-26.280797
34.610825	-26.285874
34.620805	-26.290952
34.630785	-26.29603
34.640765	-26.301108
34.650745	-26.306186
34.660725	-26.311265
34.670705	-26.316343
34.680685	-26.321422
34.690665	-26.326501
34.700645	-26.331581
34.710625	-26.33666
34.720605	-26.34174
34.730585	-26.34682
34.740565	-26.3519
34.750545	-26.356981
34.760525	-26.362061
34.770505	-26.367142
34.780485	-26.372223
34.790465	-26.377304
34.800445	-26.382386
34.810425	-26.387467
34.820405	-26.392549
34.830385	-26.397631
34.840365	-26.402713
34.850345	-26.407796
34.860325	-26.412878
34.870305	-26.417961
34.880285	-26.423044
34.890265	-26.428127
34.900244	-26.433211
34.910224	-26.438294
34.920204	-26.443378
34.930184	-26.448462
34.940164	-26.453546
34.950144	-26.458631
34.960124	-26.463715
34.970104	-26.4688
34.980084	-26.473885
34.990064	-26.47897
35.000044	-26.484056
35.010024	-26.489141
35.020004	-26.494227
35.029984	-26.499313
35.039964	-26.504399
35.049944	-26.509485
35.059924	-26.514572
35.069904	-26.519658
35.079884	-26.524745
35.089864	-26.529832
35.099844	-26.534919
35.109824	-26.540007
35.119804	-26.545094
35.129784	-26.550182
35.139764	-26.55527
35.149744	-26.560358
35.159724	-26.565446
35.169704	-26.570535
35.179684	-26.575624
35.189664	-26.580712
35.199644	-26.585802
35.209624	-26.590891
35.219604	-26.59598
35.229584	-26.60107
35.239564	-26.606159
35.249544	-26.611249
35.259524	-26.616339
35.269504	-26.62143
35.279484	-26.62652
35.289464	-26.631611
35.299444	-26.636701
35.309424	-26.641792
35.319404	-26.646884
35.329384	-26.651975
35.339364	-26.657066
35.349344	-26.662158
35.359324	-26.66725
35.369304	-26.672342
35.379284	-26.677434
35.389264	-26.682526
35.399244	-26.687619
35.409224	-26.692711
35.419204	-26.697804
35.429184	-26.702897
35.439164	-26.70799
35.449144	-26.713083
35.459124	-26.718177
35.469104	-26.72327
35.479084	-26.728364
35.489064	-26.733458
35.499044	-26.738552
35.509024	-26.743647
35.519004	-26.748741
35.528984	-26.753836
35.538964	-26.75893
35.548944	-26.764025
35.558924	-26.76912
35.568904	-26.774215
35.578884	-26.779311
35.588864	-26.784406
35.598844	-26.789502
35.608824	-26.794598
35.618804	-26.799694
35.628784	-26.80479
35.638764	-26.809886
35.648744	-26.814983
35.658724	-26.820079
35.668704	-26.825176
35.678684	-26.830273
35.688664	-26.83537
35.698644	-26.840467
35.708624	-26.845564
35.718604	-26.850662
35.728584	-26.855759
35.738564	-26.860857
35.748544	-26.865955
35.758524	-26.871053
35.768504	-26.876151
35.778484	-26.88125
35.788464	-26.886348
35.798444	-26.891447
35.808424	-26.896546
35.818404	-26.901645
35.828384	-26.906744
35.838364	-26.911843
35.848344	-26.916942
35.858324	-26.922042
35.868304	-26.927141
35.878284	-26.932241
35.888264	-26.937341
35.898244	-26.942441
35.908224	-26.947541
35.918204	-26.952641
35.928184	-26.957742
35.938164	-26.962842
35.948144	-26.967943
35.958124	-26.973044
35.968104	-26.978145
35.978084	-26.983246
35.988064	-26.988347
35.998044	-26.993449
36.008024	-26.99855
36.018004	-27.003652
36.027984	-27.008754
36.037964	-27.013856
36.047944	-27.018958
36.057924	-27.02406
36.067904	-27.029162
36.077884	-27.034264
36.087864	-27.039367
36.097844	-27.04447
36.107824	-27.049572
36.117804	-27.054675
36.127784	-27.059778
36.137764	-27.064882
36.147744	-27.069985
36.157724	-27.075088
36.167704	-27.080192
36.177684	-27.085295
36.187664	-27.090399
36.197644	-27.095503
36.207624	-27.100607
36.217604	-27.105711
36.227584	-27.110815
36.237564	-27.11592
36.247544	-27.121024
36.257524	-27.126129
36.267504	-27.131234
36.277484	-27.136338
36.287464	-27.141443
36.297444	-27.146549
36.307424	-27.151654
36.317404	-27.156759
36.327384	-27.161864
36.337364	-27.16697
36.347344	-27.172076
36.357324	-27.177181
36.367304	-27.182287
36.377284	-27.187393
36.387264	-27.192499
36.397244	-27.197605
36.407224	-27.202712
36.417204	-27.207818
36.427184	-27.212925
36.437164	-27.218031
36.447144	-27.223138
36.457124	-27.228245
36.467104	-27.233352
36.477084	-27.238459
36.487064	-27.243566
36.497044	-27.248673
36.507024	-27.253781
36.517004	-27.258888
36.526984	-27.263996
36.536964	-27.269103
36.546944	-27.274211
36.556924	-27.279319
36.566904	-27.284427
36.576884	-27.289535
36.586864	-27.294643
36.596844	-27.299751
36.606824	-27.30486
36.616804	-27.309968
36.626784	-27.315077
36.636764	-27.320185
36.646744	-27.325294
36.656724	-27.330403
36.666704	-27.335512
36.676684	-27.340621
36.686664	-27.34573
36.696644	-27.350839
36.706624	-27.355949
36.716604	-27.361058
36.726584	-27.366168
36.736564	-27.371277
36.746544	-27.376387
36.756524	-27.381497
36.766504	-27.386607
36.776484	-27.391717
36.786464	-27.396827
36.796444	-27.401937
36.806424	-27.407047
36.816404	-27.412157
36.826384	-27.417268
36.836364	-27.422378
36.846344	-27.427489
36.856324	-27.4326
36.866304	-27.43771
36.876284	-27.442821
36.886264	-27.447932
36.896244	-27.453043
36.906224	-27.458154
36.916204	-27.463265
36.926184	-27.468377
36.936164	-27.473488
36.946144	-27.478599
36.956124	-27.483711
36.966104	-27.488822
36.976084	-27.493934
36.986064	-27.499046
36.996044	-27.504158
37.006024	-27.509269
37.016004	-27.514381
37.025984	-27.519493
37.035964	-27.524606
37.045944	-27.529718
37.055924	-27.53483
37.065904	-27.539942
37.075884	-27.545055
37.085864	-27.550167
37.095844	-27.55528
37.105824	-27.560393
37.115804	-27.565505
37.125784	-27.570618
37.135764	-27.575731
37.145743	-27.580844
37.155723	-27.585957
37.165703	-27.59107
37.175683	-27.596183
37.185663	-27.601296
37.195643	-27.60641
37.205623	-27.611523
37.215603	-27.616636
37.225583	-27.62175
37.235563	-27.626863
37.245543	-27.631977
37.255523	-27.637091
37.265503	-27.642204
37.275483	-27.647318
37.285463	-27.652432
37.295443	-27.657546
37.305423	-27.66266
37.315403	-27.667774
37.325383	-27.672888
37.335363	-27.678002
37.345343	-27.683117
37.355323	-27.688231
37.365303	-27.693345
37.375283	-27.69846
37.385263	-27.703574
37.395243	-27.708689
37.405223	-27.713803
37.415203	-27.718918
37.425183	-27.724033
37.435163	-27.729148
37.445143	-27.734262
37.455123	-27.739377
37.465103	-27.744492
37.475083	-27.749607
37.485063	-27.754722
37.495043	-27.759837
37.505023	-27.764953
37.515003	-27.770068
37.524983	-27.775183
37.534963	-27.780298
37.544943	-27.785414
37.554923	-27.790529
37.564903	-27.795645
37.574883	-27.80076
37.584863	-27.805876
37.594843	-27.810991
37.604823	-27.816107
37.614803	-27.821223
37.624783	-27.826339
37.634763	-27.831454
37.644743	-27.83657
37.654723	-27.841686
37.664703	-27.846802
37.674683	-27.851918
37.684663	-27.857034
37.694643	-27.86215
37.704623	-27.867266
37.714603	-27.872383
37.724583	-27.877499
37.734563	-27.882615
37.744543	-27.887731
37.754523	-27.892848
37.764503	-27.897964
37.774483	-27.903081
37.784463	-27.908197
37.794443	-27.913314
37.804423	-27.91843
37.814403	-27.923547
37.824383	-27.928663
37.834363	-27.93378
37.844343	-27.938897
37.854323	-27.944014
37.864303	-27.94913
37.874283	-27.954247
37.884263	-27.959364
37.894243	-27.964481
37.904223	-27.969598
37.914203	-27.974715
37.924183	-27.979832
37.934163	-27.984949
37.944143	-27.990066
37.954123	-27.995183
37.964103	-28.0003
37.974083	-28.005417
37.984063	-28.010535
37.994043	-28.015652
38.004023	-28.020769
38.014003	-28.025886
38.023983	-28.031004
38.033963	-28.036121
38.043943	-28.041238
38.053923	-28.046356
38.063903	-28.051473
38.073883	-28.056591
38.083863	-28.061708
38.093843	-28.066826
38.103823	-28.071943
38.113803	-28.077061
38.123783	-28.082178
38.133763	-28.087296
38.143743	-28.092414
38.153723	-28.097531
38.163703	-28.102649
38.173683	-28.107767
38.183663	-28.112884
38.193643	-28.118002
38.203623	-28.12312
38.213603	-28.128238
38.223583	-28.133356
38.233563	-28.138473
38.243543	-28.143591
38.253523	-28.148709
38.263503	-28.153827
38.273483	-28.158945
38.283463	-28.164063
38.293443	-28.169181
38.303423	-28.174299
38.313403	-28.179417
38.323383	-28.184535
38.333363	-28.189653
38.343343	-28.194771
38.353323	-28.199889
38.363303	-28.205007
38.373283	-28.210125
38.383263	-28.215243
38.393243	-28.220361
38.403223	-28.225479
38.413203	-28.230598
38.423183	-28.235716
38.433163	-28.240834
38.443143	-28.245952
38.453123	-28.25107
38.463103	-28.256188
38.473083	-28.261307
38.483063	-28.266425
38.493043	-28.271543
38.503023	-28.276661
38.513003	-28.281779
38.522983	-28.286898
38.532963	-28.292016
38.542943	-28.297134
38.552923	-28.302253
38.562903	-28.307371
38.572883	-28.312489
38.582863	-28.317607
38.592843	-28.322726
38.602823	-28.327844
38.612803	-28.332962
38.622783	-28.338081
38.632763	-28.343199
38.642743	-28.348317
38.652723	-28.353435
38.662703	-28.358554
38.672683	-28.363672
38.682663	-28.36879
38.692643	-28.373909
38.702623	-28.379027
38.712603	-28.384145
38.722583	-28.389264
38.732563	-28.394382
38.742543	-28.3995
38.752523	-28.404619
38.762503	-28.409737
38.772483	-28.414855
38.782463	-28.419974
38.792443	-28.425092
38.802423	-28.43021
38.812403	-28.435328
38.822383	-28.440447
38.832363	-28.445565
38.842343	-28.450683
38.852323	-28.455802
38.862303	-28.46092
38.872283	-28.466038
38.882263	-28.471156
38.892243	-28.476275
38.902223	-28.481393
38.912203	-28.486511
38.922183	-28.491629
38.932163	-28.496748
38.942143	-28.501866
38.952123	-28.506984
38.962103	-28.512102
38.972083	-28.51722
38.982063	-28.522339
38.992043	-28.527457
39.002023	-28.532575
39.012003	-28.537693
39.021983	-28.542811
39.031963	-28.547929
39.041943	-28.553047
39.051923	-28.558165
39.061903	-28.563283
39.071883	-28.568401
39.081863	-28.57352
39.091843	-28.578638
39.101823	-28.583756
39.111803	-28.588874
39.121783	-28.593991
39.131763	-28.599109
39.141743	-28.604227
39.151723	-28.609345
39.161703	-28.614463
39.171683	-28.619581
39.181663	-28.624699
39.191643	-28.629817
39.201623	-28.634935
39.211603	-28.640052
39.221583	-28.64517
39.231563	-28.650288
39.241543	-28.655406
39.251523	-28.660523
39.261503	-28.665641
39.271483	-28.670759
39.281463	-28.675876
39.291443	-28.680994
39.301423	-28.686112
39.311403	-28.691229
39.321383	-28.696347
39.331363	-28.701464
39.341343	-28.706582
39.351323	-28.711699
39.361303	-28.716817
39.371283	-28.721934
39.381263	-28.727052
39.391242	-28.732169
39.401222	-28.737286
39.411202	-28.742404
39.421182	-28.747521
39.431162	-28.752638
39.441142	-28.757755
39.451122	-28.762873
39.461102	-28.76799
39.471082	-28.773107
39.481062	-28.778224
39.491042	-28.783341
39.501022	-28.788458
39.511002	-28.793575
39.520982	-28.798692
39.530962	-28.803809
39.540942	-28.808926
39.550922	-28.814043
39.560902	-28.81916
39.570882	-28.824277
39.580862	-28.829394
39.590842	-28.83451
39.600822	-28.839627
39.610802	-28.844744
39.620782	-28.84986
39.630762	-28.854977
39.640742	-28.860094
39.650722	-28.86521
39.660702	-28.870327
39.670682	-28.875443
39.680662	-28.880559
39.690642	-28.885676
39.700622	-28.890792
39.710602	-28.895909
39.720582	-28.901025
39.730562	-28.906141
39.740542	-28.911257
39.750522	-28.916373
39.760502	-28.921489
39.770482	-28.926606
39.780462	-28.931722
39.790442	-28.936838
39.800422	-28.941953
39.810402	-28.947069
39.820382	-28.952185
39.830362	-28.957301
39.840342	-28.962417
39.850322	-28.967533
39.860302	-28.972648
39.870282	-28.977764
39.880262	-28.982879
39.890242	-28.987995
39.900222	-28.99311
39.910202	-28.998226
39.920182	-29.003341
39.930162	-29.008457
39.940142	-29.013572
39.950122	-29.018687
39.960102	-29.023802
39.970082	-29.028918
39.980062	-29.034033
39.990042	-29.039148
40.000022	-29.044263
40.010002	-29.049378
40.019982	-29.054493
40.029962	-29.059608
40.039942	-29.064722
40.049922	-29.069837
40.059902	-29.074952
40.069882	-29.080067
40.079862	-29.085181
40.089842	-29.090296
40.099822	-29.09541
40.109802	-29.100525
40.119782	-29.105639
40.129762	-29.110753
40.139742	-29.115868
40.149722	-29.120982
40.159702	-29.126096
40.169682	-29.13121
40.179662	-29.136324
40.189642	-29.141438
40.199622	-29.146552
40.209602	-29.151666
40.219582	-29.15678
40.229562	-29.161894
40.239542	-29.167007
40.249522	-29.172121
40.259502	-29.177235
40.269482	-29.182348
40.279462	-29.187462
40.289442	-29.192575
40.299422	-29.197689
40.309402	-29.202802
40.319382	-29.207915
40.329362	-29.213028
40.339342	-29.218141
40.349322	-29.223254
40.359302	-29.228367
40.369282	-29.23348
40.379262	-29.238593
40.389242	-29.243706
40.399222	-29.248819
40.409202	-29.253931
40.419182	-29.259044
40.429162	-29.264157
40.439142	-29.269269
40.449122	-29.274382
40.459102	-29.279494
40.469082	-29.284606
40.479062	-29.289718
40.489042	-29.294831
40.499022	-29.299943
40.509002	-29.305055
40.518982	-29.310167
40.528962	-29.315278
40.538942	-29.32039
40.548922	-29.325502
40.558902	-29.330614
40.568882	-29.335725
40.578862	-29.340837
40.588842	-29.345948
40.598822	-29.35106
40.608802	-29.356171
40.618782	-29.361282
40.628762	-29.366393
40.638742	-29.371505
40.648722	-29.376616
40.658702	-29.381727
40.668682	-29.386837
40.678662	-29.391948
40.688642	-29.397059
40.698622	-29.40217
40.708602	-29.40728
40.718582	-29.412391
40.728562	-29.417501
40.738542	-29.422612
40.748522	-29.427722
40.758502	-29.432832
40.768482	-29.437942
40.778462	-29.443052
40.788442	-29.448162
40.798422	-29.453272
40.808402	-29.458382
40.818382	-29.463492
40.828362	-29.468602
40.838342	-29.473711
40.848322	-29.478821
40.858302	-29.48393
40.868282	-29.48904
40.878262	-29.494149
40.888242	-29.499258
40.898222	-29.504367
40.908202	-29.509476
40.918182	-29.514585
40.928162	-29.519694
40.938142	-29.524803
40.948122	-29.529912
40.958102	-29.53502
40.968082	-29.540129
40.978062	-29.545237
40.988042	-29.550346
40.998022	-29.555454
41.008002	-29.560562
41.017982	-29.56567
41.027962	-29.570778
41.037942	-29.575886
41.047922	-29.580994
41.057902	-29.586102
41.067882	-29.59121
41.077862	-29.596317
41.087842	-29.601425
41.097822	-29.606532
41.107802	-29.61164
41.117782	-29.616747
41.127762	-29.621854
41.137742	-29.626961
41.147722	-29.632068
41.157702	-29.637175
41.167682	-29.642282
41.177662	-29.647389
41.187642	-29.652495
41.197622	-29.657602
41.207602	-29.662709
41.217582	-29.667815
41.227562	-29.672921
41.237542	-29.678027
41.247522	-29.683134
41.257502	-29.68824
41.267482	-29.693345
41.277462	-29.698451
41.287442	-29.703557
41.297422	-29.708663
41.307402	-29.713768
41.317382	-29.718874
41.327362	-29.723979
41.337342	-29.729084
41.347322	-29.73419
41.357302	-29.739295
41.367282	-29.7444
41.377262	-29.749505
41.387242	-29.754609
41.397222	-29.759714
41.407202	-29.764819
41.417182	-29.769923
41.427162	-29.775028
41.437142	-29.780132
41.447122	-29.785236
41.457102	-29.79034
41.467082	-29.795444
41.477062	-29.800548
41.487042	-29.805652
41.497022	-29.810756
41.507002	-29.815859
41.516982	-29.820963
41.526962	-29.826066
41.536942	-29.83117
41.546922	-29.836273
41.556902	-29.841376
41.566882	-29.846479
41.576862	-29.851582
41.586842	-29.856685
41.596822	-29.861787
41.606802	-29.86689
41.616782	-29.871993
41.626762	-29.877095
41.636741	-29.882197
41.646721	-29.887299
41.656701	-29.892402
41.666681	-29.897504
41.676661	-29.902605
41.686641	-29.907707
41.696621	-29.912809
41.706601	-29.91791
41.716581	-29.923012
41.726561	-29.928113
41.736541	-29.933215
41.746521	-29.938316
41.756501	-29.943417
41.766481	-29.948518
41.776461	-29.953618
41.786441	-29.958719
41.796421	-29.96382
41.806401	-29.96892
41.816381	-29.974021
41.826361	-29.979121
41.836341	-29.984221
41.846321	-29.989321
41.856301	-29.994421
41.866281	-29.999521
41.876261	-30.004621
41.886241	-30.00972
41.896221	-30.01482
41.906201	-30.019919
41.916181	-30.025019
41.926161	-30.030118
41.936141	-30.035217
41.946121	-30.040316
41.956101	-30.045415
41.966081	-30.050513
41.976061	-30.055612
41.986041	-30.06071
41.996021	-30.065809
42.006001	-30.070907
42.015981	-30.076005
42.025961	-30.081103
42.035941	-30.086201
42.045921	-30.091299
42.055901	-30.096397
42.065881	-30.101494
42.075861	-30.106592
42.085841	-30.111689
42.095821	-30.116786
42.105801	-30.121883
42.115781	-30.12698
42.125761	-30.132077
42.135741	-30.137174
42.145721	-30.142271
42.155701	-30.147367
42.165681	-30.152464
42.175661	-30.15756
42.185641	-30.162656
42.195621	-30.167752
42.205601	-30.172848
42.215581	-30.177944
42.225561	-30.183039
42.235541	-30.188135
42.245521	-30.19323
42.255501	-30.198326
42.265481	-30.203421
42.275461	-30.208516
42.285441	-30.213611
42.295421	-30.218706
42.305401	-30.2238
42.315381	-30.228895
42.325361	-30.23399
42.335341	-30.239084
42.345321	-30.244178
42.355301	-30.249272
42.365281	-30.254366
42.375261	-30.25946
42.385241	-30.264554
42.395221	-30.269647
42.405201	-30.274741
42.415181	-30.279834
42.425161	-30.284927
42.435141	-30.29002
42.445121	-30.295113
42.455101	-30.300206
42.465081	-30.305299
42.475061	-30.310391
42.485041	-30.315484
42.495021	-30.320576
42.505001	-30.325668
42.514981	-30.33076
42.524961	-30.335852
42.534941	-30.340944
42.544921	-30.346036
42.554901	-30.351127
42.564881	-30.356219
42.574861	-30.36131
42.584841	-30.366401
42.594821	-30.371492
42.604801	-30.376583
42.614781	-30.381674
42.624761	-30.386765
42.634741	-30.391855
42.644721	-30.396945
42.654701	-30.402036
42.664681	-30.407126
42.674661	-30.412216
42.684641	-30.417305
42.694621	-30.422395
42.704601	-30.427485
42.714581	-30.432574
42.724561	-30.437663
42.734541	-30.442753
42.744521	-30.447842
42.754501	-30.452931
42.764481	-30.458019
42.774461	-30.463108
42.784441	-30.468196
42.794421	-30.473285
42.804401	-30.478373
42.814381	-30.483461
42.824361	-30.488549
42.834341	-30.493637
42.844321	-30.498724
42.854301	-30.503812
42.864281	-30.508899
42.874261	-30.513987
42.884241	-30.519074
42.894221	-30.524161
42.904201	-30.529248
42.914181	-30.534334
42.924161	-30.539421
42.934141	-30.544507
42.944121	-30.549593
42.954101	-30.55468
42.964081	-30.559766
42.974061	-30.564851
42.984041	-30.569937
42.994021	-30.575023
43.004001	-30.580108
43.013981	-30.585193
43.023961	-30.590279
43.033941	-30.595364
43.043921	-30.600448
43.053901	-30.605533
43.063881	-30.610618
43.073861	-30.615702
43.083841	-30.620786
43.093821	-30.625871
43.103801	-30.630955
43.113781	-30.636038
43.123761	-30.641122
43.133741	-30.646206
43.143721	-30.651289
43.153701	-30.656372
43.163681	-30.661456
43.173661	-30.666539
43.183641	-30.671621
43.193621	-30.676704
43.203601	-30.681787
43.213581	-30.686869
43.223561	-30.691951
43.233541	-30.697033
43.243521	-30.702115
43.253501	-30.707197
43.263481	-30.712279
43.273461	-30.71736
43.283441	-30.722442
43.293421	-30.727523
43.303401	-30.732604
43.313381	-30.737685
43.323361	-30.742766
43.333341	-30.747846
43.343321	-30.752927
43.353301	-30.758007
43.363281	-30.763087
43.373261	-30.768167
43.383241	-30.773247
43.393221	-30.778327
43.403201	-30.783406
43.413181	-30.788486
43.423161	-30.793565
43.433141	-30.798644
43.443121	-30.803723
43.453101	-30.808802
43.463081	-30.81388
43.473061	-30.818959
43.483041	-30.824037
43.493021	-30.829115
43.503001	-30.834193
43.512981	-30.839271
43.522961	-30.844349
43.532941	-30.849426
43.542921	-30.854504
43.552901	-30.859581
43.562881	-30.864658
43.572861	-30.869735
43.582841	-30.874812
43.592821	-30.879888
43.602801	-30.884965
43.612781	-30.890041
43.622761	-30.895117
43.632741	-30.900193
43.642721	-30.905269
43.652701	-30.910345
43.662681	-30.91542
43.672661	-30.920496
43.682641	-30.925571
43.692621	-30.930646
43.702601	-30.935721
43.712581	-30.940795
43.722561	-30.94587
43.732541	-30.950944
43.742521	-30.956019
43.752501	-30.961093
43.762481	-30.966167
43.772461	-30.97124
43.782441	-30.976314
43.792421	-30.981387
43.802401	-30.986461
43.812381	-30.991534
43.822361	-30.996607
43.832341	-31.00168
43.842321	-31.006752
43.852301	-31.011825
43.862281	-31.016897
43.872261	-31.021969
43.88224	-31.027041
43.89222	-31.032113
43.9022	-31.037184
43.91218	-31.042256
43.92216	-31.047327
43.93214	-31.052398
43.94212	-31.057469
43.9521	-31.06254
43.96208	-31.067611
43.97206	-31.072681
43.98204	-31.077752
43.99202	-31.082822
44.002	-31.087892
44.01198	-31.092962
44.02196	-31.098031
44.03194	-31.103101
44.04192	-31.10817
44.0519	-31.113239
44.06188	-31.118308
44.07186	-31.123377
44.08184	-31.128446
44.09182	-31.133514
44.1018	-31.138582
44.11178	-31.14365
44.12176	-31.148718
44.13174	-31.153786
44.14172	-31.158854
44.1517	-31.163921
44.16168	-31.168989
44.17166	-31.174056
44.18164	-31.179123
44.19162	-31.184189
44.2016	-31.189256
44.21158	-31.194323
44.22156	-31.199389
44.23154	-31.204455
44.24152	-31.209521
44.2515	-31.214587
44.26148	-31.219652
44.27146	-31.224717
44.28144	-31.229783
44.29142	-31.234848
44.3014	-31.239913
44.31138	-31.244977
44.32136	-31.250042
44.33134	-31.255106
44.34132	-31.26017
44.3513	-31.265234
44.36128	-31.270298
44.37126	-31.275362
44.38124	-31.280425
44.39122	-31.285489
44.4012	-31.290552
44.41118	-31.295615
44.42116	-31.300678
44.43114	-31.30574
44.44112	-31.310803
44.4511	-31.315865
44.46108	-31.320927
44.47106	-31.325989
44.48104	-31.331051
44.49102	-31.336112
44.501	-31.341173
44.51098	-31.346235
44.52096	-31.351296
44.53094	-31.356356
44.54092	-31.361417
44.5509	-31.366478
44.56088	-31.371538
44.57086	-31.376598
44.58084	-31.381658
44.59082	-31.386718
44.6008	-31.391777
44.61078	-31.396837
44.62076	-31.401896
44.63074	-31.406955
44.64072	-31.412014
44.6507	-31.417072
44.66068	-31.422131
44.67066	-31.427189
44.68064	-31.432247
44.69062	-31.437305
44.7006	-31.442363
44.71058	-31.447421
44.72056	-31.452478
44.73054	-31.457535
44.74052	-31.462592
44.7505	-31.467649
44.76048	-31.472706
44.77046	-31.477762
44.78044	-31.482818
44.79042	-31.487874
44.8004	-31.49293
44.81038	-31.497986
44.82036	-31.503042
44.83034	-31.508097
44.84032	-31.513152
44.8503	-31.518207
44.86028	-31.523262
44.87026	-31.528317
44.88024	-31.533371
44.89022	-31.538425
44.9002	-31.543479
44.91018	-31.548533
44.92016	-31.553587
44.93014	-31.55864
44.94012	-31.563694
44.9501	-31.568747
44.96008	-31.5738
44.97006	-31.578852
44.98004	-31.583905
44.99002	-31.588957
45	-31.59401
