Freq_GHz	Model_dBm
0.1	-17.958848
0.10998	-17.958858
0.11995999	-17.958869
0.12993999	-17.958881
0.13991998	-17.958894
0.14989998	-17.958908
0.15987997	-17.958923
0.16985997	-17.958939
0.17983996	-17.958955
0.18981996	-17.958973
0.19979996	-17.958992
0.20977995	-17.959011
0.21975995	-17.959032
0.22973994	-17.959053
0.23971994	-17.959076
0.24969993	-17.959099
0.25967993	-17.959124
0.26965992	-17.959149
0.27963992	-17.959175
0.28961992	-17.959203
0.29959991	-17.959231
0.30957991	-17.95926
0.3195599	-17.95929
0.3295399	-17.959321
0.33951989	-17.959353
0.34949989	-17.959386
0.35947988	-17.95942
0.36945988	-17.959455
0.37943988	-17.959491
0.38941987	-17.959528
0.39939987	-17.959566
0.40937986	-17.959604
0.41935986	-17.959644
0.42933985	-17.959685
0.43931985	-17.959726
0.44929984	-17.959769
0.45927984	-17.959812
0.46925984	-17.959857
0.47923983	-17.959902
0.48921983	-17.959949
0.49919982	-17.959996
0.50917982	-17.960044
0.51915981	-17.960094
0.52913981	-17.960144
0.5391198	-17.960195
0.5490998	-17.960247
0.5590798	-17.9603
0.56905979	-17.960354
0.57903979	-17.960409
0.58901978	-17.960465
0.59899978	-17.960522
0.60897977	-17.96058
0.61895977	-17.960639
0.62893976	-17.960699
0.63891976	-17.96076
0.64889976	-17.960821
0.65887975	-17.960884
0.66885975	-17.960948
0.67883974	-17.961012
0.68881974	-17.961078
0.69879973	-17.961144
0.70877973	-17.961212
0.71875972	-17.96128
0.72873972	-17.961349
0.73871972	-17.96142
0.74869971	-17.961491
0.75867971	-17.961563
0.7686597	-17.961637
0.7786397	-17.961711
0.78861969	-17.961786
0.79859969	-17.961862
0.80857968	-17.961939
0.81855968	-17.962017
0.82853968	-17.962096
0.83851967	-17.962176
0.84849967	-17.962257
0.85847966	-17.962339
0.86845966	-17.962421
0.87843965	-17.962505
0.88841965	-17.96259
0.89839964	-17.962676
0.90837964	-17.962762
0.91835964	-17.96285
0.92833963	-17.962938
0.93831963	-17.963028
0.94829962	-17.963118
0.95827962	-17.96321
0.96825961	-17.963302
0.97823961	-17.963396
0.9882196	-17.96349
0.9981996	-17.963585
1.0081796	-17.963682
1.0181596	-17.963779
1.0281396	-17.963877
1.0381196	-17.963976
1.0480996	-17.964076
1.0580796	-17.964177
1.0680596	-17.964279
1.0780396	-17.964382
1.0880196	-17.964486
1.0979996	-17.964591
1.1079796	-17.964697
1.1179595	-17.964804
1.1279395	-17.964911
1.1379195	-17.96502
1.1478995	-17.96513
1.1578795	-17.965241
1.1678595	-17.965352
1.1778395	-17.965465
1.1878195	-17.965578
1.1977995	-17.965693
1.2077795	-17.965808
1.2177595	-17.965925
1.2277395	-17.966042
1.2377195	-17.966161
1.2476995	-17.96628
1.2576795	-17.9664
1.2676595	-17.966522
1.2776395	-17.966644
1.2876195	-17.966767
1.2975995	-17.966891
1.3075795	-17.967016
1.3175595	-17.967142
1.3275395	-17.96727
1.3375194	-17.967398
1.3474994	-17.967527
1.3574794	-17.967656
1.3674594	-17.967787
1.3774394	-17.967919
1.3874194	-17.968052
1.3973994	-17.968186
1.4073794	-17.968321
1.4173594	-17.968456
1.4273394	-17.968593
1.4373194	-17.968731
1.4472994	-17.96887
1.4572794	-17.969009
1.4672594	-17.96915
1.4772394	-17.969291
1.4872194	-17.969434
1.4971994	-17.969577
1.5071794	-17.969722
1.5171594	-17.969867
1.5271394	-17.970013
1.5371194	-17.970161
1.5470994	-17.970309
1.5570794	-17.970458
1.5670593	-17.970609
1.5770393	-17.97076
1.5870193	-17.970912
1.5969993	-17.971065
1.6069793	-17.971219
1.6169593	-17.971375
1.6269393	-17.971531
1.6369193	-17.971688
1.6468993	-17.971846
1.6568793	-17.972005
1.6668593	-17.972165
1.6768393	-17.972325
1.6868193	-17.972487
1.6967993	-17.97265
1.7067793	-17.972814
1.7167593	-17.972979
1.7267393	-17.973145
1.7367193	-17.973311
1.7466993	-17.973479
1.7566793	-17.973648
1.7666593	-17.973817
1.7766393	-17.973988
1.7866192	-17.97416
1.7965992	-17.974332
1.8065792	-17.974506
1.8165592	-17.97468
1.8265392	-17.974856
1.8365192	-17.975032
1.8464992	-17.97521
1.8564792	-17.975388
1.8664592	-17.975567
1.8764392	-17.975748
1.8864192	-17.975929
1.8963992	-17.976111
1.9063792	-17.976295
1.9163592	-17.976479
1.9263392	-17.976664
1.9363192	-17.97685
1.9462992	-17.977038
1.9562792	-17.977226
1.9662592	-17.977415
1.9762392	-17.977605
1.9862192	-17.977796
1.9961992	-17.977988
2.0061792	-17.978181
2.0161591	-17.978375
2.0261391	-17.97857
2.0361191	-17.978766
2.0460991	-17.978963
2.0560791	-17.979161
2.0660591	-17.97936
2.0760391	-17.97956
2.0860191	-17.97976
2.0959991	-17.979962
2.1059791	-17.980165
2.1159591	-17.980369
2.1259391	-17.980574
2.1359191	-17.980779
2.1458991	-17.980986
2.1558791	-17.981194
2.1658591	-17.981403
2.1758391	-17.981612
2.1858191	-17.981823
2.1957991	-17.982034
2.2057791	-17.982247
2.2157591	-17.982461
2.2257391	-17.982675
2.235719	-17.982891
2.245699	-17.983107
2.255679	-17.983325
2.265659	-17.983543
2.275639	-17.983763
2.285619	-17.983983
2.295599	-17.984205
2.305579	-17.984427
2.315559	-17.98465
2.325539	-17.984875
2.335519	-17.9851
2.345499	-17.985326
2.355479	-17.985554
2.365459	-17.985782
2.375439	-17.986011
2.385419	-17.986242
2.395399	-17.986473
2.405379	-17.986705
2.415359	-17.986938
2.425339	-17.987173
2.435319	-17.987408
2.445299	-17.987644
2.455279	-17.987881
2.4652589	-17.988119
2.4752389	-17.988359
2.4852189	-17.988599
2.4951989	-17.98884
2.5051789	-17.989082
2.5151589	-17.989325
2.5251389	-17.989569
2.5351189	-17.989814
2.5450989	-17.99006
2.5550789	-17.990307
2.5650589	-17.990556
2.5750389	-17.990805
2.5850189	-17.991055
2.5949989	-17.991306
2.6049789	-17.991558
2.6149589	-17.991811
2.6249389	-17.992065
2.6349189	-17.99232
2.6448989	-17.992576
2.6548789	-17.992833
2.6648589	-17.993091
2.6748389	-17.993349
2.6848188	-17.993609
2.6947988	-17.99387
2.7047788	-17.994132
2.7147588	-17.994395
2.7247388	-17.994659
2.7347188	-17.994924
2.7446988	-17.99519
2.7546788	-17.995457
2.7646588	-17.995725
2.7746388	-17.995994
2.7846188	-17.996263
2.7945988	-17.996534
2.8045788	-17.996806
2.8145588	-17.997079
2.8245388	-17.997353
2.8345188	-17.997628
2.8444988	-17.997904
2.8544788	-17.998181
2.8644588	-17.998458
2.8744388	-17.998737
2.8844188	-17.999017
2.8943988	-17.999298
2.9043788	-17.99958
2.9143587	-17.999863
2.9243387	-18.000146
2.9343187	-18.000431
2.9442987	-18.000717
2.9542787	-18.001004
2.9642587	-18.001292
2.9742387	-18.001581
2.9842187	-18.00187
2.9941987	-18.002161
3.0041787	-18.002453
3.0141587	-18.002746
3.0241387	-18.00304
3.0341187	-18.003335
3.0440987	-18.003631
3.0540787	-18.003927
3.0640587	-18.004225
3.0740387	-18.004524
3.0840187	-18.004824
3.0939987	-18.005125
3.1039787	-18.005427
3.1139587	-18.00573
3.1239387	-18.006033
3.1339186	-18.006338
3.1438986	-18.006644
3.1538786	-18.006951
3.1638586	-18.007259
3.1738386	-18.007568
3.1838186	-18.007878
3.1937986	-18.008189
3.2037786	-18.008501
3.2137586	-18.008814
3.2237386	-18.009128
3.2337186	-18.009443
3.2436986	-18.009759
3.2536786	-18.010076
3.2636586	-18.010394
3.2736386	-18.010713
3.2836186	-18.011033
3.2935986	-18.011354
3.3035786	-18.011676
3.3135586	-18.011999
3.3235386	-18.012323
3.3335186	-18.012648
3.3434986	-18.012974
3.3534786	-18.013301
3.3634585	-18.013629
3.3734385	-18.013958
3.3834185	-18.014288
3.3933985	-18.014619
3.4033785	-18.014951
3.4133585	-18.015285
3.4233385	-18.015619
3.4333185	-18.015954
3.4432985	-18.01629
3.4532785	-18.016627
3.4632585	-18.016966
3.4732385	-18.017305
3.4832185	-18.017645
3.4931985	-18.017987
3.5031785	-18.018329
3.5131585	-18.018672
3.5231385	-18.019017
3.5331185	-18.019362
3.5430985	-18.019708
3.5530785	-18.020056
3.5630585	-18.020404
3.5730385	-18.020754
3.5830184	-18.021104
3.5929984	-18.021455
3.6029784	-18.021808
3.6129584	-18.022161
3.6229384	-18.022516
3.6329184	-18.022872
3.6428984	-18.023228
3.6528784	-18.023586
3.6628584	-18.023944
3.6728384	-18.024304
3.6828184	-18.024665
3.6927984	-18.025026
3.7027784	-18.025389
3.7127584	-18.025753
3.7227384	-18.026118
3.7327184	-18.026484
3.7426984	-18.02685
3.7526784	-18.027218
3.7626584	-18.027587
3.7726384	-18.027957
3.7826184	-18.028328
3.7925984	-18.0287
3.8025784	-18.029073
3.8125583	-18.029447
3.8225383	-18.029822
3.8325183	-18.030198
3.8424983	-18.030575
3.8524783	-18.030953
3.8624583	-18.031333
3.8724383	-18.031713
3.8824183	-18.032094
3.8923983	-18.032476
3.9023783	-18.03286
3.9123583	-18.033244
3.9223383	-18.033629
3.9323183	-18.034016
3.9422983	-18.034403
3.9522783	-18.034792
3.9622583	-18.035181
3.9722383	-18.035572
3.9822183	-18.035963
3.9921983	-18.036356
4.0021783	-18.036749
4.0121583	-18.037144
4.0221383	-18.03754
4.0321182	-18.037936
4.0420982	-18.038334
4.0520782	-18.038733
4.0620582	-18.039133
4.0720382	-18.039534
4.0820182	-18.039936
4.0919982	-18.040339
4.1019782	-18.040743
4.1119582	-18.041148
4.1219382	-18.041554
4.1319182	-18.041961
4.1418982	-18.042369
4.1518782	-18.042778
4.1618582	-18.043189
4.1718382	-18.0436
4.1818182	-18.044012
4.1917982	-18.044426
4.2017782	-18.04484
4.2117582	-18.045256
4.2217382	-18.045672
4.2317182	-18.04609
4.2416982	-18.046508
4.2516782	-18.046928
4.2616581	-18.047349
4.2716381	-18.04777
4.2816181	-18.048193
4.2915981	-18.048617
4.3015781	-18.049042
4.3115581	-18.049468
4.3215381	-18.049895
4.3315181	-18.050323
4.3414981	-18.050752
4.3514781	-18.051182
4.3614581	-18.051613
4.3714381	-18.052046
4.3814181	-18.052479
4.3913981	-18.052913
4.4013781	-18.053349
4.4113581	-18.053785
4.4213381	-18.054223
4.4313181	-18.054661
4.4412981	-18.055101
4.4512781	-18.055541
4.4612581	-18.055983
4.4712381	-18.056426
4.481218	-18.05687
4.491198	-18.057315
4.501178	-18.057761
4.511158	-18.058208
4.521138	-18.058656
4.531118	-18.059105
4.541098	-18.059555
4.551078	-18.060006
4.561058	-18.060458
4.571038	-18.060912
4.581018	-18.061366
4.590998	-18.061821
4.600978	-18.062278
4.610958	-18.062736
4.620938	-18.063194
4.630918	-18.063654
4.640898	-18.064115
4.650878	-18.064577
4.660858	-18.065039
4.670838	-18.065503
4.680818	-18.065968
4.690798	-18.066434
4.700778	-18.066902
4.7107579	-18.06737
4.7207379	-18.067839
4.7307179	-18.068309
4.7406979	-18.068781
4.7506779	-18.069253
4.7606579	-18.069727
4.7706379	-18.070201
4.7806179	-18.070677
4.7905979	-18.071154
4.8005779	-18.071632
4.8105579	-18.072111
4.8205379	-18.072591
4.8305179	-18.073072
4.8404979	-18.073554
4.8504779	-18.074037
4.8604579	-18.074521
4.8704379	-18.075006
4.8804179	-18.075493
4.8903979	-18.07598
4.9003779	-18.076469
4.9103579	-18.076958
4.9203379	-18.077449
4.9303178	-18.077941
4.9402978	-18.078434
4.9502778	-18.078928
4.9602578	-18.079423
4.9702378	-18.079919
4.9802178	-18.080416
4.9901978	-18.080914
5.0001778	-18.081413
5.0101578	-18.081914
5.0201378	-18.082415
5.0301178	-18.082918
5.0400978	-18.083421
5.0500778	-18.083926
5.0600578	-18.084432
5.0700378	-18.084939
5.0800178	-18.085447
5.0899978	-18.085956
5.0999778	-18.086466
5.1099578	-18.086977
5.1199378	-18.087489
5.1299178	-18.088002
5.1398978	-18.088517
5.1498778	-18.089032
5.1598577	-18.089549
5.1698377	-18.090067
5.1798177	-18.090586
5.1897977	-18.091105
5.1997777	-18.091626
5.2097577	-18.092148
5.2197377	-18.092672
5.2297177	-18.093196
5.2396977	-18.093721
5.2496777	-18.094248
5.2596577	-18.094775
5.2696377	-18.095304
5.2796177	-18.095833
5.2895977	-18.096364
5.2995777	-18.096896
5.3095577	-18.097429
5.3195377	-18.097963
5.3295177	-18.098498
5.3394977	-18.099034
5.3494777	-18.099572
5.3594577	-18.10011
5.3694377	-18.10065
5.3794176	-18.10119
5.3893976	-18.101732
5.3993776	-18.102275
5.4093576	-18.102819
5.4193376	-18.103364
5.4293176	-18.10391
5.4392976	-18.104457
5.4492776	-18.105005
5.4592576	-18.105555
5.4692376	-18.106105
5.4792176	-18.106657
5.4891976	-18.10721
5.4991776	-18.107764
5.5091576	-18.108318
5.5191376	-18.108875
5.5291176	-18.109432
5.5390976	-18.10999
5.5490776	-18.110549
5.5590576	-18.11111
5.5690376	-18.111671
5.5790176	-18.112234
5.5889976	-18.112798
5.5989776	-18.113363
5.6089575	-18.113929
5.6189375	-18.114496
5.6289175	-18.115064
5.6388975	-18.115633
5.6488775	-18.116204
5.6588575	-18.116775
5.6688375	-18.117348
5.6788175	-18.117922
5.6887975	-18.118496
5.6987775	-18.119072
5.7087575	-18.119649
5.7187375	-18.120228
5.7287175	-18.120807
5.7386975	-18.121387
5.7486775	-18.121969
5.7586575	-18.122552
5.7686375	-18.123135
5.7786175	-18.12372
5.7885975	-18.124306
5.7985775	-18.124893
5.8085575	-18.125482
5.8185375	-18.126071
5.8285174	-18.126662
5.8384974	-18.127253
5.8484774	-18.127846
5.8584574	-18.12844
5.8684374	-18.129035
5.8784174	-18.129631
5.8883974	-18.130228
5.8983774	-18.130826
5.9083574	-18.131426
5.9183374	-18.132027
5.9283174	-18.132628
5.9382974	-18.133231
5.9482774	-18.133835
5.9582574	-18.13444
5.9682374	-18.135046
5.9782174	-18.135654
5.9881974	-18.136262
5.9981774	-18.136872
6.0081574	-18.137483
6.0181374	-18.138094
6.0281174	-18.138707
6.0380974	-18.139322
6.0480774	-18.139937
6.0580573	-18.140553
6.0680373	-18.141171
6.0780173	-18.141789
6.0879973	-18.142409
6.0979773	-18.14303
6.1079573	-18.143652
6.1179373	-18.144275
6.1279173	-18.1449
6.1378973	-18.145525
6.1478773	-18.146152
6.1578573	-18.146779
6.1678373	-18.147408
6.1778173	-18.148038
6.1877973	-18.148669
6.1977773	-18.149302
6.2077573	-18.149935
6.2177373	-18.15057
6.2277173	-18.151205
6.2376973	-18.151842
6.2476773	-18.15248
6.2576573	-18.153119
6.2676373	-18.15376
6.2776172	-18.154401
6.2875972	-18.155044
6.2975772	-18.155687
6.3075572	-18.156332
6.3175372	-18.156978
6.3275172	-18.157625
6.3374972	-18.158274
6.3474772	-18.158923
6.3574572	-18.159574
6.3674372	-18.160225
6.3774172	-18.160878
6.3873972	-18.161532
6.3973772	-18.162187
6.4073572	-18.162844
6.4173372	-18.163501
6.4273172	-18.16416
6.4372972	-18.16482
6.4472772	-18.165481
6.4572572	-18.166143
6.4672372	-18.166806
6.4772172	-18.16747
6.4871972	-18.168136
6.4971772	-18.168803
6.5071571	-18.16947
6.5171371	-18.17014
6.5271171	-18.17081
6.5370971	-18.171481
6.5470771	-18.172154
6.5570571	-18.172827
6.5670371	-18.173502
6.5770171	-18.174178
6.5869971	-18.174855
6.5969771	-18.175533
6.6069571	-18.176213
6.6169371	-18.176894
6.6269171	-18.177575
6.6368971	-18.178258
6.6468771	-18.178942
6.6568571	-18.179628
6.6668371	-18.180314
6.6768171	-18.181002
6.6867971	-18.181691
6.6967771	-18.18238
6.7067571	-18.183072
6.7167371	-18.183764
6.726717	-18.184457
6.736697	-18.185152
6.746677	-18.185848
6.756657	-18.186545
6.766637	-18.187243
6.776617	-18.187942
6.786597	-18.188643
6.796577	-18.189344
6.806557	-18.190047
6.816537	-18.190751
6.826517	-18.191456
6.836497	-18.192163
6.846477	-18.19287
6.856457	-18.193579
6.866437	-18.194289
6.876417	-18.195
6.886397	-18.195712
6.896377	-18.196425
6.906357	-18.19714
6.916337	-18.197856
6.926317	-18.198573
6.936297	-18.199291
6.946277	-18.20001
6.9562569	-18.200731
6.9662369	-18.201452
6.9762169	-18.202175
6.9861969	-18.202899
6.9961769	-18.203624
7.0061569	-18.204351
7.0161369	-18.205078
7.0261169	-18.205807
7.0360969	-18.206537
7.0460769	-18.207268
7.0560569	-18.208001
7.0660369	-18.208734
7.0760169	-18.209469
7.0859969	-18.210205
7.0959769	-18.210942
7.1059569	-18.21168
7.1159369	-18.21242
7.1259169	-18.21316
7.1358969	-18.213902
7.1458769	-18.214645
7.1558569	-18.215389
7.1658369	-18.216135
7.1758168	-18.216881
7.1857968	-18.217629
7.1957768	-18.218378
7.2057568	-18.219129
7.2157368	-18.21988
7.2257168	-18.220633
7.2356968	-18.221386
7.2456768	-18.222141
7.2556568	-18.222898
7.2656368	-18.223655
7.2756168	-18.224414
7.2855968	-18.225174
7.2955768	-18.225935
7.3055568	-18.226697
7.3155368	-18.22746
7.3255168	-18.228225
7.3354968	-18.228991
7.3454768	-18.229758
7.3554568	-18.230526
7.3654368	-18.231295
7.3754168	-18.232066
7.3853968	-18.232838
7.3953768	-18.233611
7.4053567	-18.234385
7.4153367	-18.235161
7.4253167	-18.235938
7.4352967	-18.236715
7.4452767	-18.237495
7.4552567	-18.238275
7.4652367	-18.239056
7.4752167	-18.239839
7.4851967	-18.240623
7.4951767	-18.241408
7.5051567	-18.242195
7.5151367	-18.242982
7.5251167	-18.243771
7.5350967	-18.244561
7.5450767	-18.245353
7.5550567	-18.246145
7.5650367	-18.246939
7.5750167	-18.247734
7.5849967	-18.24853
7.5949767	-18.249327
7.6049567	-18.250126
7.6149367	-18.250926
7.6249166	-18.251727
7.6348966	-18.252529
7.6448766	-18.253332
7.6548566	-18.254137
7.6648366	-18.254943
7.6748166	-18.25575
7.6847966	-18.256558
7.6947766	-18.257368
7.7047566	-18.258179
7.7147366	-18.258991
7.7247166	-18.259804
7.7346966	-18.260619
7.7446766	-18.261434
7.7546566	-18.262251
7.7646366	-18.26307
7.7746166	-18.263889
7.7845966	-18.26471
7.7945766	-18.265532
7.8045566	-18.266355
7.8145366	-18.267179
7.8245166	-18.268005
7.8344966	-18.268831
7.8444766	-18.269659
7.8544565	-18.270489
7.8644365	-18.271319
7.8744165	-18.272151
7.8843965	-18.272984
7.8943765	-18.273818
7.9043565	-18.274654
7.9143365	-18.275491
7.9243165	-18.276328
7.9342965	-18.277168
7.9442765	-18.278008
7.9542565	-18.27885
7.9642365	-18.279693
7.9742165	-18.280537
7.9841965	-18.281382
7.9941765	-18.282229
8.0041565	-18.283077
8.0141365	-18.283926
8.0241165	-18.284776
8.0340965	-18.285628
8.0440765	-18.286481
8.0540565	-18.287335
8.0640365	-18.288191
8.0740164	-18.289047
8.0839964	-18.289905
8.0939764	-18.290764
8.1039564	-18.291625
8.1139364	-18.292486
8.1239164	-18.293349
8.1338964	-18.294213
8.1438764	-18.295079
8.1538564	-18.295945
8.1638364	-18.296813
8.1738164	-18.297682
8.1837964	-18.298553
8.1937764	-18.299425
8.2037564	-18.300297
8.2137364	-18.301172
8.2237164	-18.302047
8.2336964	-18.302924
8.2436764	-18.303802
8.2536564	-18.304681
8.2636364	-18.305562
8.2736164	-18.306443
8.2835964	-18.307326
8.2935764	-18.308211
8.3035563	-18.309096
8.3135363	-18.309983
8.3235163	-18.310871
8.3334963	-18.31176
8.3434763	-18.312651
8.3534563	-18.313543
8.3634363	-18.314436
8.3734163	-18.31533
8.3833963	-18.316226
8.3933763	-18.317123
8.4033563	-18.318021
8.4133363	-18.318921
8.4233163	-18.319822
8.4332963	-18.320724
8.4432763	-18.321627
8.4532563	-18.322531
8.4632363	-18.323437
8.4732163	-18.324344
8.4831963	-18.325253
8.4931763	-18.326163
8.5031563	-18.327074
8.5131363	-18.327986
8.5231162	-18.328899
8.5330962	-18.329814
8.5430762	-18.33073
8.5530562	-18.331647
8.5630362	-18.332566
8.5730162	-18.333486
8.5829962	-18.334407
8.5929762	-18.33533
8.6029562	-18.336253
8.6129362	-18.337178
8.6229162	-18.338105
8.6328962	-18.339032
8.6428762	-18.339961
8.6528562	-18.340891
8.6628362	-18.341823
8.6728162	-18.342756
8.6827962	-18.34369
8.6927762	-18.344625
8.7027562	-18.345562
8.7127362	-18.3465
8.7227162	-18.347439
8.7326962	-18.348379
8.7426762	-18.349321
8.7526561	-18.350264
8.7626361	-18.351208
8.7726161	-18.352154
8.7825961	-18.353101
8.7925761	-18.354049
8.8025561	-18.354999
8.8125361	-18.35595
8.8225161	-18.356902
8.8324961	-18.357855
8.8424761	-18.35881
8.8524561	-18.359766
8.8624361	-18.360723
8.8724161	-18.361682
8.8823961	-18.362642
8.8923761	-18.363603
8.9023561	-18.364566
8.9123361	-18.365529
8.9223161	-18.366494
8.9322961	-18.367461
8.9422761	-18.368429
8.9522561	-18.369398
8.9622361	-18.370368
8.972216	-18.37134
8.982196	-18.372313
8.992176	-18.373287
9.002156	-18.374262
9.012136	-18.375239
9.022116	-18.376218
9.032096	-18.377197
9.042076	-18.378178
9.052056	-18.37916
9.062036	-18.380143
9.072016	-18.381128
9.081996	-18.382114
9.091976	-18.383102
9.101956	-18.38409
9.111936	-18.38508
9.121916	-18.386072
9.131896	-18.387064
9.141876	-18.388058
9.151856	-18.389053
9.161836	-18.39005
9.171816	-18.391048
9.181796	-18.392047
9.191776	-18.393048
9.2017559	-18.39405
9.2117359	-18.395053
9.2217159	-18.396057
9.2316959	-18.397063
9.2416759	-18.39807
9.2516559	-18.399079
9.2616359	-18.400089
9.2716159	-18.4011
9.2815959	-18.402112
9.2915759	-18.403126
9.3015559	-18.404141
9.3115359	-18.405157
9.3215159	-18.406175
9.3314959	-18.407194
9.3414759	-18.408215
9.3514559	-18.409236
9.3614359	-18.41026
9.3714159	-18.411284
9.3813959	-18.41231
9.3913759	-18.413337
9.4013559	-18.414365
9.4113359	-18.415395
9.4213158	-18.416426
9.4312958	-18.417458
9.4412758	-18.418492
9.4512558	-18.419527
9.4612358	-18.420564
9.4712158	-18.421601
9.4811958	-18.42264
9.4911758	-18.423681
9.5011558	-18.424723
9.5111358	-18.425766
9.5211158	-18.42681
9.5310958	-18.427856
9.5410758	-18.428903
9.5510558	-18.429952
9.5610358	-18.431001
9.5710158	-18.432053
9.5809958	-18.433105
9.5909758	-18.434159
9.6009558	-18.435214
9.6109358	-18.436271
9.6209158	-18.437329
9.6308958	-18.438388
9.6408758	-18.439449
9.6508557	-18.44051
9.6608357	-18.441574
9.6708157	-18.442638
9.6807957	-18.443704
9.6907757	-18.444772
9.7007557	-18.44584
9.7107357	-18.44691
9.7207157	-18.447982
9.7306957	-18.449055
9.7406757	-18.450129
9.7506557	-18.451204
9.7606357	-18.452281
9.7706157	-18.453359
9.7805957	-18.454439
9.7905757	-18.45552
9.8005557	-18.456602
9.8105357	-18.457685
9.8205157	-18.45877
9.8304957	-18.459857
9.8404757	-18.460944
9.8504557	-18.462034
9.8604357	-18.463124
9.8704156	-18.464216
9.8803956	-18.465309
9.8903756	-18.466403
9.9003556	-18.467499
9.9103356	-18.468596
9.9203156	-18.469695
9.9302956	-18.470795
9.9402756	-18.471896
9.9502556	-18.472999
9.9602356	-18.474103
9.9702156	-18.475209
9.9801956	-18.476315
9.9901756	-18.477424
10.000156	-18.478533
10.010136	-18.479644
10.020116	-18.480756
10.030096	-18.48187
10.040076	-18.482985
10.050056	-18.484101
10.060036	-18.485219
10.070016	-18.486338
10.079996	-18.487459
10.089976	-18.488581
10.099956	-18.489704
10.109936	-18.490829
10.119916	-18.491955
10.129896	-18.493082
10.139876	-18.494211
10.149856	-18.495341
10.159836	-18.496473
10.169816	-18.497606
10.179796	-18.49874
10.189776	-18.499876
10.199756	-18.501013
10.209735	-18.502152
10.219715	-18.503291
10.229695	-18.504433
10.239675	-18.505575
10.249655	-18.506719
10.259635	-18.507865
10.269615	-18.509012
10.279595	-18.51016
10.289575	-18.511309
10.299555	-18.51246
10.309535	-18.513613
10.319515	-18.514766
10.329495	-18.515922
10.339475	-18.517078
10.349455	-18.518236
10.359435	-18.519395
10.369415	-18.520556
10.379395	-18.521718
10.389375	-18.522882
10.399355	-18.524047
10.409335	-18.525213
10.419315	-18.526381
10.429295	-18.52755
10.439275	-18.52872
10.449255	-18.529892
10.459235	-18.531065
10.469215	-18.53224
10.479195	-18.533416
10.489175	-18.534594
10.499155	-18.535773
10.509135	-18.536953
10.519115	-18.538135
10.529095	-18.539318
10.539075	-18.540502
10.549055	-18.541688
10.559035	-18.542875
10.569015	-18.544064
10.578995	-18.545254
10.588975	-18.546446
10.598955	-18.547639
10.608935	-18.548833
10.618915	-18.550029
10.628895	-18.551226
10.638875	-18.552425
10.648855	-18.553625
10.658835	-18.554826
10.668815	-18.556029
10.678795	-18.557233
10.688775	-18.558439
10.698755	-18.559646
10.708735	-18.560854
10.718715	-18.562064
10.728695	-18.563276
10.738675	-18.564488
10.748655	-18.565702
10.758635	-18.566918
10.768615	-18.568135
10.778595	-18.569353
10.788575	-18.570573
10.798555	-18.571794
10.808535	-18.573017
10.818515	-18.574241
10.828495	-18.575467
10.838475	-18.576694
10.848455	-18.577922
10.858435	-18.579152
10.868415	-18.580383
10.878395	-18.581616
10.888375	-18.58285
10.898355	-18.584085
10.908335	-18.585322
10.918315	-18.58656
10.928295	-18.5878
10.938275	-18.589041
10.948255	-18.590284
10.958235	-18.591528
10.968215	-18.592773
10.978195	-18.59402
10.988175	-18.595269
10.998155	-18.596519
11.008135	-18.59777
11.018115	-18.599022
11.028095	-18.600276
11.038075	-18.601532
11.048055	-18.602789
11.058035	-18.604047
11.068015	-18.605307
11.077995	-18.606568
11.087975	-18.607831
11.097955	-18.609095
11.107935	-18.610361
11.117915	-18.611628
11.127895	-18.612896
11.137875	-18.614166
11.147855	-18.615437
11.157835	-18.61671
11.167815	-18.617984
11.177795	-18.61926
11.187775	-18.620537
11.197755	-18.621816
11.207735	-18.623096
11.217715	-18.624377
11.227695	-18.62566
11.237675	-18.626944
11.247655	-18.62823
11.257635	-18.629517
11.267615	-18.630806
11.277595	-18.632096
11.287575	-18.633388
11.297555	-18.634681
11.307535	-18.635975
11.317515	-18.637271
11.327495	-18.638569
11.337475	-18.639867
11.347455	-18.641168
11.357435	-18.642469
11.367415	-18.643773
11.377395	-18.645077
11.387375	-18.646383
11.397355	-18.647691
11.407335	-18.649
11.417315	-18.65031
11.427295	-18.651622
11.437275	-18.652936
11.447255	-18.654251
11.457235	-18.655567
11.467215	-18.656885
11.477195	-18.658204
11.487175	-18.659525
11.497155	-18.660847
11.507135	-18.66217
11.517115	-18.663495
11.527095	-18.664822
11.537075	-18.66615
11.547055	-18.667479
11.557035	-18.66881
11.567015	-18.670143
11.576995	-18.671477
11.586975	-18.672812
11.596955	-18.674149
11.606935	-18.675487
11.616915	-18.676827
11.626895	-18.678168
11.636875	-18.679511
11.646855	-18.680855
11.656835	-18.6822
11.666815	-18.683548
11.676795	-18.684896
11.686775	-18.686246
11.696755	-18.687598
11.706735	-18.688951
11.716715	-18.690305
11.726695	-18.691661
11.736675	-18.693018
11.746655	-18.694377
11.756635	-18.695738
11.766615	-18.697099
11.776595	-18.698463
11.786575	-18.699828
11.796555	-18.701194
11.806535	-18.702562
11.816515	-18.703931
11.826495	-18.705302
11.836475	-18.706674
11.846455	-18.708047
11.856435	-18.709423
11.866415	-18.710799
11.876395	-18.712177
11.886375	-18.713557
11.896355	-18.714938
11.906335	-18.716321
11.916315	-18.717705
11.926295	-18.71909
11.936275	-18.720477
11.946255	-18.721866
11.956235	-18.723256
11.966215	-18.724647
11.976195	-18.72604
11.986175	-18.727435
11.996155	-18.728831
12.006135	-18.730228
12.016115	-18.731627
12.026095	-18.733027
12.036075	-18.734429
12.046055	-18.735833
12.056035	-18.737238
12.066015	-18.738644
12.075995	-18.740052
12.085975	-18.741461
12.095955	-18.742872
12.105935	-18.744285
12.115915	-18.745699
12.125895	-18.747114
12.135875	-18.748531
12.145855	-18.749949
12.155835	-18.751369
12.165815	-18.75279
12.175795	-18.754213
12.185775	-18.755638
12.195755	-18.757063
12.205735	-18.758491
12.215715	-18.75992
12.225695	-18.76135
12.235675	-18.762782
12.245655	-18.764215
12.255635	-18.76565
12.265615	-18.767087
12.275595	-18.768525
12.285575	-18.769964
12.295555	-18.771405
12.305535	-18.772847
12.315515	-18.774291
12.325495	-18.775737
12.335475	-18.777184
12.345455	-18.778632
12.355435	-18.780082
12.365415	-18.781533
12.375395	-18.782986
12.385375	-18.784441
12.395355	-18.785897
12.405335	-18.787354
12.415315	-18.788813
12.425295	-18.790274
12.435275	-18.791736
12.445255	-18.793199
12.455234	-18.794665
12.465214	-18.796131
12.475194	-18.797599
12.485174	-18.799069
12.495154	-18.80054
12.505134	-18.802013
12.515114	-18.803487
12.525094	-18.804962
12.535074	-18.80644
12.545054	-18.807918
12.555034	-18.809399
12.565014	-18.81088
12.574994	-18.812364
12.584974	-18.813849
12.594954	-18.815335
12.604934	-18.816823
12.614914	-18.818312
12.624894	-18.819803
12.634874	-18.821295
12.644854	-18.822789
12.654834	-18.824285
12.664814	-18.825782
12.674794	-18.82728
12.684774	-18.82878
12.694754	-18.830282
12.704734	-18.831785
12.714714	-18.83329
12.724694	-18.834796
12.734674	-18.836303
12.744654	-18.837813
12.754634	-18.839323
12.764614	-18.840836
12.774594	-18.842349
12.784574	-18.843865
12.794554	-18.845382
12.804534	-18.8469
12.814514	-18.84842
12.824494	-18.849941
12.834474	-18.851464
12.844454	-18.852989
12.854434	-18.854515
12.864414	-18.856043
12.874394	-18.857572
12.884374	-18.859102
12.894354	-18.860635
12.904334	-18.862168
12.914314	-18.863704
12.924294	-18.86524
12.934274	-18.866779
12.944254	-18.868319
12.954234	-18.86986
12.964214	-18.871403
12.974194	-18.872947
12.984174	-18.874494
12.994154	-18.876041
13.004134	-18.87759
13.014114	-18.879141
13.024094	-18.880693
13.034074	-18.882247
13.044054	-18.883802
13.054034	-18.885359
13.064014	-18.886917
13.073994	-18.888477
13.083974	-18.890039
13.093954	-18.891602
13.103934	-18.893166
13.113914	-18.894733
13.123894	-18.8963
13.133874	-18.897869
13.143854	-18.89944
13.153834	-18.901012
13.163814	-18.902586
13.173794	-18.904162
13.183774	-18.905739
13.193754	-18.907317
13.203734	-18.908897
13.213714	-18.910479
13.223694	-18.912062
13.233674	-18.913647
13.243654	-18.915233
13.253634	-18.916821
13.263614	-18.91841
13.273594	-18.920001
13.283574	-18.921594
13.293554	-18.923188
13.303534	-18.924783
13.313514	-18.92638
13.323494	-18.927979
13.333474	-18.929579
13.343454	-18.931181
13.353434	-18.932784
13.363414	-18.934389
13.373394	-18.935996
13.383374	-18.937604
13.393354	-18.939214
13.403334	-18.940825
13.413314	-18.942437
13.423294	-18.944052
13.433274	-18.945668
13.443254	-18.947285
13.453234	-18.948904
13.463214	-18.950525
13.473194	-18.952147
13.483174	-18.95377
13.493154	-18.955395
13.503134	-18.957022
13.513114	-18.958651
13.523094	-18.960281
13.533074	-18.961912
13.543054	-18.963545
13.553034	-18.96518
13.563014	-18.966816
13.572994	-18.968454
13.582974	-18.970093
13.592954	-18.971734
13.602934	-18.973376
13.612914	-18.97502
13.622894	-18.976666
13.632874	-18.978313
13.642854	-18.979962
13.652834	-18.981612
13.662814	-18.983264
13.672794	-18.984917
13.682774	-18.986572
13.692754	-18.988229
13.702734	-18.989887
13.712714	-18.991547
13.722694	-18.993208
13.732674	-18.994871
13.742654	-18.996535
13.752634	-18.998201
13.762614	-18.999869
13.772594	-19.001538
13.782574	-19.003209
13.792554	-19.004881
13.802534	-19.006555
13.812514	-19.008231
13.822494	-19.009908
13.832474	-19.011586
13.842454	-19.013267
13.852434	-19.014948
13.862414	-19.016632
13.872394	-19.018317
13.882374	-19.020003
13.892354	-19.021691
13.902334	-19.023381
13.912314	-19.025072
13.922294	-19.026765
13.932274	-19.02846
13.942254	-19.030156
13.952234	-19.031853
13.962214	-19.033552
13.972194	-19.035253
13.982174	-19.036955
13.992154	-19.038659
14.002134	-19.040365
14.012114	-19.042072
14.022094	-19.043781
14.032074	-19.045491
14.042054	-19.047203
14.052034	-19.048916
14.062014	-19.050631
14.071994	-19.052348
14.081974	-19.054066
14.091954	-19.055786
14.101934	-19.057507
14.111914	-19.05923
14.121894	-19.060955
14.131874	-19.062681
14.141854	-19.064409
14.151834	-19.066138
14.161814	-19.067869
14.171794	-19.069601
14.181774	-19.071335
14.191754	-19.073071
14.201734	-19.074808
14.211714	-19.076547
14.221694	-19.078288
14.231674	-19.08003
14.241654	-19.081773
14.251634	-19.083519
14.261614	-19.085266
14.271594	-19.087014
14.281574	-19.088764
14.291554	-19.090516
14.301534	-19.092269
14.311514	-19.094024
14.321494	-19.09578
14.331474	-19.097538
14.341454	-19.099298
14.351434	-19.101059
14.361414	-19.102822
14.371394	-19.104586
14.381374	-19.106352
14.391354	-19.10812
14.401334	-19.109889
14.411314	-19.11166
14.421294	-19.113432
14.431274	-19.115206
14.441254	-19.116981
14.451234	-19.118759
14.461214	-19.120537
14.471194	-19.122318
14.481174	-19.1241
14.491154	-19.125883
14.501134	-19.127669
14.511114	-19.129455
14.521094	-19.131244
14.531074	-19.133034
14.541054	-19.134825
14.551034	-19.136618
14.561014	-19.138413
14.570994	-19.14021
14.580974	-19.142008
14.590954	-19.143807
14.600934	-19.145609
14.610914	-19.147411
14.620894	-19.149216
14.630874	-19.151022
14.640854	-19.152829
14.650834	-19.154639
14.660814	-19.15645
14.670794	-19.158262
14.680774	-19.160076
14.690754	-19.161892
14.700733	-19.163709
14.710713	-19.165528
14.720693	-19.167348
14.730673	-19.169171
14.740653	-19.170994
14.750633	-19.17282
14.760613	-19.174647
14.770593	-19.176475
14.780573	-19.178305
14.790553	-19.180137
14.800533	-19.18197
14.810513	-19.183805
14.820493	-19.185642
14.830473	-19.18748
14.840453	-19.18932
14.850433	-19.191162
14.860413	-19.193005
14.870393	-19.194849
14.880373	-19.196696
14.890353	-19.198543
14.900333	-19.200393
14.910313	-19.202244
14.920293	-19.204097
14.930273	-19.205951
14.940253	-19.207807
14.950233	-19.209665
14.960213	-19.211524
14.970193	-19.213385
14.980173	-19.215247
14.990153	-19.217111
15.000133	-19.218977
15.010113	-19.220844
15.020093	-19.222713
15.030073	-19.224584
15.040053	-19.226456
15.050033	-19.22833
15.060013	-19.230205
15.069993	-19.232082
15.079973	-19.23396
15.089953	-19.235841
15.099933	-19.237723
15.109913	-19.239606
15.119893	-19.241491
15.129873	-19.243378
15.139853	-19.245266
15.149833	-19.247156
15.159813	-19.249048
15.169793	-19.250941
15.179773	-19.252836
15.189753	-19.254732
15.199733	-19.25663
15.209713	-19.25853
15.219693	-19.260431
15.229673	-19.262334
15.239653	-19.264239
15.249633	-19.266145
15.259613	-19.268053
15.269593	-19.269962
15.279573	-19.271873
15.289553	-19.273786
15.299533	-19.2757
15.309513	-19.277616
15.319493	-19.279533
15.329473	-19.281453
15.339453	-19.283373
15.349433	-19.285296
15.359413	-19.28722
15.369393	-19.289145
15.379373	-19.291073
15.389353	-19.293002
15.399333	-19.294932
15.409313	-19.296864
15.419293	-19.298798
15.429273	-19.300734
15.439253	-19.302671
15.449233	-19.304609
15.459213	-19.30655
15.469193	-19.308491
15.479173	-19.310435
15.489153	-19.31238
15.499133	-19.314327
15.509113	-19.316275
15.519093	-19.318226
15.529073	-19.320177
15.539053	-19.322131
15.549033	-19.324086
15.559013	-19.326042
15.568993	-19.328
15.578973	-19.32996
15.588953	-19.331922
15.598933	-19.333885
15.608913	-19.33585
15.618893	-19.337816
15.628873	-19.339784
15.638853	-19.341754
15.648833	-19.343725
15.658813	-19.345698
15.668793	-19.347672
15.678773	-19.349648
15.688753	-19.351626
15.698733	-19.353606
15.708713	-19.355587
15.718693	-19.357569
15.728673	-19.359554
15.738653	-19.36154
15.748633	-19.363527
15.758613	-19.365516
15.768593	-19.367507
15.778573	-19.3695
15.788553	-19.371494
15.798533	-19.37349
15.808513	-19.375487
15.818493	-19.377486
15.828473	-19.379487
15.838453	-19.381489
15.848433	-19.383493
15.858413	-19.385499
15.868393	-19.387506
15.878373	-19.389515
15.888353	-19.391525
15.898333	-19.393537
15.908313	-19.395551
15.918293	-19.397566
15.928273	-19.399583
15.938253	-19.401602
15.948233	-19.403622
15.958213	-19.405644
15.968193	-19.407668
15.978173	-19.409693
15.988153	-19.41172
15.998133	-19.413748
16.008113	-19.415778
16.018093	-19.41781
16.028073	-19.419844
16.038053	-19.421879
16.048033	-19.423915
16.058013	-19.425954
16.067993	-19.427994
16.077973	-19.430035
16.087953	-19.432078
16.097933	-19.434123
16.107913	-19.43617
16.117893	-19.438218
16.127873	-19.440268
16.137853	-19.442319
16.147833	-19.444372
16.157813	-19.446427
16.167793	-19.448483
16.177773	-19.450541
16.187753	-19.452601
16.197733	-19.454662
16.207713	-19.456725
16.217693	-19.458789
16.227673	-19.460855
16.237653	-19.462923
16.247633	-19.464993
16.257613	-19.467064
16.267593	-19.469137
16.277573	-19.471211
16.287553	-19.473287
16.297533	-19.475365
16.307513	-19.477444
16.317493	-19.479525
16.327473	-19.481607
16.337453	-19.483692
16.347433	-19.485777
16.357413	-19.487865
16.367393	-19.489954
16.377373	-19.492045
16.387353	-19.494137
16.397333	-19.496231
16.407313	-19.498327
16.417293	-19.500424
16.427273	-19.502523
16.437253	-19.504624
16.447233	-19.506726
16.457213	-19.50883
16.467193	-19.510936
16.477173	-19.513043
16.487153	-19.515152
16.497133	-19.517262
16.507113	-19.519375
16.517093	-19.521488
16.527073	-19.523604
16.537053	-19.525721
16.547033	-19.52784
16.557013	-19.52996
16.566993	-19.532082
16.576973	-19.534206
16.586953	-19.536331
16.596933	-19.538458
16.606913	-19.540586
16.616893	-19.542717
16.626873	-19.544848
16.636853	-19.546982
16.646833	-19.549117
16.656813	-19.551254
16.666793	-19.553392
16.676773	-19.555532
16.686753	-19.557674
16.696733	-19.559817
16.706713	-19.561962
16.716693	-19.564109
16.726673	-19.566257
16.736653	-19.568407
16.746633	-19.570559
16.756613	-19.572712
16.766593	-19.574867
16.776573	-19.577023
16.786553	-19.579182
16.796533	-19.581341
16.806513	-19.583503
16.816493	-19.585666
16.826473	-19.587831
16.836453	-19.589997
16.846433	-19.592165
16.856413	-19.594335
16.866393	-19.596506
16.876373	-19.598679
16.886353	-19.600854
16.896333	-19.60303
16.906313	-19.605208
16.916293	-19.607387
16.926273	-19.609569
16.936253	-19.611751
16.946232	-19.613936
16.956212	-19.616122
16.966192	-19.61831
16.976172	-19.620499
16.986152	-19.62269
16.996132	-19.624883
17.006112	-19.627077
17.016092	-19.629273
17.026072	-19.631471
17.036052	-19.63367
17.046032	-19.635871
17.056012	-19.638074
17.065992	-19.640278
17.075972	-19.642484
17.085952	-19.644691
17.095932	-19.6469
17.105912	-19.649111
17.115892	-19.651324
17.125872	-19.653538
17.135852	-19.655753
17.145832	-19.657971
17.155812	-19.66019
17.165792	-19.66241
17.175772	-19.664633
17.185752	-19.666857
17.195732	-19.669082
17.205712	-19.671309
17.215692	-19.673538
17.225672	-19.675769
17.235652	-19.678001
17.245632	-19.680235
17.255612	-19.68247
17.265592	-19.684707
17.275572	-19.686946
17.285552	-19.689187
17.295532	-19.691429
17.305512	-19.693672
17.315492	-19.695918
17.325472	-19.698165
17.335452	-19.700413
17.345432	-19.702663
17.355412	-19.704915
17.365392	-19.707169
17.375372	-19.709424
17.385352	-19.711681
17.395332	-19.713939
17.405312	-19.7162
17.415292	-19.718461
17.425272	-19.720725
17.435252	-19.72299
17.445232	-19.725257
17.455212	-19.727525
17.465192	-19.729795
17.475172	-19.732066
17.485152	-19.73434
17.495132	-19.736615
17.505112	-19.738891
17.515092	-19.741169
17.525072	-19.743449
17.535052	-19.745731
17.545032	-19.748014
17.555012	-19.750299
17.564992	-19.752585
17.574972	-19.754873
17.584952	-19.757163
17.594932	-19.759454
17.604912	-19.761747
17.614892	-19.764042
17.624872	-19.766338
17.634852	-19.768636
17.644832	-19.770936
17.654812	-19.773237
17.664792	-19.77554
17.674772	-19.777844
17.684752	-19.78015
17.694732	-19.782458
17.704712	-19.784768
17.714692	-19.787079
17.724672	-19.789391
17.734652	-19.791706
17.744632	-19.794022
17.754612	-19.796339
17.764592	-19.798658
17.774572	-19.800979
17.784552	-19.803302
17.794532	-19.805626
17.804512	-19.807952
17.814492	-19.810279
17.824472	-19.812609
17.834452	-19.814939
17.844432	-19.817272
17.854412	-19.819606
17.864392	-19.821941
17.874372	-19.824279
17.884352	-19.826618
17.894332	-19.828958
17.904312	-19.8313
17.914292	-19.833644
17.924272	-19.83599
17.934252	-19.838337
17.944232	-19.840686
17.954212	-19.843036
17.964192	-19.845388
17.974172	-19.847742
17.984152	-19.850097
17.994132	-19.852454
18.004112	-19.854813
18.014092	-19.857173
18.024072	-19.859535
18.034052	-19.861899
18.044032	-19.864264
18.054012	-19.866631
18.063992	-19.868999
18.073972	-19.871369
18.083952	-19.873741
18.093932	-19.876114
18.103912	-19.878489
18.113892	-19.880866
18.123872	-19.883244
18.133852	-19.885624
18.143832	-19.888006
18.153812	-19.890389
18.163792	-19.892774
18.173772	-19.89516
18.183752	-19.897548
18.193732	-19.899938
18.203712	-19.902329
18.213692	-19.904722
18.223672	-19.907117
18.233652	-19.909513
18.243632	-19.911911
18.253612	-19.914311
18.263592	-19.916712
18.273572	-19.919115
18.283552	-19.921519
18.293532	-19.923925
18.303512	-19.926333
18.313492	-19.928742
18.323472	-19.931153
18.333452	-19.933566
18.343432	-19.93598
18.353412	-19.938396
18.363392	-19.940814
18.373372	-19.943233
18.383352	-19.945653
18.393332	-19.948076
18.403312	-19.9505
18.413292	-19.952926
18.423272	-19.955353
18.433252	-19.957782
18.443232	-19.960212
18.453212	-19.962645
18.463192	-19.965078
18.473172	-19.967514
18.483152	-19.969951
18.493132	-19.97239
18.503112	-19.97483
18.513092	-19.977272
18.523072	-19.979716
18.533052	-19.982161
18.543032	-19.984608
18.553012	-19.987056
18.562992	-19.989506
18.572972	-19.991958
18.582952	-19.994412
18.592932	-19.996867
18.602912	-19.999323
18.612892	-20.001781
18.622872	-20.004241
18.632852	-20.006703
18.642832	-20.009166
18.652812	-20.011631
18.662792	-20.014097
18.672772	-20.016565
18.682752	-20.019035
18.692732	-20.021506
18.702712	-20.023979
18.712692	-20.026454
18.722672	-20.02893
18.732652	-20.031408
18.742632	-20.033887
18.752612	-20.036368
18.762592	-20.038851
18.772572	-20.041335
18.782552	-20.043821
18.792532	-20.046309
18.802512	-20.048798
18.812492	-20.051288
18.822472	-20.053781
18.832452	-20.056275
18.842432	-20.058771
18.852412	-20.061268
18.862392	-20.063767
18.872372	-20.066267
18.882352	-20.068769
18.892332	-20.071273
18.902312	-20.073778
18.912292	-20.076285
18.922272	-20.078794
18.932252	-20.081304
18.942232	-20.083816
18.952212	-20.08633
18.962192	-20.088845
18.972172	-20.091362
18.982152	-20.09388
18.992132	-20.0964
19.002112	-20.098921
19.012092	-20.101445
19.022072	-20.103969
19.032052	-20.106496
19.042032	-20.109024
19.052012	-20.111554
19.061992	-20.114085
19.071972	-20.116618
19.081952	-20.119152
19.091932	-20.121688
19.101912	-20.124226
19.111892	-20.126765
19.121872	-20.129306
19.131852	-20.131849
19.141832	-20.134393
19.151812	-20.136939
19.161792	-20.139487
19.171772	-20.142036
19.181752	-20.144586
19.191731	-20.147138
19.201711	-20.149692
19.211691	-20.152248
19.221671	-20.154805
19.231651	-20.157364
19.241631	-20.159924
19.251611	-20.162486
19.261591	-20.16505
19.271571	-20.167615
19.281551	-20.170181
19.291531	-20.17275
19.301511	-20.17532
19.311491	-20.177891
19.321471	-20.180465
19.331451	-20.18304
19.341431	-20.185616
19.351411	-20.188194
19.361391	-20.190774
19.371371	-20.193355
19.381351	-20.195938
19.391331	-20.198522
19.401311	-20.201108
19.411291	-20.203696
19.421271	-20.206285
19.431251	-20.208876
19.441231	-20.211469
19.451211	-20.214063
19.461191	-20.216658
19.471171	-20.219256
19.481151	-20.221855
19.491131	-20.224455
19.501111	-20.227057
19.511091	-20.229661
19.521071	-20.232266
19.531051	-20.234873
19.541031	-20.237482
19.551011	-20.240092
19.560991	-20.242704
19.570971	-20.245317
19.580951	-20.247932
19.590931	-20.250549
19.600911	-20.253167
19.610891	-20.255786
19.620871	-20.258408
19.630851	-20.261031
19.640831	-20.263655
19.650811	-20.266281
19.660791	-20.268909
19.670771	-20.271538
19.680751	-20.274169
19.690731	-20.276802
19.700711	-20.279436
19.710691	-20.282072
19.720671	-20.284709
19.730651	-20.287348
19.740631	-20.289988
19.750611	-20.29263
19.760591	-20.295274
19.770571	-20.297919
19.780551	-20.300566
19.790531	-20.303215
19.800511	-20.305865
19.810491	-20.308516
19.820471	-20.31117
19.830451	-20.313824
19.840431	-20.316481
19.850411	-20.319139
19.860391	-20.321799
19.870371	-20.32446
19.880351	-20.327122
19.890331	-20.329787
19.900311	-20.332453
19.910291	-20.33512
19.920271	-20.337789
19.930251	-20.34046
19.940231	-20.343133
19.950211	-20.345806
19.960191	-20.348482
19.970171	-20.351159
19.980151	-20.353838
19.990131	-20.356518
20.000111	-20.3592
20.010091	-20.361883
20.020071	-20.364568
20.030051	-20.367255
20.040031	-20.369943
20.050011	-20.372633
20.059991	-20.375324
20.069971	-20.378017
20.079951	-20.380711
20.089931	-20.383407
20.099911	-20.386105
20.109891	-20.388804
20.119871	-20.391505
20.129851	-20.394207
20.139831	-20.396911
20.149811	-20.399617
20.159791	-20.402324
20.169771	-20.405033
20.179751	-20.407743
20.189731	-20.410455
20.199711	-20.413168
20.209691	-20.415883
20.219671	-20.4186
20.229651	-20.421318
20.239631	-20.424038
20.249611	-20.426759
20.259591	-20.429482
20.269571	-20.432206
20.279551	-20.434932
20.289531	-20.43766
20.299511	-20.440389
20.309491	-20.44312
20.319471	-20.445852
20.329451	-20.448586
20.339431	-20.451322
20.349411	-20.454059
20.359391	-20.456797
20.369371	-20.459537
20.379351	-20.462279
20.389331	-20.465022
20.399311	-20.467767
20.409291	-20.470514
20.419271	-20.473262
20.429251	-20.476011
20.439231	-20.478762
20.449211	-20.481515
20.459191	-20.484269
20.469171	-20.487025
20.479151	-20.489783
20.489131	-20.492542
20.499111	-20.495302
20.509091	-20.498064
20.519071	-20.500828
20.529051	-20.503593
20.539031	-20.50636
20.549011	-20.509128
20.558991	-20.511898
20.568971	-20.514669
20.578951	-20.517442
20.588931	-20.520217
20.598911	-20.522993
20.608891	-20.525771
20.618871	-20.52855
20.628851	-20.531331
20.638831	-20.534113
20.648811	-20.536897
20.658791	-20.539682
20.668771	-20.542469
20.678751	-20.545258
20.688731	-20.548048
20.698711	-20.55084
20.708691	-20.553633
20.718671	-20.556428
20.728651	-20.559224
20.738631	-20.562022
20.748611	-20.564822
20.758591	-20.567622
20.768571	-20.570425
20.778551	-20.573229
20.788531	-20.576035
20.798511	-20.578842
20.808491	-20.581651
20.818471	-20.584461
20.828451	-20.587273
20.838431	-20.590086
20.848411	-20.592901
20.858391	-20.595718
20.868371	-20.598536
20.878351	-20.601355
20.888331	-20.604176
20.898311	-20.606999
20.908291	-20.609823
20.918271	-20.612649
20.928251	-20.615476
20.938231	-20.618305
20.948211	-20.621135
20.958191	-20.623967
20.968171	-20.6268
20.978151	-20.629635
20.988131	-20.632472
20.998111	-20.63531
21.008091	-20.63815
21.018071	-20.640991
21.028051	-20.643833
21.038031	-20.646678
21.048011	-20.649523
21.057991	-20.652371
21.067971	-20.655219
21.077951	-20.65807
21.087931	-20.660922
21.097911	-20.663775
21.107891	-20.66663
21.117871	-20.669486
21.127851	-20.672344
21.137831	-20.675204
21.147811	-20.678065
21.157791	-20.680928
21.167771	-20.683792
21.177751	-20.686657
21.187731	-20.689524
21.197711	-20.692393
21.207691	-20.695263
21.217671	-20.698135
21.227651	-20.701008
21.237631	-20.703883
21.247611	-20.70676
21.257591	-20.709637
21.267571	-20.712517
21.277551	-20.715398
21.287531	-20.71828
21.297511	-20.721164
21.307491	-20.724049
21.317471	-20.726936
21.327451	-20.729825
21.337431	-20.732715
21.347411	-20.735607
21.357391	-20.7385
21.367371	-20.741394
21.377351	-20.74429
21.387331	-20.747188
21.397311	-20.750087
21.407291	-20.752988
21.417271	-20.75589
21.427251	-20.758794
21.43723	-20.761699
21.44721	-20.764605
21.45719	-20.767514
21.46717	-20.770423
21.47715	-20.773335
21.48713	-20.776247
21.49711	-20.779162
21.50709	-20.782077
21.51707	-20.784995
21.52705	-20.787914
21.53703	-20.790834
21.54701	-20.793756
21.55699	-20.796679
21.56697	-20.799604
21.57695	-20.80253
21.58693	-20.805458
21.59691	-20.808387
21.60689	-20.811318
21.61687	-20.81425
21.62685	-20.817184
21.63683	-20.82012
21.64681	-20.823057
21.65679	-20.825995
21.66677	-20.828935
21.67675	-20.831876
21.68673	-20.834819
21.69671	-20.837763
21.70669	-20.840709
21.71667	-20.843657
21.72665	-20.846605
21.73663	-20.849556
21.74661	-20.852508
21.75659	-20.855461
21.76657	-20.858416
21.77655	-20.861372
21.78653	-20.86433
21.79651	-20.867289
21.80649	-20.87025
21.81647	-20.873212
21.82645	-20.876176
21.83643	-20.879141
21.84641	-20.882108
21.85639	-20.885076
21.86637	-20.888046
21.87635	-20.891017
21.88633	-20.89399
21.89631	-20.896964
21.90629	-20.89994
21.91627	-20.902917
21.92625	-20.905896
21.93623	-20.908876
21.94621	-20.911857
21.95619	-20.914841
21.96617	-20.917825
21.97615	-20.920811
21.98613	-20.923799
21.99611	-20.926788
22.00609	-20.929778
22.01607	-20.93277
22.02605	-20.935764
22.03603	-20.938759
22.04601	-20.941755
22.05599	-20.944753
22.06597	-20.947752
22.07595	-20.950753
22.08593	-20.953756
22.09591	-20.956759
22.10589	-20.959765
22.11587	-20.962772
22.12585	-20.96578
22.13583	-20.968789
22.14581	-20.971801
22.15579	-20.974813
22.16577	-20.977827
22.17575	-20.980843
22.18573	-20.98386
22.19571	-20.986878
22.20569	-20.989898
22.21567	-20.99292
22.22565	-20.995943
22.23563	-20.998967
22.24561	-21.001993
22.25559	-21.00502
22.26557	-21.008049
22.27555	-21.011079
22.28553	-21.014111
22.29551	-21.017144
22.30549	-21.020179
22.31547	-21.023215
22.32545	-21.026252
22.33543	-21.029291
22.34541	-21.032332
22.35539	-21.035374
22.36537	-21.038417
22.37535	-21.041462
22.38533	-21.044508
22.39531	-21.047556
22.40529	-21.050605
22.41527	-21.053656
22.42525	-21.056708
22.43523	-21.059761
22.44521	-21.062816
22.45519	-21.065873
22.46517	-21.06893
22.47515	-21.07199
22.48513	-21.075051
22.49511	-21.078113
22.50509	-21.081176
22.51507	-21.084242
22.52505	-21.087308
22.53503	-21.090376
22.54501	-21.093446
22.55499	-21.096516
22.56497	-21.099589
22.57495	-21.102663
22.58493	-21.105738
22.59491	-21.108814
22.60489	-21.111893
22.61487	-21.114972
22.62485	-21.118053
22.63483	-21.121135
22.64481	-21.124219
22.65479	-21.127305
22.66477	-21.130391
22.67475	-21.13348
22.68473	-21.136569
22.69471	-21.13966
22.70469	-21.142753
22.71467	-21.145847
22.72465	-21.148942
22.73463	-21.152039
22.74461	-21.155137
22.75459	-21.158236
22.76457	-21.161337
22.77455	-21.16444
22.78453	-21.167544
22.79451	-21.170649
22.80449	-21.173756
22.81447	-21.176864
22.82445	-21.179974
22.83443	-21.183085
22.84441	-21.186197
22.85439	-21.189311
22.86437	-21.192426
22.87435	-21.195543
22.88433	-21.198661
22.89431	-21.201781
22.90429	-21.204902
22.91427	-21.208024
22.92425	-21.211148
22.93423	-21.214273
22.94421	-21.2174
22.95419	-21.220528
22.96417	-21.223657
22.97415	-21.226788
22.98413	-21.229921
22.99411	-21.233054
23.00409	-21.236189
23.01407	-21.239326
23.02405	-21.242464
23.03403	-21.245603
23.04401	-21.248744
23.05399	-21.251886
23.06397	-21.25503
23.07395	-21.258175
23.08393	-21.261321
23.09391	-21.264469
23.10389	-21.267618
23.11387	-21.270769
23.12385	-21.273921
23.13383	-21.277074
23.14381	-21.280229
23.15379	-21.283385
23.16377	-21.286543
23.17375	-21.289702
23.18373	-21.292862
23.19371	-21.296024
23.20369	-21.299187
23.21367	-21.302352
23.22365	-21.305518
23.23363	-21.308685
23.24361	-21.311854
23.25359	-21.315024
23.26357	-21.318196
23.27355	-21.321369
23.28353	-21.324543
23.29351	-21.327719
23.30349	-21.330896
23.31347	-21.334075
23.32345	-21.337255
23.33343	-21.340436
23.34341	-21.343619
23.35339	-21.346803
23.36337	-21.349988
23.37335	-21.353175
23.38333	-21.356363
23.39331	-21.359553
23.40329	-21.362744
23.41327	-21.365936
23.42325	-21.36913
23.43323	-21.372325
23.44321	-21.375522
23.45319	-21.378719
23.46317	-21.381919
23.47315	-21.385119
23.48313	-21.388321
23.49311	-21.391525
23.50309	-21.39473
23.51307	-21.397936
23.52305	-21.401143
23.53303	-21.404352
23.54301	-21.407562
23.55299	-21.410774
23.56297	-21.413987
23.57295	-21.417201
23.58293	-21.420417
23.59291	-21.423634
23.60289	-21.426853
23.61287	-21.430073
23.62285	-21.433294
23.63283	-21.436516
23.64281	-21.43974
23.65279	-21.442966
23.66277	-21.446192
23.672749	-21.44942
23.682729	-21.45265
23.692709	-21.455881
23.702689	-21.459113
23.712669	-21.462346
23.722649	-21.465581
23.732629	-21.468817
23.742609	-21.472055
23.752589	-21.475294
23.762569	-21.478534
23.772549	-21.481775
23.782529	-21.485018
23.792509	-21.488263
23.802489	-21.491508
23.812469	-21.494755
23.822449	-21.498004
23.832429	-21.501253
23.842409	-21.504504
23.852389	-21.507757
23.862369	-21.511011
23.872349	-21.514266
23.882329	-21.517522
23.892309	-21.52078
23.902289	-21.524039
23.912269	-21.5273
23.922249	-21.530561
23.932229	-21.533824
23.942209	-21.537089
23.952189	-21.540355
23.962169	-21.543622
23.972149	-21.546891
23.982129	-21.55016
23.992109	-21.553432
24.002089	-21.556704
24.012069	-21.559978
24.022049	-21.563253
24.032029	-21.56653
24.042009	-21.569808
24.051989	-21.573087
24.061969	-21.576367
24.071949	-21.579649
24.081929	-21.582932
24.091909	-21.586217
24.101889	-21.589503
24.111869	-21.59279
24.121849	-21.596078
24.131829	-21.599368
24.141809	-21.602659
24.151789	-21.605952
24.161769	-21.609245
24.171749	-21.612541
24.181729	-21.615837
24.191709	-21.619135
24.201689	-21.622434
24.211669	-21.625734
24.221649	-21.629036
24.231629	-21.632339
24.241609	-21.635643
24.251589	-21.638949
24.261569	-21.642256
24.271549	-21.645564
24.281529	-21.648874
24.291509	-21.652185
24.301489	-21.655497
24.311469	-21.65881
24.321449	-21.662125
24.331429	-21.665441
24.341409	-21.668759
24.351389	-21.672078
24.361369	-21.675398
24.371349	-21.678719
24.381329	-21.682042
24.391309	-21.685366
24.401289	-21.688691
24.411269	-21.692018
24.421249	-21.695346
24.431229	-21.698675
24.441209	-21.702005
24.451189	-21.705337
24.461169	-21.70867
24.471149	-21.712005
24.481129	-21.71534
24.491109	-21.718677
24.501089	-21.722016
24.511069	-21.725355
24.521049	-21.728696
24.531029	-21.732038
24.541009	-21.735382
24.550989	-21.738726
24.560969	-21.742072
24.570949	-21.74542
24.580929	-21.748768
24.590909	-21.752118
24.600889	-21.755469
24.610869	-21.758822
24.620849	-21.762176
24.630829	-21.765531
24.640809	-21.768887
24.650789	-21.772245
24.660769	-21.775604
24.670749	-21.778964
24.680729	-21.782325
24.690709	-21.785688
24.700689	-21.789052
24.710669	-21.792417
24.720649	-21.795784
24.730629	-21.799152
24.740609	-21.802521
24.750589	-21.805891
24.760569	-21.809263
24.770549	-21.812636
24.780529	-21.81601
24.790509	-21.819386
24.800489	-21.822762
24.810469	-21.82614
24.820449	-21.82952
24.830429	-21.8329
24.840409	-21.836282
24.850389	-21.839665
24.860369	-21.843049
24.870349	-21.846435
24.880329	-21.849822
24.890309	-21.85321
24.900289	-21.8566
24.910269	-21.85999
24.920249	-21.863382
24.930229	-21.866775
24.940209	-21.87017
24.950189	-21.873565
24.960169	-21.876962
24.970149	-21.880361
24.980129	-21.88376
24.990109	-21.887161
25.000089	-21.890563
25.010069	-21.893966
25.020049	-21.897371
25.030029	-21.900776
25.040009	-21.904183
25.049989	-21.907592
25.059969	-21.911001
25.069949	-21.914412
25.079929	-21.917824
25.089909	-21.921237
25.099889	-21.924652
25.109869	-21.928067
25.119849	-21.931484
25.129829	-21.934902
25.139809	-21.938322
25.149789	-21.941743
25.159769	-21.945164
25.169749	-21.948588
25.179729	-21.952012
25.189709	-21.955438
25.199689	-21.958865
25.209669	-21.962293
25.219649	-21.965722
25.229629	-21.969153
25.239609	-21.972584
25.249589	-21.976017
25.259569	-21.979452
25.269549	-21.982887
25.279529	-21.986324
25.289509	-21.989762
25.299489	-21.993201
25.309469	-21.996642
25.319449	-22.000083
25.329429	-22.003526
25.339409	-22.00697
25.349389	-22.010416
25.359369	-22.013862
25.369349	-22.01731
25.379329	-22.020759
25.389309	-22.024209
25.399289	-22.02766
25.409269	-22.031113
25.419249	-22.034567
25.429229	-22.038022
25.439209	-22.041478
25.449189	-22.044936
25.459169	-22.048395
25.469149	-22.051855
25.479129	-22.055316
25.489109	-22.058778
25.499089	-22.062242
25.509069	-22.065706
25.519049	-22.069172
25.529029	-22.07264
25.539009	-22.076108
25.548989	-22.079578
25.558969	-22.083048
25.568949	-22.08652
25.578929	-22.089994
25.588909	-22.093468
25.598889	-22.096944
25.608869	-22.100421
25.618849	-22.103899
25.628829	-22.107378
25.638809	-22.110858
25.648789	-22.11434
25.658769	-22.117823
25.668749	-22.121307
25.678729	-22.124792
25.688709	-22.128278
25.698689	-22.131766
25.708669	-22.135255
25.718649	-22.138745
25.728629	-22.142236
25.738609	-22.145728
25.748589	-22.149222
25.758569	-22.152717
25.768549	-22.156213
25.778529	-22.15971
25.788509	-22.163208
25.798489	-22.166707
25.808469	-22.170208
25.818449	-22.17371
25.828429	-22.177213
25.838409	-22.180717
25.848389	-22.184223
25.858369	-22.187729
25.868349	-22.191237
25.878329	-22.194746
25.888309	-22.198256
25.898289	-22.201767
25.908269	-22.20528
25.918248	-22.208793
25.928228	-22.212308
25.938208	-22.215824
25.948188	-22.219341
25.958168	-22.22286
25.968148	-22.226379
25.978128	-22.2299
25.988108	-22.233422
25.998088	-22.236945
26.008068	-22.240469
26.018048	-22.243994
26.028028	-22.247521
26.038008	-22.251048
26.047988	-22.254577
26.057968	-22.258107
26.067948	-22.261638
26.077928	-22.26517
26.087908	-22.268704
26.097888	-22.272239
26.107868	-22.275774
26.117848	-22.279311
26.127828	-22.282849
26.137808	-22.286389
26.147788	-22.289929
26.157768	-22.293471
26.167748	-22.297013
26.177728	-22.300557
26.187708	-22.304102
26.197688	-22.307648
26.207668	-22.311195
26.217648	-22.314744
26.227628	-22.318294
26.237608	-22.321844
26.247588	-22.325396
26.257568	-22.328949
26.267548	-22.332503
26.277528	-22.336059
26.287508	-22.339615
26.297488	-22.343173
26.307468	-22.346731
26.317448	-22.350291
26.327428	-22.353852
26.337408	-22.357414
26.347388	-22.360978
26.357368	-22.364542
26.367348	-22.368108
26.377328	-22.371674
26.387308	-22.375242
26.397288	-22.378811
26.407268	-22.382381
26.417248	-22.385952
26.427228	-22.389525
26.437208	-22.393098
26.447188	-22.396673
26.457168	-22.400249
26.467148	-22.403825
26.477128	-22.407403
26.487108	-22.410982
26.497088	-22.414563
26.507068	-22.418144
26.517048	-22.421727
26.527028	-22.42531
26.537008	-22.428895
26.546988	-22.432481
26.556968	-22.436068
26.566948	-22.439656
26.576928	-22.443245
26.586908	-22.446835
26.596888	-22.450426
26.606868	-22.454019
26.616848	-22.457613
26.626828	-22.461207
26.636808	-22.464803
26.646788	-22.4684
26.656768	-22.471998
26.666748	-22.475597
26.676728	-22.479198
26.686708	-22.482799
26.696688	-22.486401
26.706668	-22.490005
26.716648	-22.49361
26.726628	-22.497215
26.736608	-22.500822
26.746588	-22.50443
26.756568	-22.508039
26.766548	-22.51165
26.776528	-22.515261
26.786508	-22.518873
26.796488	-22.522487
26.806468	-22.526101
26.816448	-22.529717
26.826428	-22.533334
26.836408	-22.536952
26.846388	-22.540571
26.856368	-22.544191
26.866348	-22.547812
26.876328	-22.551434
26.886308	-22.555057
26.896288	-22.558682
26.906268	-22.562307
26.916248	-22.565934
26.926228	-22.569561
26.936208	-22.57319
26.946188	-22.57682
26.956168	-22.580451
26.966148	-22.584083
26.976128	-22.587716
26.986108	-22.59135
26.996088	-22.594985
27.006068	-22.598622
27.016048	-22.602259
27.026028	-22.605897
27.036008	-22.609537
27.045988	-22.613177
27.055968	-22.616819
27.065948	-22.620462
27.075928	-22.624106
27.085908	-22.627751
27.095888	-22.631396
27.105868	-22.635043
27.115848	-22.638692
27.125828	-22.642341
27.135808	-22.645991
27.145788	-22.649642
27.155768	-22.653295
27.165748	-22.656948
27.175728	-22.660602
27.185708	-22.664258
27.195688	-22.667915
27.205668	-22.671572
27.215648	-22.675231
27.225628	-22.678891
27.235608	-22.682551
27.245588	-22.686213
27.255568	-22.689876
27.265548	-22.69354
27.275528	-22.697205
27.285508	-22.700871
27.295488	-22.704538
27.305468	-22.708207
27.315448	-22.711876
27.325428	-22.715546
27.335408	-22.719218
27.345388	-22.72289
27.355368	-22.726563
27.365348	-22.730238
27.375328	-22.733913
27.385308	-22.73759
27.395288	-22.741267
27.405268	-22.744946
27.415248	-22.748626
27.425228	-22.752307
27.435208	-22.755988
27.445188	-22.759671
27.455168	-22.763355
27.465148	-22.76704
27.475128	-22.770726
27.485108	-22.774413
27.495088	-22.778101
27.505068	-22.78179
27.515048	-22.78548
27.525028	-22.789171
27.535008	-22.792863
27.544988	-22.796556
27.554968	-22.80025
27.564948	-22.803945
27.574928	-22.807641
27.584908	-22.811339
27.594888	-22.815037
27.604868	-22.818736
27.614848	-22.822436
27.624828	-22.826138
27.634808	-22.82984
27.644788	-22.833544
27.654768	-22.837248
27.664748	-22.840953
27.674728	-22.84466
27.684708	-22.848367
27.694688	-22.852076
27.704668	-22.855785
27.714648	-22.859496
27.724628	-22.863207
27.734608	-22.866919
27.744588	-22.870633
27.754568	-22.874348
27.764548	-22.878063
27.774528	-22.88178
27.784508	-22.885497
27.794488	-22.889216
27.804468	-22.892935
27.814448	-22.896656
27.824428	-22.900377
27.834408	-22.9041
27.844388	-22.907823
27.854368	-22.911548
27.864348	-22.915274
27.874328	-22.919
27.884308	-22.922728
27.894288	-22.926456
27.904268	-22.930186
27.914248	-22.933916
27.924228	-22.937648
27.934208	-22.941381
27.944188	-22.945114
27.954168	-22.948849
27.964148	-22.952584
27.974128	-22.956321
27.984108	-22.960058
27.994088	-22.963797
28.004068	-22.967536
28.014048	-22.971277
28.024028	-22.975018
28.034008	-22.97876
28.043988	-22.982504
28.053968	-22.986248
28.063948	-22.989994
28.073928	-22.99374
28.083908	-22.997487
28.093888	-23.001236
28.103868	-23.004985
28.113848	-23.008735
28.123828	-23.012486
28.133808	-23.016239
28.143788	-23.019992
28.153768	-23.023746
28.163747	-23.027501
28.173727	-23.031257
28.183707	-23.035014
28.193687	-23.038772
28.203667	-23.042532
28.213647	-23.046292
28.223627	-23.050052
28.233607	-23.053814
28.243587	-23.057577
28.253567	-23.061341
28.263547	-23.065106
28.273527	-23.068872
28.283507	-23.072639
28.293487	-23.076406
28.303467	-23.080175
28.313447	-23.083945
28.323427	-23.087715
28.333407	-23.091487
28.343387	-23.095259
28.353367	-23.099033
28.363347	-23.102807
28.373327	-23.106583
28.383307	-23.110359
28.393287	-23.114136
28.403267	-23.117914
28.413247	-23.121694
28.423227	-23.125474
28.433207	-23.129255
28.443187	-23.133037
28.453167	-23.13682
28.463147	-23.140604
28.473127	-23.144389
28.483107	-23.148174
28.493087	-23.151961
28.503067	-23.155749
28.513047	-23.159538
28.523027	-23.163327
28.533007	-23.167118
28.542987	-23.170909
28.552967	-23.174702
28.562947	-23.178495
28.572927	-23.182289
28.582907	-23.186084
28.592887	-23.189881
28.602867	-23.193678
28.612847	-23.197476
28.622827	-23.201275
28.632807	-23.205075
28.642787	-23.208875
28.652767	-23.212677
28.662747	-23.21648
28.672727	-23.220283
28.682707	-23.224088
28.692687	-23.227893
28.702667	-23.2317
28.712647	-23.235507
28.722627	-23.239315
28.732607	-23.243124
28.742587	-23.246934
28.752567	-23.250745
28.762547	-23.254557
28.772527	-23.25837
28.782507	-23.262184
28.792487	-23.265999
28.802467	-23.269814
28.812447	-23.273631
28.822427	-23.277448
28.832407	-23.281266
28.842387	-23.285086
28.852367	-23.288906
28.862347	-23.292727
28.872327	-23.296549
28.882307	-23.300372
28.892287	-23.304195
28.902267	-23.30802
28.912247	-23.311846
28.922227	-23.315672
28.932207	-23.3195
28.942187	-23.323328
28.952167	-23.327157
28.962147	-23.330987
28.972127	-23.334818
28.982107	-23.33865
28.992087	-23.342483
29.002067	-23.346317
29.012047	-23.350151
29.022027	-23.353987
29.032007	-23.357823
29.041987	-23.361661
29.051967	-23.365499
29.061947	-23.369338
29.071927	-23.373178
29.081907	-23.377019
29.091887	-23.38086
29.101867	-23.384703
29.111847	-23.388547
29.121827	-23.392391
29.131807	-23.396236
29.141787	-23.400083
29.151767	-23.40393
29.161747	-23.407778
29.171727	-23.411626
29.181707	-23.415476
29.191687	-23.419327
29.201667	-23.423178
29.211647	-23.427031
29.221627	-23.430884
29.231607	-23.434738
29.241587	-23.438593
29.251567	-23.442449
29.261547	-23.446306
29.271527	-23.450163
29.281507	-23.454022
29.291487	-23.457881
29.301467	-23.461742
29.311447	-23.465603
29.321427	-23.469465
29.331407	-23.473328
29.341387	-23.477191
29.351367	-23.481056
29.361347	-23.484921
29.371327	-23.488788
29.381307	-23.492655
29.391287	-23.496523
29.401267	-23.500392
29.411247	-23.504262
29.421227	-23.508133
29.431207	-23.512004
29.441187	-23.515876
29.451167	-23.51975
29.461147	-23.523624
29.471127	-23.527499
29.481107	-23.531375
29.491087	-23.535251
29.501067	-23.539129
29.511047	-23.543007
29.521027	-23.546886
29.531007	-23.550766
29.540987	-23.554647
29.550967	-23.558529
29.560947	-23.562412
29.570927	-23.566295
29.580907	-23.57018
29.590887	-23.574065
29.600867	-23.577951
29.610847	-23.581838
29.620827	-23.585725
29.630807	-23.589614
29.640787	-23.593503
29.650767	-23.597394
29.660747	-23.601285
29.670727	-23.605177
29.680707	-23.609069
29.690687	-23.612963
29.700667	-23.616857
29.710647	-23.620753
29.720627	-23.624649
29.730607	-23.628546
29.740587	-23.632444
29.750567	-23.636342
29.760547	-23.640242
29.770527	-23.644142
29.780507	-23.648043
29.790487	-23.651945
29.800467	-23.655848
29.810447	-23.659751
29.820427	-23.663656
29.830407	-23.667561
29.840387	-23.671467
29.850367	-23.675374
29.860347	-23.679282
29.870327	-23.68319
29.880307	-23.6871
29.890287	-23.69101
29.900267	-23.694921
29.910247	-23.698833
29.920227	-23.702745
29.930207	-23.706659
29.940187	-23.710573
29.950167	-23.714488
29.960147	-23.718404
29.970127	-23.722321
29.980107	-23.726238
29.990087	-23.730157
30.000067	-23.734076
30.010047	-23.737996
30.020027	-23.741916
30.030007	-23.745838
30.039987	-23.74976
30.049967	-23.753684
30.059947	-23.757608
30.069927	-23.761532
30.079907	-23.765458
30.089887	-23.769385
30.099867	-23.773312
30.109847	-23.77724
30.119827	-23.781169
30.129807	-23.785098
30.139787	-23.789029
30.149767	-23.79296
30.159747	-23.796892
30.169727	-23.800825
30.179707	-23.804758
30.189687	-23.808693
30.199667	-23.812628
30.209647	-23.816564
30.219627	-23.820501
30.229607	-23.824439
30.239587	-23.828377
30.249567	-23.832316
30.259547	-23.836256
30.269527	-23.840197
30.279507	-23.844138
30.289487	-23.848081
30.299467	-23.852024
30.309447	-23.855968
30.319427	-23.859912
30.329407	-23.863858
30.339387	-23.867804
30.349367	-23.871751
30.359347	-23.875699
30.369327	-23.879648
30.379307	-23.883597
30.389287	-23.887547
30.399267	-23.891498
30.409246	-23.89545
30.419226	-23.899402
30.429206	-23.903355
30.439186	-23.90731
30.449166	-23.911264
30.459146	-23.91522
30.469126	-23.919176
30.479106	-23.923133
30.489086	-23.927091
30.499066	-23.93105
30.509046	-23.935009
30.519026	-23.93897
30.529006	-23.942931
30.538986	-23.946892
30.548966	-23.950855
30.558946	-23.954818
30.568926	-23.958782
30.578906	-23.962747
30.588886	-23.966712
30.598866	-23.970679
30.608846	-23.974646
30.618826	-23.978614
30.628806	-23.982582
30.638786	-23.986552
30.648766	-23.990522
30.658746	-23.994493
30.668726	-23.998464
30.678706	-24.002437
30.688686	-24.00641
30.698666	-24.010384
30.708646	-24.014358
30.718626	-24.018334
30.728606	-24.02231
30.738586	-24.026287
30.748566	-24.030264
30.758546	-24.034243
30.768526	-24.038222
30.778506	-24.042202
30.788486	-24.046182
30.798466	-24.050164
30.808446	-24.054146
30.818426	-24.058128
30.828406	-24.062112
30.838386	-24.066096
30.848366	-24.070081
30.858346	-24.074067
30.868326	-24.078054
30.878306	-24.082041
30.888286	-24.086029
30.898266	-24.090018
30.908246	-24.094007
30.918226	-24.097998
30.928206	-24.101989
30.938186	-24.10598
30.948166	-24.109973
30.958146	-24.113966
30.968126	-24.11796
30.978106	-24.121954
30.988086	-24.12595
30.998066	-24.129946
31.008046	-24.133943
31.018026	-24.13794
31.028006	-24.141938
31.037986	-24.145937
31.047966	-24.149937
31.057946	-24.153937
31.067926	-24.157939
31.077906	-24.16194
31.087886	-24.165943
31.097866	-24.169946
31.107846	-24.17395
31.117826	-24.177955
31.127806	-24.181961
31.137786	-24.185967
31.147766	-24.189974
31.157746	-24.193981
31.167726	-24.19799
31.177706	-24.201999
31.187686	-24.206008
31.197666	-24.210019
31.207646	-24.21403
31.217626	-24.218042
31.227606	-24.222054
31.237586	-24.226068
31.247566	-24.230082
31.257546	-24.234097
31.267526	-24.238112
31.277506	-24.242128
31.287486	-24.246145
31.297466	-24.250162
31.307446	-24.254181
31.317426	-24.2582
31.327406	-24.262219
31.337386	-24.26624
31.347366	-24.270261
31.357346	-24.274282
31.367326	-24.278305
31.377306	-24.282328
31.387286	-24.286352
31.397266	-24.290376
31.407246	-24.294402
31.417226	-24.298427
31.427206	-24.302454
31.437186	-24.306481
31.447166	-24.310509
31.457146	-24.314538
31.467126	-24.318567
31.477106	-24.322597
31.487086	-24.326628
31.497066	-24.33066
31.507046	-24.334692
31.517026	-24.338725
31.527006	-24.342758
31.536986	-24.346792
31.546966	-24.350827
31.556946	-24.354863
31.566926	-24.358899
31.576906	-24.362936
31.586886	-24.366973
31.596866	-24.371012
31.606846	-24.375051
31.616826	-24.37909
31.626806	-24.38313
31.636786	-24.387171
31.646766	-24.391213
31.656746	-24.395255
31.666726	-24.399298
31.676706	-24.403342
31.686686	-24.407386
31.696666	-24.411431
31.706646	-24.415477
31.716626	-24.419524
31.726606	-24.423571
31.736586	-24.427618
31.746566	-24.431667
31.756546	-24.435716
31.766526	-24.439765
31.776506	-24.443816
31.786486	-24.447867
31.796466	-24.451918
31.806446	-24.455971
31.816426	-24.460024
31.826406	-24.464078
31.836386	-24.468132
31.846366	-24.472187
31.856346	-24.476243
31.866326	-24.480299
31.876306	-24.484356
31.886286	-24.488413
31.896266	-24.492472
31.906246	-24.496531
31.916226	-24.50059
31.926206	-24.504651
31.936186	-24.508711
31.946166	-24.512773
31.956146	-24.516835
31.966126	-24.520898
31.976106	-24.524962
31.986086	-24.529026
31.996066	-24.53309
32.006046	-24.537156
32.016026	-24.541222
32.026006	-24.545289
32.035986	-24.549356
32.045966	-24.553424
32.055946	-24.557493
32.065926	-24.561562
32.075906	-24.565632
32.085886	-24.569703
32.095866	-24.573774
32.105846	-24.577846
32.115826	-24.581918
32.125806	-24.585992
32.135786	-24.590065
32.145766	-24.59414
32.155746	-24.598215
32.165726	-24.602291
32.175706	-24.606367
32.185686	-24.610444
32.195666	-24.614521
32.205646	-24.6186
32.215626	-24.622679
32.225606	-24.626758
32.235586	-24.630838
32.245566	-24.634919
32.255546	-24.639
32.265526	-24.643082
32.275506	-24.647165
32.285486	-24.651248
32.295466	-24.655332
32.305446	-24.659417
32.315426	-24.663502
32.325406	-24.667588
32.335386	-24.671674
32.345366	-24.675761
32.355346	-24.679849
32.365326	-24.683937
32.375306	-24.688026
32.385286	-24.692115
32.395266	-24.696205
32.405246	-24.700296
32.415226	-24.704387
32.425206	-24.708479
32.435186	-24.712572
32.445166	-24.716665
32.455146	-24.720759
32.465126	-24.724853
32.475106	-24.728948
32.485086	-24.733044
32.495066	-24.73714
32.505046	-24.741237
32.515026	-24.745334
32.525006	-24.749432
32.534986	-24.753531
32.544966	-24.75763
32.554946	-24.76173
32.564926	-24.765831
32.574906	-24.769932
32.584886	-24.774033
32.594866	-24.778136
32.604846	-24.782239
32.614826	-24.786342
32.624806	-24.790446
32.634786	-24.794551
32.644766	-24.798656
32.654745	-24.802762
32.664725	-24.806868
32.674705	-24.810975
32.684685	-24.815083
32.694665	-24.819191
32.704645	-24.8233
32.714625	-24.82741
32.724605	-24.83152
32.734585	-24.83563
32.744565	-24.839742
32.754545	-24.843853
32.764525	-24.847966
32.774505	-24.852079
32.784485	-24.856192
32.794465	-24.860307
32.804445	-24.864421
32.814425	-24.868537
32.824405	-24.872653
32.834385	-24.876769
32.844365	-24.880886
32.854345	-24.885004
32.864325	-24.889122
32.874305	-24.893241
32.884285	-24.897361
32.894265	-24.901481
32.904245	-24.905601
32.914225	-24.909722
32.924205	-24.913844
32.934185	-24.917966
32.944165	-24.922089
32.954145	-24.926213
32.964125	-24.930337
32.974105	-24.934461
32.984085	-24.938587
32.994065	-24.942712
33.004045	-24.946839
33.014025	-24.950966
33.024005	-24.955093
33.033985	-24.959221
33.043965	-24.96335
33.053945	-24.967479
33.063925	-24.971609
33.073905	-24.975739
33.083885	-24.97987
33.093865	-24.984001
33.103845	-24.988133
33.113825	-24.992266
33.123805	-24.996399
33.133785	-25.000533
33.143765	-25.004667
33.153745	-25.008802
33.163725	-25.012937
33.173705	-25.017073
33.183685	-25.02121
33.193665	-25.025347
33.203645	-25.029485
33.213625	-25.033623
33.223605	-25.037762
33.233585	-25.041901
33.243565	-25.046041
33.253545	-25.050181
33.263525	-25.054322
33.273505	-25.058464
33.283485	-25.062606
33.293465	-25.066748
33.303445	-25.070891
33.313425	-25.075035
33.323405	-25.079179
33.333385	-25.083324
33.343365	-25.08747
33.353345	-25.091615
33.363325	-25.095762
33.373305	-25.099909
33.383285	-25.104056
33.393265	-25.108205
33.403245	-25.112353
33.413225	-25.116502
33.423205	-25.120652
33.433185	-25.124802
33.443165	-25.128953
33.453145	-25.133104
33.463125	-25.137256
33.473105	-25.141409
33.483085	-25.145562
33.493065	-25.149715
33.503045	-25.153869
33.513025	-25.158024
33.523005	-25.162179
33.532985	-25.166335
33.542965	-25.170491
33.552945	-25.174647
33.562925	-25.178805
33.572905	-25.182962
33.582885	-25.187121
33.592865	-25.191279
33.602845	-25.195439
33.612825	-25.199599
33.622805	-25.203759
33.632785	-25.20792
33.642765	-25.212081
33.652745	-25.216243
33.662725	-25.220406
33.672705	-25.224569
33.682685	-25.228733
33.692665	-25.232897
33.702645	-25.237061
33.712625	-25.241226
33.722605	-25.245392
33.732585	-25.249558
33.742565	-25.253725
33.752545	-25.257892
33.762525	-25.26206
33.772505	-25.266228
33.782485	-25.270397
33.792465	-25.274566
33.802445	-25.278736
33.812425	-25.282906
33.822405	-25.287077
33.832385	-25.291248
33.842365	-25.29542
33.852345	-25.299592
33.862325	-25.303765
33.872305	-25.307939
33.882285	-25.312113
33.892265	-25.316287
33.902245	-25.320462
33.912225	-25.324637
33.922205	-25.328813
33.932185	-25.33299
33.942165	-25.337167
33.952145	-25.341344
33.962125	-25.345522
33.972105	-25.3497
33.982085	-25.353879
33.992065	-25.358059
34.002045	-25.362239
34.012025	-25.366419
34.022005	-25.3706
34.031985	-25.374782
34.041965	-25.378963
34.051945	-25.383146
34.061925	-25.387329
34.071905	-25.391512
34.081885	-25.395696
34.091865	-25.399881
34.101845	-25.404066
34.111825	-25.408251
34.121805	-25.412437
34.131785	-25.416623
34.141765	-25.42081
34.151745	-25.424998
34.161725	-25.429185
34.171705	-25.433374
34.181685	-25.437563
34.191665	-25.441752
34.201645	-25.445942
34.211625	-25.450132
34.221605	-25.454323
34.231585	-25.458514
34.241565	-25.462706
34.251545	-25.466898
34.261525	-25.471091
34.271505	-25.475284
34.281485	-25.479478
34.291465	-25.483672
34.301445	-25.487867
34.311425	-25.492062
34.321405	-25.496258
34.331385	-25.500454
34.341365	-25.50465
34.351345	-25.508848
34.361325	-25.513045
34.371305	-25.517243
34.381285	-25.521442
34.391265	-25.525641
34.401245	-25.52984
34.411225	-25.53404
34.421205	-25.53824
34.431185	-25.542441
34.441165	-25.546643
34.451145	-25.550844
34.461125	-25.555047
34.471105	-25.559249
34.481085	-25.563453
34.491065	-25.567656
34.501045	-25.571861
34.511025	-25.576065
34.521005	-25.58027
34.530985	-25.584476
34.540965	-25.588682
34.550945	-25.592888
34.560925	-25.597095
34.570905	-25.601303
34.580885	-25.605511
34.590865	-25.609719
34.600845	-25.613928
34.610825	-25.618137
34.620805	-25.622347
34.630785	-25.626557
34.640765	-25.630768
34.650745	-25.634979
34.660725	-25.63919
34.670705	-25.643402
34.680685	-25.647615
34.690665	-25.651828
34.700645	-25.656041
34.710625	-25.660255
34.720605	-25.664469
34.730585	-25.668684
34.740565	-25.672899
34.750545	-25.677115
34.760525	-25.681331
34.770505	-25.685548
34.780485	-25.689765
34.790465	-25.693982
34.800445	-25.6982
34.810425	-25.702419
34.820405	-25.706637
34.830385	-25.710857
34.840365	-25.715076
34.850345	-25.719296
34.860325	-25.723517
34.870305	-25.727738
34.880285	-25.73196
34.890265	-25.736182
34.900244	-25.740404
34.910224	-25.744627
34.920204	-25.74885
34.930184	-25.753074
34.940164	-25.757298
34.950144	-25.761522
34.960124	-25.765747
34.970104	-25.769973
34.980084	-25.774199
34.990064	-25.778425
35.000044	-25.782652
35.010024	-25.786879
35.020004	-25.791107
35.029984	-25.795335
35.039964	-25.799563
35.049944	-25.803792
35.059924	-25.808021
35.069904	-25.812251
35.079884	-25.816481
35.089864	-25.820712
35.099844	-25.824943
35.109824	-25.829175
35.119804	-25.833407
35.129784	-25.837639
35.139764	-25.841872
35.149744	-25.846105
35.159724	-25.850339
35.169704	-25.854573
35.179684	-25.858807
35.189664	-25.863042
35.199644	-25.867278
35.209624	-25.871513
35.219604	-25.87575
35.229584	-25.879986
35.239564	-25.884223
35.249544	-25.888461
35.259524	-25.892699
35.269504	-25.896937
35.279484	-25.901176
35.289464	-25.905415
35.299444	-25.909654
35.309424	-25.913894
35.319404	-25.918135
35.329384	-25.922375
35.339364	-25.926617
35.349344	-25.930858
35.359324	-25.9351
35.369304	-25.939343
35.379284	-25.943586
35.389264	-25.947829
35.399244	-25.952073
35.409224	-25.956317
35.419204	-25.960561
35.429184	-25.964806
35.439164	-25.969052
35.449144	-25.973297
35.459124	-25.977543
35.469104	-25.98179
35.479084	-25.986037
35.489064	-25.990284
35.499044	-25.994532
35.509024	-25.99878
35.519004	-26.003029
35.528984	-26.007278
35.538964	-26.011527
35.548944	-26.015777
35.558924	-26.020027
35.568904	-26.024278
35.578884	-26.028529
35.588864	-26.03278
35.598844	-26.037032
35.608824	-26.041284
35.618804	-26.045537
35.628784	-26.04979
35.638764	-26.054043
35.648744	-26.058297
35.658724	-26.062551
35.668704	-26.066806
35.678684	-26.071061
35.688664	-26.075316
35.698644	-26.079572
35.708624	-26.083828
35.718604	-26.088085
35.728584	-26.092341
35.738564	-26.096599
35.748544	-26.100857
35.758524	-26.105115
35.768504	-26.109373
35.778484	-26.113632
35.788464	-26.117891
35.798444	-26.122151
35.808424	-26.126411
35.818404	-26.130671
35.828384	-26.134932
35.838364	-26.139193
35.848344	-26.143455
35.858324	-26.147717
35.868304	-26.151979
35.878284	-26.156242
35.888264	-26.160505
35.898244	-26.164769
35.908224	-26.169033
35.918204	-26.173297
35.928184	-26.177562
35.938164	-26.181827
35.948144	-26.186092
35.958124	-26.190358
35.968104	-26.194624
35.978084	-26.19889
35.988064	-26.203157
35.998044	-26.207425
36.008024	-26.211692
36.018004	-26.21596
36.027984	-26.220229
36.037964	-26.224498
36.047944	-26.228767
36.057924	-26.233036
36.067904	-26.237306
36.077884	-26.241576
36.087864	-26.245847
36.097844	-26.250118
36.107824	-26.25439
36.117804	-26.258661
36.127784	-26.262933
36.137764	-26.267206
36.147744	-26.271479
36.157724	-26.275752
36.167704	-26.280026
36.177684	-26.2843
36.187664	-26.288574
36.197644	-26.292849
36.207624	-26.297124
36.217604	-26.301399
36.227584	-26.305675
36.237564	-26.309951
36.247544	-26.314227
36.257524	-26.318504
36.267504	-26.322781
36.277484	-26.327059
36.287464	-26.331337
36.297444	-26.335615
36.307424	-26.339894
36.317404	-26.344173
36.327384	-26.348452
36.337364	-26.352732
36.347344	-26.357012
36.357324	-26.361293
36.367304	-26.365573
36.377284	-26.369855
36.387264	-26.374136
36.397244	-26.378418
36.407224	-26.3827
36.417204	-26.386983
36.427184	-26.391266
36.437164	-26.395549
36.447144	-26.399833
36.457124	-26.404116
36.467104	-26.408401
36.477084	-26.412685
36.487064	-26.41697
36.497044	-26.421256
36.507024	-26.425542
36.517004	-26.429828
36.526984	-26.434114
36.536964	-26.438401
36.546944	-26.442688
36.556924	-26.446975
36.566904	-26.451263
36.576884	-26.455551
36.586864	-26.45984
36.596844	-26.464128
36.606824	-26.468418
36.616804	-26.472707
36.626784	-26.476997
36.636764	-26.481287
36.646744	-26.485578
36.656724	-26.489868
36.666704	-26.49416
36.676684	-26.498451
36.686664	-26.502743
36.696644	-26.507035
36.706624	-26.511328
36.716604	-26.515621
36.726584	-26.519914
36.736564	-26.524207
36.746544	-26.528501
36.756524	-26.532795
36.766504	-26.53709
36.776484	-26.541385
36.786464	-26.54568
36.796444	-26.549976
36.806424	-26.554271
36.816404	-26.558568
36.826384	-26.562864
36.836364	-26.567161
36.846344	-26.571458
36.856324	-26.575756
36.866304	-26.580054
36.876284	-26.584352
36.886264	-26.58865
36.896244	-26.592949
36.906224	-26.597248
36.916204	-26.601548
36.926184	-26.605847
36.936164	-26.610148
36.946144	-26.614448
36.956124	-26.618749
36.966104	-26.62305
36.976084	-26.627351
36.986064	-26.631653
36.996044	-26.635955
37.006024	-26.640257
37.016004	-26.64456
37.025984	-26.648863
37.035964	-26.653166
37.045944	-26.65747
37.055924	-26.661774
37.065904	-26.666078
37.075884	-26.670383
37.085864	-26.674688
37.095844	-26.678993
37.105824	-26.683299
37.115804	-26.687604
37.125784	-26.691911
37.135764	-26.696217
37.145743	-26.700524
37.155723	-26.704831
37.165703	-26.709138
37.175683	-26.713446
37.185663	-26.717754
37.195643	-26.722063
37.205623	-26.726371
37.215603	-26.73068
37.225583	-26.734989
37.235563	-26.739299
37.245543	-26.743609
37.255523	-26.747919
37.265503	-26.75223
37.275483	-26.75654
37.285463	-26.760852
37.295443	-26.765163
37.305423	-26.769475
37.315403	-26.773787
37.325383	-26.778099
37.335363	-26.782412
37.345343	-26.786725
37.355323	-26.791038
37.365303	-26.795351
37.375283	-26.799665
37.385263	-26.803979
37.395243	-26.808294
37.405223	-26.812609
37.415203	-26.816924
37.425183	-26.821239
37.435163	-26.825555
37.445143	-26.829871
37.455123	-26.834187
37.465103	-26.838503
37.475083	-26.84282
37.485063	-26.847137
37.495043	-26.851455
37.505023	-26.855773
37.515003	-26.860091
37.524983	-26.864409
37.534963	-26.868727
37.544943	-26.873046
37.554923	-26.877365
37.564903	-26.881685
37.574883	-26.886005
37.584863	-26.890325
37.594843	-26.894645
37.604823	-26.898966
37.614803	-26.903287
37.624783	-26.907608
37.634763	-26.911929
37.644743	-26.916251
37.654723	-26.920573
37.664703	-26.924896
37.674683	-26.929218
37.684663	-26.933541
37.694643	-26.937864
37.704623	-26.942188
37.714603	-26.946512
37.724583	-26.950836
37.734563	-26.95516
37.744543	-26.959485
37.754523	-26.96381
37.764503	-26.968135
37.774483	-26.97246
37.784463	-26.976786
37.794443	-26.981112
37.804423	-26.985438
37.814403	-26.989765
37.824383	-26.994092
37.834363	-26.998419
37.844343	-27.002746
37.854323	-27.007074
37.864303	-27.011402
37.874283	-27.01573
37.884263	-27.020059
37.894243	-27.024388
37.904223	-27.028717
37.914203	-27.033046
37.924183	-27.037376
37.934163	-27.041706
37.944143	-27.046036
37.954123	-27.050366
37.964103	-27.054697
37.974083	-27.059028
37.984063	-27.063359
37.994043	-27.067691
38.004023	-27.072023
38.014003	-27.076355
38.023983	-27.080687
38.033963	-27.08502
38.043943	-27.089353
38.053923	-27.093686
38.063903	-27.098019
38.073883	-27.102353
38.083863	-27.106687
38.093843	-27.111021
38.103823	-27.115355
38.113803	-27.11969
38.123783	-27.124025
38.133763	-27.12836
38.143743	-27.132696
38.153723	-27.137032
38.163703	-27.141368
38.173683	-27.145704
38.183663	-27.150041
38.193643	-27.154378
38.203623	-27.158715
38.213603	-27.163052
38.223583	-27.16739
38.233563	-27.171727
38.243543	-27.176066
38.253523	-27.180404
38.263503	-27.184743
38.273483	-27.189082
38.283463	-27.193421
38.293443	-27.19776
38.303423	-27.2021
38.313403	-27.20644
38.323383	-27.21078
38.333363	-27.21512
38.343343	-27.219461
38.353323	-27.223802
38.363303	-27.228143
38.373283	-27.232485
38.383263	-27.236826
38.393243	-27.241168
38.403223	-27.245511
38.413203	-27.249853
38.423183	-27.254196
38.433163	-27.258539
38.443143	-27.262882
38.453123	-27.267225
38.463103	-27.271569
38.473083	-27.275913
38.483063	-27.280257
38.493043	-27.284602
38.503023	-27.288946
38.513003	-27.293291
38.522983	-27.297637
38.532963	-27.301982
38.542943	-27.306328
38.552923	-27.310674
38.562903	-27.31502
38.572883	-27.319366
38.582863	-27.323713
38.592843	-27.32806
38.602823	-27.332407
38.612803	-27.336754
38.622783	-27.341102
38.632763	-27.34545
38.642743	-27.349798
38.652723	-27.354146
38.662703	-27.358495
38.672683	-27.362843
38.682663	-27.367193
38.692643	-27.371542
38.702623	-27.375891
38.712603	-27.380241
38.722583	-27.384591
38.732563	-27.388941
38.742543	-27.393292
38.752523	-27.397643
38.762503	-27.401993
38.772483	-27.406345
38.782463	-27.410696
38.792443	-27.415048
38.802423	-27.4194
38.812403	-27.423752
38.822383	-27.428104
38.832363	-27.432457
38.842343	-27.436809
38.852323	-27.441162
38.862303	-27.445516
38.872283	-27.449869
38.882263	-27.454223
38.892243	-27.458577
38.902223	-27.462931
38.912203	-27.467285
38.922183	-27.47164
38.932163	-27.475995
38.942143	-27.48035
38.952123	-27.484705
38.962103	-27.489061
38.972083	-27.493417
38.982063	-27.497773
38.992043	-27.502129
39.002023	-27.506485
39.012003	-27.510842
39.021983	-27.515199
39.031963	-27.519556
39.041943	-27.523913
39.051923	-27.528271
39.061903	-27.532629
39.071883	-27.536987
39.081863	-27.541345
39.091843	-27.545703
39.101823	-27.550062
39.111803	-27.554421
39.121783	-27.55878
39.131763	-27.563139
39.141743	-27.567499
39.151723	-27.571859
39.161703	-27.576219
39.171683	-27.580579
39.181663	-27.584939
39.191643	-27.5893
39.201623	-27.593661
39.211603	-27.598022
39.221583	-27.602383
39.231563	-27.606744
39.241543	-27.611106
39.251523	-27.615468
39.261503	-27.61983
39.271483	-27.624193
39.281463	-27.628555
39.291443	-27.632918
39.301423	-27.637281
39.311403	-27.641644
39.321383	-27.646007
39.331363	-27.650371
39.341343	-27.654735
39.351323	-27.659099
39.361303	-27.663463
39.371283	-27.667828
39.381263	-27.672192
39.391242	-27.676557
39.401222	-27.680922
39.411202	-27.685287
39.421182	-27.689653
39.431162	-27.694018
39.441142	-27.698384
39.451122	-27.70275
39.461102	-27.707117
39.471082	-27.711483
39.481062	-27.71585
39.491042	-27.720217
39.501022	-27.724584
39.511002	-27.728951
39.520982	-27.733319
39.530962	-27.737687
39.540942	-27.742054
39.550922	-27.746423
39.560902	-27.750791
39.570882	-27.755159
39.580862	-27.759528
39.590842	-27.763897
39.600822	-27.768266
39.610802	-27.772635
39.620782	-27.777005
39.630762	-27.781375
39.640742	-27.785745
39.650722	-27.790115
39.660702	-27.794485
39.670682	-27.798856
39.680662	-27.803226
39.690642	-27.807597
39.700622	-27.811968
39.710602	-27.816339
39.720582	-27.820711
39.730562	-27.825083
39.740542	-27.829454
39.750522	-27.833827
39.760502	-27.838199
39.770482	-27.842571
39.780462	-27.846944
39.790442	-27.851317
39.800422	-27.85569
39.810402	-27.860063
39.820382	-27.864436
39.830362	-27.86881
39.840342	-27.873184
39.850322	-27.877558
39.860302	-27.881932
39.870282	-27.886306
39.880262	-27.890681
39.890242	-27.895055
39.900222	-27.89943
39.910202	-27.903805
39.920182	-27.908181
39.930162	-27.912556
39.940142	-27.916932
39.950122	-27.921307
39.960102	-27.925684
39.970082	-27.93006
39.980062	-27.934436
39.990042	-27.938813
40.000022	-27.943189
40.010002	-27.947566
40.019982	-27.951943
40.029962	-27.956321
40.039942	-27.960698
40.049922	-27.965076
40.059902	-27.969454
40.069882	-27.973832
40.079862	-27.97821
40.089842	-27.982588
40.099822	-27.986967
40.109802	-27.991346
40.119782	-27.995724
40.129762	-28.000104
40.139742	-28.004483
40.149722	-28.008862
40.159702	-28.013242
40.169682	-28.017622
40.179662	-28.022002
40.189642	-28.026382
40.199622	-28.030762
40.209602	-28.035143
40.219582	-28.039523
40.229562	-28.043904
40.239542	-28.048285
40.249522	-28.052666
40.259502	-28.057048
40.269482	-28.061429
40.279462	-28.065811
40.289442	-28.070193
40.299422	-28.074575
40.309402	-28.078957
40.319382	-28.083339
40.329362	-28.087722
40.339342	-28.092105
40.349322	-28.096488
40.359302	-28.100871
40.369282	-28.105254
40.379262	-28.109637
40.389242	-28.114021
40.399222	-28.118405
40.409202	-28.122789
40.419182	-28.127173
40.429162	-28.131557
40.439142	-28.135941
40.449122	-28.140326
40.459102	-28.144711
40.469082	-28.149096
40.479062	-28.153481
40.489042	-28.157866
40.499022	-28.162251
40.509002	-28.166637
40.518982	-28.171023
40.528962	-28.175409
40.538942	-28.179795
40.548922	-28.184181
40.558902	-28.188567
40.568882	-28.192954
40.578862	-28.19734
40.588842	-28.201727
40.598822	-28.206114
40.608802	-28.210501
40.618782	-28.214889
40.628762	-28.219276
40.638742	-28.223664
40.648722	-28.228052
40.658702	-28.23244
40.668682	-28.236828
40.678662	-28.241216
40.688642	-28.245605
40.698622	-28.249993
40.708602	-28.254382
40.718582	-28.258771
40.728562	-28.26316
40.738542	-28.267549
40.748522	-28.271939
40.758502	-28.276328
40.768482	-28.280718
40.778462	-28.285108
40.788442	-28.289498
40.798422	-28.293888
40.808402	-28.298278
40.818382	-28.302668
40.828362	-28.307059
40.838342	-28.31145
40.848322	-28.315841
40.858302	-28.320232
40.868282	-28.324623
40.878262	-28.329014
40.888242	-28.333406
40.898222	-28.337797
40.908202	-28.342189
40.918182	-28.346581
40.928162	-28.350973
40.938142	-28.355366
40.948122	-28.359758
40.958102	-28.364151
40.968082	-28.368543
40.978062	-28.372936
40.988042	-28.377329
40.998022	-28.381722
41.008002	-28.386115
41.017982	-28.390509
41.027962	-28.394902
41.037942	-28.399296
41.047922	-28.40369
41.057902	-28.408084
41.067882	-28.412478
41.077862	-28.416872
41.087842	-28.421267
41.097822	-28.425661
41.107802	-28.430056
41.117782	-28.434451
41.127762	-28.438846
41.137742	-28.443241
41.147722	-28.447636
41.157702	-28.452032
41.167682	-28.456427
41.177662	-28.460823
41.187642	-28.465219
41.197622	-28.469615
41.207602	-28.474011
41.217582	-28.478407
41.227562	-28.482803
41.237542	-28.4872
41.247522	-28.491597
41.257502	-28.495993
41.267482	-28.50039
41.277462	-28.504787
41.287442	-28.509185
41.297422	-28.513582
41.307402	-28.517979
41.317382	-28.522377
41.327362	-28.526775
41.337342	-28.531173
41.347322	-28.535571
41.357302	-28.539969
41.367282	-28.544367
41.377262	-28.548765
41.387242	-28.553164
41.397222	-28.557563
41.407202	-28.561961
41.417182	-28.56636
41.427162	-28.570759
41.437142	-28.575159
41.447122	-28.579558
41.457102	-28.583957
41.467082	-28.588357
41.477062	-28.592757
41.487042	-28.597157
41.497022	-28.601557
41.507002	-28.605957
41.516982	-28.610357
41.526962	-28.614757
41.536942	-28.619158
41.546922	-28.623558
41.556902	-28.627959
41.566882	-28.63236
41.576862	-28.636761
41.586842	-28.641162
41.596822	-28.645563
41.606802	-28.649965
41.616782	-28.654366
41.626762	-28.658768
41.636741	-28.663169
41.646721	-28.667571
41.656701	-28.671973
41.666681	-28.676375
41.676661	-28.680778
41.686641	-28.68518
41.696621	-28.689582
41.706601	-28.693985
41.716581	-28.698388
41.726561	-28.702791
41.736541	-28.707194
41.746521	-28.711597
41.756501	-28.716
41.766481	-28.720403
41.776461	-28.724807
41.786441	-28.72921
41.796421	-28.733614
41.806401	-28.738018
41.816381	-28.742421
41.826361	-28.746826
41.836341	-28.75123
41.846321	-28.755634
41.856301	-28.760038
41.866281	-28.764443
41.876261	-28.768847
41.886241	-28.773252
41.896221	-28.777657
41.906201	-28.782062
41.916181	-28.786467
41.926161	-28.790872
41.936141	-28.795277
41.946121	-28.799683
41.956101	-28.804088
41.966081	-28.808494
41.976061	-28.8129
41.986041	-28.817306
41.996021	-28.821712
42.006001	-28.826118
42.015981	-28.830524
42.025961	-28.83493
42.035941	-28.839337
42.045921	-28.843743
42.055901	-28.84815
42.065881	-28.852557
42.075861	-28.856963
42.085841	-28.86137
42.095821	-28.865778
42.105801	-28.870185
42.115781	-28.874592
42.125761	-28.878999
42.135741	-28.883407
42.145721	-28.887815
42.155701	-28.892222
42.165681	-28.89663
42.175661	-28.901038
42.185641	-28.905446
42.195621	-28.909854
42.205601	-28.914263
42.215581	-28.918671
42.225561	-28.923079
42.235541	-28.927488
42.245521	-28.931897
42.255501	-28.936305
42.265481	-28.940714
42.275461	-28.945123
42.285441	-28.949532
42.295421	-28.953942
42.305401	-28.958351
42.315381	-28.96276
42.325361	-28.96717
42.335341	-28.971579
42.345321	-28.975989
42.355301	-28.980399
42.365281	-28.984809
42.375261	-28.989219
42.385241	-28.993629
42.395221	-28.998039
42.405201	-29.00245
42.415181	-29.00686
42.425161	-29.01127
42.435141	-29.015681
42.445121	-29.020092
42.455101	-29.024503
42.465081	-29.028913
42.475061	-29.033324
42.485041	-29.037736
42.495021	-29.042147
42.505001	-29.046558
42.514981	-29.050969
42.524961	-29.055381
42.534941	-29.059792
42.544921	-29.064204
42.554901	-29.068616
42.564881	-29.073028
42.574861	-29.07744
42.584841	-29.081852
42.594821	-29.086264
42.604801	-29.090676
42.614781	-29.095089
42.624761	-29.099501
42.634741	-29.103913
42.644721	-29.108326
42.654701	-29.112739
42.664681	-29.117152
42.674661	-29.121564
42.684641	-29.125977
42.694621	-29.13039
42.704601	-29.134804
42.714581	-29.139217
42.724561	-29.14363
42.734541	-29.148044
42.744521	-29.152457
42.754501	-29.156871
42.764481	-29.161284
42.774461	-29.165698
42.784441	-29.170112
42.794421	-29.174526
42.804401	-29.17894
42.814381	-29.183354
42.824361	-29.187768
42.834341	-29.192183
42.844321	-29.196597
42.854301	-29.201012
42.864281	-29.205426
42.874261	-29.209841
42.884241	-29.214256
42.894221	-29.21867
42.904201	-29.223085
42.914181	-29.2275
42.924161	-29.231915
42.934141	-29.236331
42.944121	-29.240746
42.954101	-29.245161
42.964081	-29.249577
42.974061	-29.253992
42.984041	-29.258408
42.994021	-29.262823
43.004001	-29.267239
43.013981	-29.271655
43.023961	-29.276071
43.033941	-29.280487
43.043921	-29.284903
43.053901	-29.289319
43.063881	-29.293735
43.073861	-29.298151
43.083841	-29.302568
43.093821	-29.306984
43.103801	-29.311401
43.113781	-29.315817
43.123761	-29.320234
43.133741	-29.324651
43.143721	-29.329068
43.153701	-29.333485
43.163681	-29.337902
43.173661	-29.342319
43.183641	-29.346736
43.193621	-29.351153
43.203601	-29.35557
43.213581	-29.359988
43.223561	-29.364405
43.233541	-29.368823
43.243521	-29.37324
43.253501	-29.377658
43.263481	-29.382076
43.273461	-29.386494
43.283441	-29.390912
43.293421	-29.39533
43.303401	-29.399748
43.313381	-29.404166
43.323361	-29.408584
43.333341	-29.413002
43.343321	-29.417421
43.353301	-29.421839
43.363281	-29.426258
43.373261	-29.430676
43.383241	-29.435095
43.393221	-29.439514
43.403201	-29.443932
43.413181	-29.448351
43.423161	-29.45277
43.433141	-29.457189
43.443121	-29.461608
43.453101	-29.466027
43.463081	-29.470447
43.473061	-29.474866
43.483041	-29.479285
43.493021	-29.483705
43.503001	-29.488124
43.512981	-29.492544
43.522961	-29.496963
43.532941	-29.501383
43.542921	-29.505803
43.552901	-29.510222
43.562881	-29.514642
43.572861	-29.519062
43.582841	-29.523482
43.592821	-29.527902
43.602801	-29.532322
43.612781	-29.536743
43.622761	-29.541163
43.632741	-29.545583
43.642721	-29.550004
43.652701	-29.554424
43.662681	-29.558845
43.672661	-29.563265
43.682641	-29.567686
43.692621	-29.572107
43.702601	-29.576527
43.712581	-29.580948
43.722561	-29.585369
43.732541	-29.58979
43.742521	-29.594211
43.752501	-29.598632
43.762481	-29.603053
43.772461	-29.607474
43.782441	-29.611896
43.792421	-29.616317
43.802401	-29.620738
43.812381	-29.62516
43.822361	-29.629581
43.832341	-29.634003
43.842321	-29.638425
43.852301	-29.642846
43.862281	-29.647268
43.872261	-29.65169
43.88224	-29.656112
43.89222	-29.660534
43.9022	-29.664956
43.91218	-29.669378
43.92216	-29.6738
43.93214	-29.678222
43.94212	-29.682644
43.9521	-29.687066
43.96208	-29.691489
43.97206	-29.695911
43.98204	-29.700333
43.99202	-29.704756
44.002	-29.709178
44.01198	-29.713601
44.02196	-29.718024
44.03194	-29.722446
44.04192	-29.726869
44.0519	-29.731292
44.06188	-29.735715
44.07186	-29.740138
44.08184	-29.744561
44.09182	-29.748984
44.1018	-29.753407
44.11178	-29.75783
44.12176	-29.762253
44.13174	-29.766676
44.14172	-29.7711
44.1517	-29.775523
44.16168	-29.779946
44.17166	-29.78437
44.18164	-29.788793
44.19162	-29.793217
44.2016	-29.79764
44.21158	-29.802064
44.22156	-29.806488
44.23154	-29.810911
44.24152	-29.815335
44.2515	-29.819759
44.26148	-29.824183
44.27146	-29.828607
44.28144	-29.833031
44.29142	-29.837455
44.3014	-29.841879
44.31138	-29.846303
44.32136	-29.850727
44.33134	-29.855151
44.34132	-29.859575
44.3513	-29.864
44.36128	-29.868424
44.37126	-29.872848
44.38124	-29.877273
44.39122	-29.881697
44.4012	-29.886122
44.41118	-29.890546
44.42116	-29.894971
44.43114	-29.899396
44.44112	-29.90382
44.4511	-29.908245
44.46108	-29.91267
44.47106	-29.917095
44.48104	-29.92152
44.49102	-29.925945
44.501	-29.93037
44.51098	-29.934795
44.52096	-29.93922
44.53094	-29.943645
44.54092	-29.94807
44.5509	-29.952495
44.56088	-29.95692
44.57086	-29.961345
44.58084	-29.965771
44.59082	-29.970196
44.6008	-29.974621
44.61078	-29.979047
44.62076	-29.983472
44.63074	-29.987898
44.64072	-29.992323
44.6507	-29.996749
44.66068	-30.001174
44.67066	-30.0056
44.68064	-30.010026
44.69062	-30.014451
44.7006	-30.018877
44.71058	-30.023303
44.72056	-30.027729
44.73054	-30.032155
44.74052	-30.036581
44.7505	-30.041006
44.76048	-30.045432
44.77046	-30.049858
44.78044	-30.054284
44.79042	-30.058711
44.8004	-30.063137
44.81038	-30.067563
44.82036	-30.071989
44.83034	-30.076415
44.84032	-30.080841
44.8503	-30.085268
44.86028	-30.089694
44.87026	-30.09412
44.88024	-30.098547
44.89022	-30.102973
44.9002	-30.1074
44.91018	-30.111826
44.92016	-30.116253
44.93014	-30.120679
44.94012	-30.125106
44.9501	-30.129532
44.96008	-30.133959
44.97006	-30.138386
44.98004	-30.142812
44.99002	-30.147239
45	-30.151666
