Freq_GHz	S11_meas_dB	S11_meas_deg	S11_fit_dB	S11_fit_deg
0.01	-4.3106275	0.54996759	-4.4369754	-0.064855683
0.20995	-4.2498937	-1.5649314	-4.4371332	-1.3616713
0.4099	-4.2617178	-3.2265463	-4.4375779	-2.6586297
0.60985	-4.256319	-4.8497338	-4.4383087	-3.9558668
0.8098	-4.2550278	-6.502212	-4.4393247	-5.2535183
1.00975	-4.2644458	-8.0130043	-4.4406243	-6.5517195
1.2097	-4.2609439	-9.625988	-4.4422059	-7.8506052
1.40965	-4.2544031	-11.154474	-4.444067	-9.1503096
1.6096	-4.2592101	-12.847212	-4.4462052	-10.450966
1.80955	-4.2575645	-14.460075	-4.4486172	-11.752708
2.0095	-4.2604728	-16.043968	-4.4512997	-13.055666
2.20945	-4.2660232	-17.665081	-4.4542487	-14.359971
2.4094	-4.2802577	-19.118826	-4.45746	-15.665753
2.60935	-4.2582979	-20.658148	-4.4609288	-16.973139
2.8093	-4.2756848	-22.222492	-4.46465	-18.282256
3.00925	-4.2577004	-23.746962	-4.4686179	-19.593229
3.2092	-4.2721748	-25.329008	-4.4728267	-20.906181
3.40915	-4.2518444	-26.810804	-4.4772699	-22.221233
3.6091	-4.2436261	-28.523233	-4.4819407	-23.538505
3.80905	-4.2619562	-30.069036	-4.4868317	-24.858113
4.009	-4.2444201	-31.665543	-4.4919352	-26.180172
4.20895	-4.2503409	-33.1745	-4.4972432	-27.504794
4.4089	-4.2373366	-34.750389	-4.5027468	-28.832089
4.60885	-4.2523713	-36.31728	-4.5084373	-30.162163
4.8088	-4.2260327	-37.790764	-4.5143049	-31.495121
5.00875	-4.2239623	-39.317875	-4.5203399	-32.831061
5.2087	-4.2155776	-40.808636	-4.5265318	-34.170083
5.40865	-4.2107196	-42.44215	-4.5328698	-35.512279
5.6086	-4.2043543	-43.969551	-4.5393426	-36.857739
5.80855	-4.1853485	-45.449642	-4.5459385	-38.20655
6.0085	-4.2070608	-47.014927	-4.5526453	-39.558794
6.20845	-4.1888332	-48.479496	-4.5594505	-40.914549
6.4084	-4.1925292	-50.131996	-4.566341	-42.273888
6.60835	-4.1687603	-51.448284	-4.5733033	-43.63688
6.8083	-4.1824851	-53.133217	-4.5803235	-45.00359
7.00825	-4.1720414	-54.521561	-4.5873873	-46.374076
7.2082	-4.1546741	-56.037518	-4.59448	-47.748392
7.40815	-4.1599278	-57.622734	-4.6015863	-49.126587
7.6081	-4.1519041	-59.078152	-4.6086908	-50.508703
7.80805	-4.1577811	-60.608784	-4.6157775	-51.894779
8.008	-4.1474099	-61.980373	-4.62283	-53.284845
8.20795	-4.1377044	-63.56414	-4.6298319	-54.678925
8.4079	-4.1358261	-64.925194	-4.6367659	-56.07704
8.60785	-4.1167789	-66.510956	-4.6436148	-57.4792
8.8078	-4.1262965	-67.955635	-4.6503609	-58.885411
9.00775	-4.1071796	-69.410568	-4.6569864	-60.295671
9.2077	-4.1082578	-70.801323	-4.6634729	-61.709972
9.40765	-4.0933809	-72.265564	-4.6698021	-63.128298
9.6076	-4.0898819	-73.684608	-4.6759552	-64.550625
9.80755	-4.1027575	-75.146423	-4.6819135	-65.976922
10.0075	-4.0617266	-76.513573	-4.6876579	-67.40715
10.2075	-4.0944858	-77.914085	-4.6931706	-68.841622
10.4074	-4.0610819	-79.379356	-4.6984284	-70.279207
10.6074	-4.081532	-80.872429	-4.7034171	-71.721278
10.8073	-4.0454359	-82.122101	-4.7081125	-73.166325
11.0073	-4.0462275	-83.608788	-4.7124999	-74.615712
11.2072	-4.0466695	-84.920341	-4.7165557	-76.067903
11.4072	-4.0404949	-86.399063	-4.7202648	-77.524256
11.6071	-4.0364456	-87.923698	-4.7236044	-78.983209
11.8071	-4.0029893	-89.0485	-4.7265589	-80.446109
12.007	-4.0091467	-90.732536	-4.7291068	-81.911373
12.207	-3.99106	-91.70285	-4.7312322	-83.380336
12.4069	-3.9725971	-93.552025	-4.7329148	-84.851393
12.6069	-3.972821	-94.328018	-4.7341387	-86.325868
12.8068	-3.9649751	-96.250771	-4.7348853	-87.802132
13.0068	-3.9465168	-97.31675	-4.7351383	-89.281501
13.2067	-3.9427373	-98.89959	-4.7348813	-90.762325
13.4067	-3.9212403	-100.21586	-4.7340979	-92.245906
13.6066	-3.9318974	-101.41338	-4.7327739	-93.730578
13.8066	-3.9068749	-102.99113	-4.7308931	-95.217631
14.0065	-3.9274771	-104.11765	-4.7284435	-96.705379
14.2065	-3.8765786	-105.68882	-4.7254094	-98.195104
14.4064	-3.8907509	-106.79916	-4.7217814	-99.685103
14.6064	-3.8626921	-108.27311	-4.7175439	-101.17665
14.8063	-3.884089	-109.58724	-4.7126906	-102.66802
15.0063	-3.8511865	-111.00903	-4.7072064	-104.16048
15.2062	-3.8481789	-112.38738	-4.7010877	-105.65231
15.4062	-3.8294833	-113.53998	-4.6943203	-107.14474
15.6061	-3.8312263	-115.01263	-4.6869037	-108.63606
15.8061	-3.8351393	-116.28878	-4.6788242	-110.12749
16.006	-3.7983797	-117.64959	-4.6700847	-111.6173
16.206	-3.8101962	-118.85812	-4.6606722	-113.10672
16.4059	-3.7674689	-120.23672	-4.6505929	-114.594
16.6059	-3.7839661	-121.40918	-4.6398346	-116.08037
16.8058	-3.773484	-122.73951	-4.628407	-117.56409
17.0058	-3.7656014	-124.11129	-4.6162986	-119.04637
17.2057	-3.7389629	-125.31288	-4.6035224	-120.52548
17.4057	-3.7166064	-126.47836	-4.5900679	-122.00262
17.6056	-3.7588263	-127.74537	-4.5759515	-123.47605
17.8056	-3.7172713	-129.09212	-4.5611632	-124.947
18.0055	-3.7317991	-130.347	-4.545723	-126.41372
18.2055	-3.7081535	-131.43205	-4.5296215	-127.87743
18.4054	-3.7127559	-132.845	-4.512882	-129.3364
18.6054	-3.687428	-133.97856	-4.4954958	-130.79184
18.8053	-3.6614373	-135.27495	-4.4774892	-132.24205
19.0053	-3.6875484	-136.37587	-4.4588541	-133.68822
19.2052	-3.6519384	-137.6535	-4.4396198	-135.12867
19.4052	-3.6607952	-139.04567	-4.4197785	-136.56459
19.6051	-3.6235082	-139.95567	-4.3993626	-137.99433
19.8051	-3.628576	-141.57874	-4.3783645	-139.41908
20.005	-3.6043289	-142.3201	-4.3568189	-140.83718
20.205	-3.6168556	-143.91144	-4.3347189	-142.24985
20.4049	-3.5954554	-144.89162	-4.3121013	-143.65545
20.6049	-3.5730994	-146.18655	-4.2889592	-145.05518
20.8048	-3.5675688	-147.29779	-4.2653317	-146.44745
21.0048	-3.587291	-148.39621	-4.2412118	-147.83346
21.2047	-3.5574865	-149.98689	-4.2166405	-149.21162
21.4047	-3.5676916	-150.98102	-4.1916106	-150.58314
21.6046	-3.4827943	-152.02328	-4.1661646	-151.94648
21.8046	-3.5994277	-153.25839	-4.1402952	-153.30283
22.0045	-3.4924855	-154.66466	-4.1140462	-154.65067
22.2045	-3.5588274	-155.82982	-4.0874097	-155.99121
22.4044	-3.4686217	-156.76543	-4.0604309	-157.32297
22.6044	-3.5477839	-158.32034	-4.0331012	-158.64712
22.8043	-3.4825966	-159.02765	-4.0054667	-159.96224
23.0043	-3.4670377	-160.58131	-3.9775183	-161.26949
23.2042	-3.4705522	-161.55156	-3.9493025	-162.56747
23.4042	-3.4399936	-162.70215	-3.9208096	-163.85737
23.6041	-3.4734688	-163.8524	-3.8920866	-165.13779
23.8041	-3.4271016	-164.89581	-3.8631229	-166.40993
24.004	-3.4410996	-166.18558	-3.8339656	-167.67242
24.204	-3.4315035	-167.16298	-3.8046036	-168.92645
24.4039	-3.414871	-168.46268	-3.7750837	-170.1707
24.6039	-3.431823	-169.62201	-3.745394	-171.40634
24.8038	-3.3606205	-170.6568	-3.7155812	-172.63207
25.0038	-3.4089184	-171.75673	-3.6856323	-173.84908
25.2037	-3.3820376	-172.77853	-3.6555939	-175.0561
25.4037	-3.4028261	-174.40501	-3.625452	-176.25429
25.6036	-3.3813481	-175.03127	-3.5952526	-177.44242
25.8036	-3.3400531	-176.66548	-3.564981	-178.62166
26.0035	-3.3603995	-177.06949	-3.5346824	-179.7908
26.2035	-3.3368416	-178.78627	-3.5043412	179.04901
26.4034	-3.3580463	-179.63168	-3.474002	177.89894
26.6034	-3.2997751	179.10225	-3.4436483	176.75785
26.8033	-3.3236277	178.10466	-3.4133237	175.62688
27.0033	-3.2977383	177.34848	-3.3830111	174.50489
27.2032	-3.3269532	175.71942	-3.3527531	173.39301
27.4032	-3.2910364	175.01147	-3.3225316	172.2901
27.6031	-3.2576289	173.96521	-3.2923886	171.19727
27.8031	-3.3218668	172.89954	-3.262305	170.11338
28.003	-3.2710783	172.04886	-3.2323218	169.03952
28.203	-3.2936349	170.537	-3.2024193	167.97457
28.4029	-3.2517316	170.03583	-3.1726372	166.91956
28.6029	-3.2544584	168.31468	-3.1429554	165.87343
28.8028	-3.3080194	167.52971	-3.1134126	164.83716
29.0028	-3.1686692	166.17393	-3.0839878	163.80969
29.2027	-3.3243916	165.39168	-3.0547186	162.792
29.4027	-3.159234	164.41687	-3.0255838	161.78303
29.6026	-3.334548	162.99271	-2.9966197	160.78374
29.8026	-3.2020264	162.1626	-2.9678044	159.79308
30.0025	-3.2402043	160.76544	-2.9391735	158.81199
30.2025	-3.158885	160.36397	-2.9107045	157.83944
30.4024	-3.1900625	159.38756	-2.8824318	156.87634
30.6024	-3.2548828	157.75281	-2.8543327	155.92168
30.8023	-3.0971751	157.39403	-2.8264405	154.97634
31.0023	-3.1030536	156.2072	-2.798732	154.03932
31.2022	-3.1670551	157.08327	-2.7712397	153.1115
31.4022	-3.2499461	153.84158	-2.7439401	152.19188
31.6021	-3.2098806	153.93045	-2.7168644	151.28132
31.8021	-3.0543709	151.71233	-2.6899892	150.37885
32.002	-3.2093308	153.08966	-2.6633447	149.48529
32.202	-3.1843359	149.93576	-2.6369072	148.59969
32.4019	-3.1518109	149.35721	-2.6107059	147.72286
32.6019	-3.1059318	148.58633	-2.584717	146.85386
32.8018	-3.1389177	147.23737	-2.5589689	145.99349
33.0018	-3.2481911	146.59114	-2.5334377	145.14081
33.2017	-3.0355949	144.7827	-2.5081508	144.29661
33.4017	-3.2054989	144.37924	-2.4830844	143.45996
33.6016	-2.989146	143.53796	-2.4582649	142.63164
33.8016	-3.2150164	142.32094	-2.4336685	141.81074
34.0015	-2.9869199	142.24219	-2.4093208	140.99802
34.2015	-3.0816195	139.79091	-2.3851982	140.19257
34.4014	-2.9289856	140.68274	-2.3613253	139.39515
34.6014	-3.0086565	139.15918	-2.3376787	138.60487
34.8013	-3.1545153	138.58557	-2.3142822	137.82246
35.0013	-2.9057815	136.76439	-2.2911124	137.04705
35.2012	-2.9898887	135.7843	-2.2681925	136.27935
35.4012	-2.6931176	137.23003	-2.2454993	135.51853
35.6011	-3.1981504	134.9341	-2.2230551	134.76525
35.8011	-2.8857095	134.21323	-2.200837	134.01871
36.001	-2.9768662	131.37669	-2.1788666	133.27957
36.201	-2.9051349	131.93303	-2.1571211	132.54703
36.4009	-2.8989408	130.05486	-2.1356216	131.82173
36.6009	-3.0411613	129.26685	-2.1143455	131.10289
36.8008	-2.8642983	127.88351	-2.0933131	130.39116
37.0008	-2.9620864	126.7789	-2.0725022	129.68574
37.2007	-2.8537207	126.40512	-2.0519325	128.98727
37.4007	-2.8608499	124.96849	-2.0315821	128.29499
37.6006	-2.9812057	124.54043	-2.0114699	127.60952
37.8006	-2.7528477	122.93304	-1.9915745	126.9301
38.0005	-2.9082046	122.50868	-1.9719142	126.25734
38.2005	-2.7319672	121.91064	-1.9524679	125.5905
38.4004	-2.8109734	120.45164	-1.9332532	124.93018
38.6004	-2.7375181	121.04885	-1.9142495	124.27565
38.8003	-2.7455621	117.90459	-1.8954739	123.62749
39.0003	-2.7849829	119.66632	-1.876906	122.985
39.2002	-2.752305	115.59371	-1.8585624	122.34875
39.4002	-2.8286614	116.67934	-1.8404231	121.71804
39.6001	-2.7365818	114.61729	-1.8225043	121.09343
39.8001	-2.8084924	114.43308	-1.8047861	120.47423
40	-2.8126459	113.0864	-1.7872845	119.861
