Freq_GHz	S11_meas_dB	S11_meas_deg	S11_fit_dB	S11_fit_deg	Re_S11_meas	Im_S11_meas	Re_S11_fit	Im_S11_fit
0.01	-4.3106275	0.54996759	-4.4369754	-0.064772163	0.60876352	0.0058435454	0.59999959	-0.00067829233
0.20995	-4.2498937	-1.5649314	-4.4371585	-1.3599177	0.61283463	-0.016742642	0.59981833	-0.014239387
0.4099	-4.2617178	-3.2265463	-4.4376741	-2.6552055	0.61125879	-0.034458773	0.5993076	-0.027793058
0.60985	-4.256319	-4.8497338	-4.4385218	-3.9507711	0.61041672	-0.051791752	0.59846759	-0.04133224
0.8098	-4.2550278	-6.502212	-4.4397003	-5.2467497	0.60875982	-0.069383228	0.59729863	-0.054849864
1.00975	-4.2644458	-8.0130043	-4.4412084	-6.5432761	0.60606139	-0.085316652	0.59580118	-0.068338867
1.2097	-4.2609439	-9.625988	-4.4430441	-7.8404848	0.60366307	-0.10238363	0.59397584	-0.081792186
1.40965	-4.2544031	-11.154474	-4.4452052	-9.1385096	0.60116984	-0.11853851	0.59182333	-0.095202764
1.6096	-4.2592101	-12.847212	-4.4476889	-10.437484	0.59707539	-0.13616969	0.5893445	-0.10856355
1.80955	-4.2575645	-14.460075	-4.4504923	-11.737539	0.59311857	-0.15295003	0.58654034	-0.12186749
2.0095	-4.2604728	-16.043968	-4.4536118	-13.038808	0.58846725	-0.16922909	0.58341196	-0.13510755
2.20945	-4.2660232	-17.665081	-4.4570435	-14.34142	0.58307152	-0.18569039	0.57996062	-0.14827669
2.4094	-4.2802577	-19.118826	-4.460783	-15.645504	0.57722616	-0.20009491	0.57618772	-0.16136789
2.60935	-4.2582979	-20.658148	-4.4648255	-16.951189	0.57308977	-0.21607432	0.57209478	-0.17437413
2.8093	-4.2756848	-22.222492	-4.4691659	-18.258601	0.56584363	-0.23117567	0.56768346	-0.18728842
3.00925	-4.2577004	-23.746962	-4.4737986	-19.567864	0.56065283	-0.24665767	0.56295557	-0.20010375
3.2092	-4.2721748	-25.329008	-4.4787174	-20.879103	0.55270748	-0.26160606	0.55791306	-0.21281316
3.40915	-4.2518444	-26.810804	-4.4839158	-22.192439	0.5470366	-0.27645756	0.55255801	-0.22540969
3.6091	-4.2436261	-28.523233	-4.489387	-23.50799	0.53904068	-0.29295828	0.54689266	-0.23788639
3.80905	-4.2619562	-30.069036	-4.4951235	-24.825875	0.52982236	-0.30674486	0.54091939	-0.25023634
4.009	-4.2444201	-31.665543	-4.5011175	-26.146208	0.52212363	-0.32203651	0.53464073	-0.26245266
4.20895	-4.2503409	-33.1745	-4.5073606	-27.469102	0.51311242	-0.3354453	0.52805934	-0.27452846
4.4089	-4.2373366	-34.750389	-4.5138442	-28.794668	0.50444795	-0.34995307	0.52117807	-0.2864569
4.60885	-4.2523713	-36.31728	-4.5205591	-30.123012	0.49383468	-0.36298699	0.51399988	-0.29823118
4.8088	-4.2260327	-37.790764	-4.5274954	-31.45424	0.48580833	-0.37670615	0.50652791	-0.30984451
5.00875	-4.2239623	-39.317875	-4.5346433	-32.788452	0.47570996	-0.38961199	0.49876545	-0.32129014
5.2087	-4.2155776	-40.808636	-4.5419919	-34.125748	0.46586239	-0.40224418	0.49071596	-0.33256139
5.40865	-4.2107196	-42.44215	-4.5495303	-35.466222	0.45446067	-0.41559312	0.48238304	-0.34365158
5.6086	-4.2043543	-43.969551	-4.557247	-36.809965	0.44354648	-0.42787256	0.47377046	-0.35455412
5.80855	-4.1853485	-45.449642	-4.5651299	-38.157066	0.43329379	-0.44014847	0.46488215	-0.36526244
6.0085	-4.2070608	-47.014927	-4.5731665	-39.507608	0.42005768	-0.45069206	0.4557222	-0.37577003
6.20845	-4.1888332	-48.479496	-4.581344	-40.86167	0.40925926	-0.46225001	0.44629489	-0.38607047
6.4084	-4.1925292	-50.131996	-4.5896488	-42.219329	0.39559052	-0.47365822	0.43660463	-0.39615737
6.60835	-4.1687603	-51.448284	-4.5980672	-43.580654	0.38565939	-0.48394305	0.42665602	-0.40602443
6.8083	-4.1824851	-53.133217	-4.6065848	-44.945713	0.37067689	-0.49429184	0.41645383	-0.41566541
7.00825	-4.1720414	-54.521561	-4.6151868	-46.314566	0.3590234	-0.5037331	0.40600299	-0.42507416
7.2082	-4.1546741	-56.037518	-4.623858	-47.687271	0.34626296	-0.51408176	0.39530859	-0.43424462
7.40815	-4.1599278	-57.622734	-4.6325827	-49.063877	0.33170833	-0.5231474	0.38437592	-0.4431708
7.6081	-4.1519041	-59.078152	-4.6413448	-50.44443	0.31860803	-0.53189484	0.37321041	-0.45184684
7.80805	-4.1577811	-60.608784	-4.6501276	-51.828971	0.30408088	-0.53985013	0.36181769	-0.46026696
8.008	-4.1474099	-61.980373	-4.6589144	-53.217533	0.29141941	-0.54762756	0.35020352	-0.46842548
8.20795	-4.1377044	-63.56414	-4.6676876	-54.610145	0.27648128	-0.55609376	0.33837386	-0.47631686
8.4079	-4.1358261	-64.925194	-4.6764297	-56.006827	0.26325151	-0.56262568	0.32633484	-0.48393567
8.60785	-4.1167789	-66.510956	-4.6851223	-57.407595	0.24812453	-0.57094588	0.31409273	-0.49127659
8.8078	-4.1262965	-67.955635	-4.6937471	-58.812458	0.23339524	-0.57638812	0.301654	-0.49833446
9.00775	-4.1071796	-69.410568	-4.7022852	-60.221418	0.21916697	-0.58341097	0.28902525	-0.50510426
9.2077	-4.1082578	-70.801323	-4.7107175	-61.634468	0.20491707	-0.58848543	0.27621326	-0.5115811
9.40765	-4.0933809	-72.265564	-4.7190246	-63.051597	0.19013795	-0.59454697	0.26322498	-0.51776025
9.6076	-4.0898819	-73.684608	-4.7271867	-64.472784	0.17542666	-0.59931467	0.2500675	-0.52363715
9.80755	-4.1027575	-75.146423	-4.735184	-65.898002	0.1598435	-0.60270081	0.23674806	-0.52920741
10.0075	-4.0617266	-76.513573	-4.7429963	-67.327215	0.14610671	-0.609214	0.22327407	-0.53446679
10.2075	-4.0944858	-77.914085	-4.7506051	-68.76074	0.1306794	-0.61029691	0.20964964	-0.53941246
10.4074	-4.0610819	-79.379356	-4.7579843	-70.197448	0.11547399	-0.61580264	0.19589273	-0.54403697
10.6074	-4.081532	-80.872429	-4.7651207	-71.638719	0.099155653	-0.61714764	0.18199741	-0.54834129
10.8073	-4.0454359	-82.122101	-4.7719865	-73.083042	0.086029368	-0.62174177	0.16798552	-0.55231767
11.0073	-4.0462275	-83.608788	-4.7785677	-74.531787	0.069863155	-0.62370764	0.15385113	-0.55596682
11.2072	-4.0466695	-84.920341	-4.7848372	-75.983422	0.055566031	-0.62511152	0.13961658	-0.55928209
11.4072	-4.0404949	-86.399063	-4.7907804	-77.439305	0.039444114	-0.62678267	0.12527596	-0.56226396
11.6071	-4.0364456	-87.923698	-4.7963709	-78.89788	0.022764104	-0.62790291	0.11085202	-0.56490687
11.8071	-4.0029893	-89.0485	-4.8015936	-80.360497	0.0104741	-0.63065326	0.096338883	-0.56721112
12.007	-4.0091467	-90.732536	-4.8064232	-81.825574	-0.0080581839	-0.63024175	0.081759674	-0.56917229
12.207	-3.99106	-91.70285	-4.8108442	-83.29445	-0.018768814	-0.63132817	0.067108527	-0.57079048
12.4069	-3.9725971	-93.552025	-4.8148324	-84.765521	-0.039214375	-0.63173515	0.052408885	-0.57206245
12.6069	-3.972821	-94.328018	-4.8183724	-86.240115	-0.047765275	-0.63112986	0.03765491	-0.57298811
12.8068	-3.9649751	-96.250771	-4.8214413	-87.716604	-0.068976374	-0.62974047	0.022870281	-0.57356542
13.0068	-3.9465168	-97.31675	-4.8240235	-89.196307	-0.080851618	-0.62968498	0.0080491908	-0.57379413
13.2067	-3.9427373	-98.89959	-4.8260981	-90.677574	-0.098256832	-0.62748439	-0.0067845156	-0.57367342
13.4067	-3.9212403	-100.21586	-4.8276493	-92.16171	-0.11292412	-0.62661063	-0.021636614	-0.57320287
13.6066	-3.9318974	-101.41338	-4.8286585	-93.647048	-0.12584059	-0.62334847	-0.036483169	-0.57238292
13.8066	-3.9068749	-102.99113	-4.8291099	-95.13488	-0.14336824	-0.62143499	-0.051329928	-0.57121299
14.0065	-3.9274771	-104.11765	-4.8289872	-96.62352	-0.15518955	-0.61703095	-0.066152939	-0.56969476
14.2065	-3.8765786	-105.68882	-4.8282749	-98.114251	-0.17306051	-0.61614387	-0.080957926	-0.56782753
14.4064	-3.8907509	-106.79916	-4.8269592	-99.605368	-0.18466602	-0.61167578	-0.095720999	-0.56561423
14.6064	-3.8626921	-108.27311	-4.8250251	-101.09814	-0.20098693	-0.60868645	-0.11044786	-0.56305401
14.8063	-3.884089	-109.58724	-4.8224615	-102.59086	-0.21436489	-0.60243108	-0.12511477	-0.56015109
15.0063	-3.8511865	-111.00903	-4.819254	-104.08477	-0.23011668	-0.59919217	-0.13972742	-0.55690446
15.2062	-3.8481789	-112.38738	-4.8153945	-105.57816	-0.24454798	-0.59368901	-0.15426228	-0.5533196
15.4062	-3.8294833	-113.53998	-4.8108691	-107.07227	-0.2569933	-0.58991811	-0.16872504	-0.54939539
15.6061	-3.8312263	-115.01263	-4.8056731	-108.56535	-0.27201458	-0.58300159	-0.18309247	-0.54513852
15.8061	-3.8351393	-116.28878	-4.799793	-110.05866	-0.28480291	-0.57653912	-0.19737027	-0.54054776
16.006	-3.7983797	-117.64959	-4.7932276	-111.55044	-0.29968006	-0.57202867	-0.21153559	-0.53563101
16.206	-3.8101962	-118.85812	-4.7859642	-113.04193	-0.31125448	-0.56481189	-0.22559414	-0.53038694
16.4059	-3.7674689	-120.23672	-4.7780051	-114.53138	-0.32635452	-0.55990751	-0.23952353	-0.52482461
16.6059	-3.7839661	-121.40918	-4.7693383	-116.02	-0.33710207	-0.55206293	-0.25332948	-0.51894257
16.8058	-3.773484	-122.73951	-4.7599696	-117.50605	-0.35025063	-0.54474478	-0.26699013	-0.51275106
17.0058	-3.7656014	-124.11129	-4.7498881	-118.99075	-0.36352108	-0.53669056	-0.28051125	-0.50624847
17.2057	-3.7389629	-125.31288	-4.739103	-120.47234	-0.37584654	-0.53057416	-0.29387157	-0.49944616
17.4057	-3.7166064	-126.47836	-4.7276041	-121.95204	-0.38755694	-0.52416706	-0.30707689	-0.49234241
17.6056	-3.7588263	-127.74537	-4.7154045	-123.42809	-0.39711742	-0.51296988	-0.32010663	-0.48494963
17.8056	-3.7172713	-129.09212	-4.7024947	-124.90172	-0.41102582	-0.5059093	-0.33296662	-0.47726596
18.0055	-3.7317991	-130.347	-4.6888914	-126.37117	-0.42130142	-0.49595627	-0.34563702	-0.46930483
18.2055	-3.7081535	-131.43205	-4.6745858	-127.83766	-0.43179145	-0.48921932	-0.35812372	-0.46106423
18.4054	-3.7127559	-132.845	-4.6595981	-129.29945	-0.44348834	-0.47816997	-0.37040767	-0.45255856
18.6054	-3.687428	-133.97856	-4.6439204	-130.75775	-0.45418368	-0.47067331	-0.3824948	-0.44378563
18.8053	-3.6614373	-135.27495	-4.627576	-132.21084	-0.46610875	-0.46165657	-0.39436692	-0.43476075
19.0053	-3.6875484	-136.37587	-4.6105578	-133.65992	-0.47346729	-0.45125718	-0.40603003	-0.42548157
19.2052	-3.6519384	-137.6535	-4.5928924	-135.1033	-0.48539719	-0.4423981	-0.41746683	-0.41596422
19.4052	-3.6607952	-139.04567	-4.574573	-136.54217	-0.49549672	-0.4300358	-0.42868336	-0.40620617
19.6051	-3.6235082	-139.95567	-4.5556294	-137.97484	-0.50442475	-0.42392812	-0.43966329	-0.39622431
19.8051	-3.628576	-141.57874	-4.5360553	-139.40253	-0.51592865	-0.4092318	-0.45041272	-0.38601592
20.005	-3.6043289	-142.3201	-4.5158833	-140.82356	-0.52263737	-0.40364727	-0.46091627	-0.37559859
20.205	-3.6168556	-143.91144	-4.4951073	-142.23915	-0.53287625	-0.38841709	-0.47118011	-0.36496938
20.4049	-3.5954554	-144.89162	-4.4737626	-143.64765	-0.54077346	-0.38018012	-0.48118988	-0.35414651
20.6049	-3.5730994	-146.18655	-4.4518432	-145.05025	-0.55064243	-0.3688102	-0.49095177	-0.3431268
20.8048	-3.5675688	-147.29779	-4.4293868	-146.44536	-0.55804663	-0.35828997	-0.50045248	-0.33192902
21.0048	-3.587291	-148.39621	-4.4063875	-147.83417	-0.56353145	-0.34673825	-0.50969823	-0.32054977
21.2047	-3.5574865	-149.98689	-4.3828851	-149.21509	-0.57490875	-0.33209914	-0.51867678	-0.30900827
21.4047	-3.5676916	-150.98102	-4.3588736	-150.58933	-0.57990239	-0.32169632	-0.52739437	-0.29730088
21.6046	-3.4827943	-152.02328	-4.3343945	-151.95533	-0.59141045	-0.31415035	-0.53583982	-0.28544722
21.8046	-3.5994277	-153.25839	-4.3094417	-153.31428	-0.59006775	-0.29731028	-0.54401939	-0.27344337
22.0045	-3.4924855	-154.66466	-4.2840584	-154.66467	-0.60458461	-0.2862422	-0.55192299	-0.26130928
22.2045	-3.5588274	-155.82982	-4.2582378	-156.00769	-0.60563669	-0.27180514	-0.55955686	-0.24904076
22.4044	-3.4686217	-156.76543	-4.2320246	-157.34185	-0.61636217	-0.26461348	-0.56691198	-0.23665801
22.6044	-3.5477839	-158.32034	-4.2054117	-158.66835	-0.61766048	-0.245543	-0.57399459	-0.22415654
22.8043	-3.4825966	-159.02765	-4.1784446	-159.98571	-0.62531997	-0.23969168	-0.58079673	-0.21155673
23.0043	-3.4670377	-160.58131	-4.1511156	-161.29515	-0.63272126	-0.22304834	-0.58732458	-0.1988538
23.2042	-3.4705522	-161.55156	-4.1234712	-162.59523	-0.63615002	-0.21221645	-0.59357127	-0.18606825
23.4042	-3.4399936	-162.70215	-4.0955028	-163.88714	-0.64253971	-0.20010238	-0.59954292	-0.17319499
23.6041	-3.4734688	-163.8524	-4.0672576	-165.16948	-0.64394063	-0.18644359	-0.60523368	-0.16025454
23.8041	-3.4271016	-164.89581	-4.0387263	-166.44345	-0.65069327	-0.17562157	-0.6106496	-0.14724154
24.004	-3.4410996	-166.18558	-4.0099562	-167.70769	-0.65342755	-0.16067159	-0.61578586	-0.13417647
24.204	-3.4315035	-167.16298	-3.9809373	-168.96337	-0.65679844	-0.14966729	-0.62064841	-0.12105366
24.4039	-3.414871	-168.46268	-3.9517171	-170.20917	-0.66128932	-0.13498946	-0.62523342	-0.10789351
24.6039	-3.431823	-169.62201	-3.9222846	-171.44627	-0.66259074	-0.12134507	-0.62954672	-0.094690046
24.8038	-3.3606205	-170.6568	-3.8926872	-172.67337	-0.67014516	-0.11025937	-0.63358544	-0.081463527
25.0038	-3.4089184	-171.75673	-3.862913	-173.89164	-0.66841119	-0.096834849	-0.63735528	-0.06820767
25.2037	-3.3820376	-172.77853	-3.8330094	-175.09983	-0.67210854	-0.08516294	-0.64085429	-0.054942544
25.4037	-3.4028261	-174.40501	-3.8029633	-176.29909	-0.67264318	-0.065893859	-0.644088	-0.041661567
25.6036	-3.3813481	-175.03127	-3.7728216	-177.4882	-0.67499024	-0.058682806	-0.64705539	-0.028384566
25.8036	-3.3400531	-176.66548	-3.7425705	-178.66832	-0.67961263	-0.039597052	-0.64976178	-0.015104664
26.0035	-3.3603995	-177.06949	-3.7122562	-179.83824	-0.67828422	-0.034722519	-0.652207	-0.0018414006
26.2035	-3.3368416	-178.78627	-3.6818641	179.00089	-0.68086415	-0.014425301	-0.65439619	0.011412381
26.4034	-3.3580463	-179.63168	-3.6514397	177.85023	-0.67934238	-0.0043671425	-0.65632998	0.024637473
26.6034	-3.2997751	179.10225	-3.6209674	176.70864	-0.6838454	0.010715841	-0.65801329	0.037841304
26.8033	-3.3236277	178.10466	-3.5904918	175.57726	-0.68168063	0.022558172	-0.65944753	0.051005029
27.0033	-3.2977383	177.34848	-3.5599966	174.45496	-0.68335735	0.031646839	-0.66063737	0.064136336
27.2032	-3.3269532	175.71942	-3.5295257	173.34285	-0.67989082	0.050889507	-0.66158497	0.077216778
27.4032	-3.2910364	175.01147	-3.4990615	172.23981	-0.68202454	0.059531839	-0.66229472	0.090254289
27.6031	-3.2576289	173.96521	-3.4686472	171.14693	-0.68344742	0.072252819	-0.66276947	0.10323085
27.8031	-3.3218668	172.89954	-3.4382645	170.06308	-0.67696029	0.084325381	-0.66301335	0.11615461
28.003	-3.2710783	172.04886	-3.4079555	168.98934	-0.6795959	0.094920061	-0.66302985	0.12900801
28.203	-3.2936349	170.537	-3.377701	167.92459	-0.6750995	0.11252479	-0.66282281	0.14179941
28.4029	-3.2517316	170.03583	-3.3475422	166.86987	-0.67734929	0.11899825	-0.66239633	0.15451172
28.6029	-3.2544584	168.31468	-3.3174593	165.82409	-0.67325817	0.13924518	-0.66175393	0.1671535
28.8028	-3.3080194	167.52971	-3.2874922	164.78825	-0.66716063	0.14754304	-0.66090027	0.17970813
29.0028	-3.1686692	166.17393	-3.2576204	163.76129	-0.67421318	0.16592796	-0.65983857	0.19218436
29.2027	-3.3243916	165.39168	-3.227883	162.74418	-0.65994667	0.17200557	-0.65857401	0.20456605
29.4027	-3.159234	164.41687	-3.1982587	161.73585	-0.66953545	0.18672517	-0.65710947	0.21686212
29.6026	-3.334548	162.99271	-3.1687856	160.73728	-0.6514064	0.19924555	-0.65545061	0.22905693
29.8026	-3.2020264	162.1626	-3.1394418	159.74739	-0.65842079	0.21186998	-0.6536	0.24115954
30.0025	-3.2402043	160.76544	-3.1102641	158.76715	-0.65019494	0.22686167	-0.65156371	0.25315484
30.2025	-3.158885	160.36397	-3.0812305	157.79549	-0.65469013	0.23358867	-0.64934397	0.26505197
30.4024	-3.1900625	159.38756	-3.0523766	156.83335	-0.64828339	0.24383436	-0.64694727	0.27683635
30.6024	-3.2548828	157.75281	-3.0236797	155.87969	-0.63629719	0.26027962	-0.64437549	0.28851723
30.8023	-3.0971751	157.39403	-2.9951746	154.93541	-0.64628341	0.26910083	-0.64163547	0.30008054
31.0023	-3.1030536	156.2072	-2.9668381	153.99951	-0.6401376	0.28223824	-0.63872875	0.3115356
31.2022	-3.1670551	157.08327	-2.938704	153.07285	-0.6396475	0.27041781	-0.6356625	0.32286886
31.4022	-3.2499461	153.84158	-2.9107488	152.15444	-0.61741213	0.30324808	-0.6324379	0.33408969
31.6021	-3.2098806	153.93045	-2.8830052	151.24513	-0.62073844	0.30368766	-0.62906242	0.34518506
31.8021	-3.0543709	151.71233	-2.8554495	150.34394	-0.61951233	0.33340107	-0.62553689	0.35616437
32.002	-3.2093308	153.08966	-2.8281132	149.45172	-0.61625429	0.31278349	-0.62186904	0.3670151
32.202	-3.1843359	149.93576	-2.8009727	148.56748	-0.59983575	0.34721262	-0.61805937	0.37774667
32.4019	-3.1518109	149.35721	-2.7740583	147.69206	-0.59853629	0.35457698	-0.61411582	0.38834705
32.6019	-3.1059318	148.58633	-2.7473463	146.82449	-0.59685594	0.36451791	-0.61003854	0.39882568
32.8018	-3.1389177	147.23737	-2.720866	145.96558	-0.58587999	0.37703328	-0.60583568	0.409171
33.0018	-3.2481911	146.59114	-2.6945936	145.1144	-0.57431941	0.37882131	-0.60150705	0.41939243
33.2017	-3.0355949	144.7827	-2.6685576	144.27172	-0.57600572	0.40658786	-0.59706098	0.42947891
33.4017	-3.2054989	144.37924	-2.642734	143.43662	-0.56202641	0.40267948	-0.59249695	0.4394398
33.6016	-2.989146	143.53796	-2.6171505	142.60987	-0.57007787	0.42125123	-0.58782342	0.44926453
33.8016	-3.2150164	142.32094	-2.591783	141.79056	-0.54660173	0.42214282	-0.58303955	0.45896241
34.0015	-2.9869199	142.24219	-2.5666582	140.97945	-0.56054976	0.43414623	-0.57815392	0.46852332
34.2015	-3.0816195	139.79091	-2.5417523	140.17563	-0.53559706	0.45276028	-0.57316539	0.4779565
34.4014	-2.9289856	140.68274	-2.5170911	139.37986	-0.55219809	0.45224675	-0.56808263	0.48725227
34.6014	-3.0086565	139.15918	-2.4926507	138.59124	-0.53504825	0.46250688	-0.56290419	0.49641981
34.8013	-3.1545153	138.58557	-2.4684562	137.8105	-0.52155889	0.46004952	-0.55763881	0.50544987
35.0013	-2.9057815	136.76439	-2.4444838	137.03678	-0.52139413	0.49023185	-0.55228475	0.51435151
35.2012	-2.9898887	135.7843	-2.4207579	136.27077	-0.50798959	0.4942692	-0.54685082	0.52311592
35.4012	-2.6931176	137.23003	-2.3972547	135.51165	-0.53838256	0.49802383	-0.54133497	0.53175206
35.6011	-3.1981504	134.9341	-2.3739978	134.76009	-0.48873945	0.48986501	-0.53574607	0.54025152
35.8011	-2.8857095	134.21323	-2.3509639	134.01527	-0.50021103	0.51414071	-0.53008179	0.54862313
36.001	-2.9768662	131.37669	-2.3281755	133.27785	-0.46920487	0.53264514	-0.52435101	0.55685889
36.201	-2.9051349	131.93303	-2.3056096	132.54703	-0.47828825	0.53244315	-0.51855115	0.56496749
36.4009	-2.8989408	130.05486	-2.2832881	131.82347	-0.46090938	0.54822352	-0.51269111	0.57294132
36.6009	-3.0411613	129.26685	-2.2611881	131.10636	-0.4459639	0.54550504	-0.50676803	0.58078891
36.8008	-2.8642983	127.88351	-2.239331	130.39636	-0.44156489	0.56755198	-0.50079082	0.58850304
37.0008	-2.9620864	126.7789	-2.217694	129.69267	-0.42572165	0.56951101	-0.49475638	0.59609208
37.2007	-2.8537207	126.40512	-2.1962978	128.99594	-0.42729515	0.57946063	-0.48867359	0.60354916
37.4007	-2.8608499	124.96849	-2.17512	128.30538	-0.41229447	0.58950727	-0.48253914	0.61088251
37.6006	-2.9812057	124.54043	-2.1541807	127.62163	-0.40226597	0.58441674	-0.47636187	0.61808558
37.8006	-2.7528477	122.93304	-2.1334576	126.94393	-0.39598964	0.61133351	-0.47013826	0.62516644
38.0005	-2.9082046	122.50868	-2.1129704	126.27289	-0.38451169	0.60336073	-0.4638771	0.63211889
38.2005	-2.7319672	121.91064	-2.0926971	125.60776	-0.38594507	0.6197901	-0.45757467	0.6389508
38.4004	-2.8109734	120.45164	-2.0726566	124.94914	-0.36668851	0.62371679	-0.45123973	0.64565631
38.6004	-2.7375181	121.04885	-2.0528274	124.2963	-0.37633887	0.62512518	-0.44486834	0.65224309
38.8003	-2.7455621	117.90459	-2.0332279	123.64983	-0.34116802	0.64422946	-0.43846922	0.65870559
39.0003	-2.7849829	119.66632	-2.0138367	123.00902	-0.35917856	0.63056804	-0.43203824	0.66505132
39.2002	-2.752305	115.59371	-1.9946718	122.37444	-0.31466988	0.65695177	-0.42558406	0.67127499
39.4002	-2.8286614	116.67934	-1.9757123	121.74538	-0.32419791	0.64517525	-0.41910239	0.67738395
39.6001	-2.7365818	114.61729	-1.9569754	121.12242	-0.30397889	0.66341847	-0.41260182	0.68337318
39.8001	-2.8084924	114.43308	-1.9384407	120.50486	-0.29935572	0.65891455	-0.40607788	0.68924983
40	-2.8126459	113.0864	-1.9201249	119.89325	-0.28365167	0.66544967	-0.3995391	0.69500917
